Year,Northeast,Southeast,Midwest,Northern Great Plains,Northwest,Southwest,Southern Great Plains,Alaska,Hawaii,Puerto Rico
1950,8.712,14.721,8.434,2.245,7.278,2.592,7.989,9.167,16.735,
1951,9.289,13.859,8.566,2.983,6.316,2.767,7.921,8.841,18.245,
1952,9.129,12.764,6.2,1.715,3.138,2.987,5.852,11.042,12.778,
1953,9.027,14.903,5.21,2.738,6.833,1.64,6.824,9.887,6.843,
1954,9.199,10.625,7.445,2.201,5.477,2.67,5.589,9.387,17.291,
1955,8.045,12.475,6.112,2.029,6.192,2.564,6.747,10.273,14.811,
1956,6.917,12.884,5.93,1.879,5.838,1.56,4.145,11.32,18.607,
1957,5.9,17.16,8.148,2.913,4.883,2.789,11.053,8.458,13.789,
1958,9.158,14.089,6.744,1.973,5.908,3.085,8.631,10.3,13.198,
1959,8.29,15.274,8.244,2.181,5.409,2.063,9.514,10.66,12.27,
1960,8.262,13.552,6.96,2.229,5.286,2.447,8.633,10.987,14.212,
1961,7.862,16.374,7.935,2.101,6.174,1.802,9.601,11.753,11.917,
1962,8.144,13.859,6.201,3.559,4.783,2.477,7.269,11.59,10.671,
1963,6.631,11.716,5.422,2.3,4.979,2.593,5.568,12.743,16.196,
1964,5.834,17.08,6.639,3.079,6.381,2.16,7.384,8.457,17.671,
1965,4.588,12.959,8.371,2.936,4.736,3.054,8.465,11.16,18.468,
1966,6.698,14.948,6.635,2.246,5.096,2.282,7.016,10.979,12.951,
1967,8.281,13.991,7.033,2.365,5.345,2.909,8.065,11.062,19.618,
1968,7.775,13.274,7.985,2.87,6.284,2.087,9.413,9.907,17.397,
1969,9.115,14.975,7.268,2.547,4.843,3.638,9.405,9.88,20.936,
1970,8.021,13.877,7.874,2.513,6.151,3.005,7.105,11.051,17.438,
1971,7.879,14.697,6.822,3.034,6.287,2.015,8.351,10.862,13.726,
1972,10.787,15.79,7.939,2.399,6.117,2.435,7.78,9.636,13.34,
1973,9.945,18.047,9.109,3.155,5.344,2.89,11.589,8.928,12.205,
1974,8.09,15.37,6.873,1.822,6.56,2.531,9.406,11.435,15.008,
1975,10.26,17.259,7.692,2.831,6.985,2.168,7.875,10.261,12.593,
1976,9.555,13.567,5.066,1.813,3.505,1.537,8.303,13.18,12.683,
1977,10.423,14.466,8.185,3.413,5.254,2.107,7.617,9.64,11.213,
1978,8.545,14.214,7.659,2.858,3.217,3.607,7.297,10.36,15.583,
1979,10.72,19.258,8.176,2.38,5.13,2.75,9.265,10.64,16.574,
1980,6.98,13.476,6.241,2.261,5.793,2.872,6.881,11.72,18.972,
1981,7.616,11.856,8.082,2.543,6.087,2.973,9.385,12.547,10.283,
1982,7.913,16.206,8.677,3.662,6.828,3.628,8.089,8.133,26.589,
1983,12.253,18.176,8.083,2.471,6.856,4.524,7.555,8.653,7.289,
1984,9.164,15.873,8.154,2.598,5.859,2.359,7.679,10.3,10.611,
1985,7.122,14.341,9.596,2.344,3.073,2.277,10.143,10.68,12.429,
1986,8.342,12.935,8.296,3.21,5.535,3.05,10.424,12.72,14.214,
1987,8.144,14.34,6.506,2.617,4.385,2.318,9.585,13.875,17.315,
1988,7.215,13.167,6.099,2.078,5.017,2.21,6.212,12.042,15.054,
1989,9.714,17.064,6.355,1.985,3.952,1.73,8.382,11.14,23.791,
1990,10.744,16.387,10.344,2.057,6.529,1.886,9.426,11.486,19.987,
1991,7.978,17.806,7.982,2.796,5.404,2.801,10.423,13.924,14.3,
1992,7.847,15.561,7.366,2.489,4.601,2.917,10.363,13.479,14.453,
1993,8.507,14.016,9.446,3.968,3.595,3.193,9.009,10.48,9.865,
1994,9.41,17.278,7.352,2.617,5.423,1.997,8.944,12.027,16.693,
1995,7.8,15.962,7.975,3.243,7.593,3.575,9.094,9.033,10.192,
1996,12.791,16.113,8.824,2.839,8.695,3.655,8.476,9.22,18.378,
1997,6.509,15.583,6.655,3.107,6.798,2.709,10.646,10.406,16.117,
1998,9.46,16.414,9.093,3.474,6.927,3.87,9.209,10.364,8.792,
1999,8.961,13.231,7.568,2.993,6.962,2.507,8.131,11.94,11.687,
2000,9.056,12.717,8.006,2.589,3.713,2.55,8.536,8.5,9.495,
2001,6.304,14.967,8.286,2.822,4.644,2.373,8.993,7.625,9.349,
2002,9.237,16.394,8.111,1.869,5.331,2.091,9.315,11.42,12.216,
2003,12.374,16.868,7.493,1.8,5.605,2.079,7.129,10.1,10.469,
2004,9.854,16.622,8.509,2.709,4.403,3.134,11.231,11.94,19.151,
2005,11.355,13.597,7.129,3.354,5.728,3.399,6.787,8.993,13.982,
2006,11.712,14.835,8.179,2.348,7.613,2.733,7.525,10.18,17.377,
2007,9.627,11.779,8.372,3.779,5.055,2.11,11.401,9.62,10.039,
2008,10.447,14.696,10.138,3.424,3.528,2.383,8.971,12.1,10.221,
2009,9.63,18.527,8.922,2.493,4.352,1.888,9.187,10.22,13.352,
2010,10.836,12.816,9.241,3.671,5.928,3.542,8.688,5.993,7.519,
2011,12.691,15.05,8.983,3.567,5.508,1.956,5.003,10.78,12.449,
2012,8.537,13.775,6.235,1.349,7.76,2.239,6.931,9.3,6.0,
2013,9.437,18.153,8.955,3.947,3.5,1.539,8.101,11.812,11.635,
2014,9.661,15.335,8.831,3.134,7.001,2.667,7.67,10.113,13.992,
2015,8.382,17.552,10.372,3.164,6.384,2.262,12.5,10.146,19.732,
2016,7.688,14.766,8.303,3.461,5.888,2.826,9.688,10.1,14.288,
2017,9.668,15.617,8.563,2.627,6.494,3.329,10.07,8.042,12.657,
2018,13.072,19.101,10.298,3.123,4.146,2.278,10.643,7.542,20.757,
2019,9.999,17.401,10.94,4.26,3.404,3.257,9.883,10.773,12.037,
2020,9.144,18.897,8.531,1.94,4.988,1.126,8.236,6.792,13.204,
2021,8.969,15.591,8.206,2.692,5.172,2.409,9.208,10.083,18.783,
