Year,Northeast,Southeast,Midwest,Northern Great Plains,Northwest,Southwest,Southern Great Plains,Alaska,Hawaii,Puerto Rico
1900,142.284,58.833,138.34,157.506,98.294,107.97,89.306,-999.0,-999.0,
1901,143.926,66.792,145.274,166.525,119.912,112.091,104.222,-999.0,-999.0,
1902,131.673,58.994,131.97,166.073,118.568,114.083,75.571,-999.0,-999.0,
1903,137.778,63.923,140.342,173.761,119.207,120.472,82.258,-999.0,-999.0,
1904,163.141,66.709,149.921,174.5,109.0,107.707,88.796,-999.0,-999.0,
1905,148.123,61.813,145.655,171.826,116.9,98.89,82.907,209.0,-999.0,
1906,146.471,58.125,142.125,168.181,106.34,104.114,80.57,240.0,-999.0,
1907,152.753,51.307,157.907,187.434,110.707,91.399,78.695,203.0,-999.0,
1908,147.684,52.017,141.703,176.213,118.26,113.716,80.74,229.0,-999.0,
1909,143.374,55.94,144.493,182.519,119.253,108.568,86.306,231.0,-999.0,
1910,144.494,68.007,141.989,157.956,102.557,101.493,81.487,228.0,-999.0,
1911,149.138,48.5,142.158,175.428,138.06,116.354,77.86,216.0,-999.0,
1912,144.069,70.661,149.284,179.559,121.941,123.354,97.487,226.0,-999.0,
1913,126.339,50.015,133.267,174.208,128.096,118.459,85.803,249.0,-999.0,
1914,149.511,65.792,137.355,166.244,108.093,103.394,85.132,245.0,-999.0,
1915,147.061,64.782,139.7,164.255,109.649,109.3,87.276,234.0,-999.0,
1916,145.046,60.006,144.85,180.958,143.161,117.347,86.157,237.0,-999.0,
1917,160.092,64.978,157.779,186.485,119.42,126.269,92.043,236.0,-999.0,
1918,139.637,53.024,132.259,162.605,115.83,112.255,82.266,245.0,-999.0,
1919,138.139,53.547,140.008,175.011,129.376,117.717,85.372,222.0,-999.0,
1920,143.268,59.537,138.969,175.907,128.238,121.971,86.581,248.0,-999.0,
1921,125.869,37.05,125.951,166.755,112.125,104.176,75.0,240.0,-999.0,
1922,143.656,42.386,130.001,167.112,139.301,116.217,78.459,244.0,-999.0,
1923,146.7,44.681,145.399,175.672,122.399,116.857,76.968,221.0,-999.0,
1924,149.454,63.154,144.66,174.84,119.411,123.133,93.586,231.0,-999.0,
1925,141.161,51.865,151.933,169.841,94.586,111.154,87.408,217.0,-999.0,
1926,157.126,60.231,155.476,173.579,103.506,103.454,84.93,211.0,-999.0,
1927,133.615,44.053,127.217,169.629,112.815,107.439,76.36,248.0,-999.0,
1928,145.615,58.56,140.881,176.518,116.914,112.705,78.459,244.0,-999.0,
1929,137.006,54.712,139.583,174.053,137.957,125.787,89.791,224.0,-999.0,
1930,139.172,56.943,139.906,165.665,122.891,115.62,84.092,235.0,-999.0,
1931,129.644,41.446,125.15,163.443,117.359,109.756,67.899,248.0,-999.0,
1932,138.437,46.336,141.898,168.596,109.405,120.818,87.047,222.0,-999.0,
1933,142.489,40.832,139.076,167.544,113.578,117.67,68.07,267.0,-999.0,
1934,146.385,57.489,139.978,161.04,81.118,95.453,73.782,242.0,-999.0,
1935,141.316,52.935,137.631,174.51,136.369,115.997,68.543,244.0,-999.0,
1936,144.592,57.184,151.483,174.876,126.795,112.51,87.276,238.0,-999.0,
1937,144.178,52.722,149.15,168.709,110.119,117.113,87.739,243.0,-999.0,
1938,133.594,47.299,129.25,157.837,115.333,109.475,73.021,230.0,-999.0,
1939,150.639,49.742,144.404,165.536,111.595,109.913,75.359,243.0,-999.0,
1940,149.489,64.273,145.133,162.859,95.725,98.384,83.141,240.0,-999.0,
1941,146.483,60.109,133.015,162.484,101.062,101.173,71.377,240.0,-999.0,
1942,142.425,59.492,143.455,171.025,117.049,116.906,84.759,218.0,-999.0,
1943,154.022,63.945,152.165,172.487,120.833,105.556,91.261,224.0,-999.0,
1944,153.961,56.013,141.87,171.28,123.382,118.484,81.487,231.0,-999.0,
1945,136.77,51.341,138.071,176.462,109.667,117.403,80.803,236.0,-999.0,
1946,132.494,42.29,120.727,165.171,114.917,113.873,64.735,221.0,-999.0,
1947,154.656,63.133,145.065,170.114,101.865,116.107,97.598,247.0,-999.0,
1948,134.782,54.987,134.135,171.907,128.241,126.368,91.219,257.0,-999.0,
1949,132.778,45.86,137.491,168.232,128.017,119.657,80.09,238.0,-999.0,
1950,141.241,59.078,149.637,178.623,108.354,108.95,89.444,250.0,-999.0,
1951,137.839,58.804,146.09,184.077,124.271,118.189,94.316,225.0,-999.0,
1952,140.061,53.509,148.893,177.498,126.732,117.788,85.534,240.0,-999.0,
1953,125.81,51.668,135.612,167.695,95.066,113.242,76.688,214.0,-999.0,
1954,141.217,60.838,141.922,167.984,122.374,108.217,76.969,231.0,-999.0,
1955,142.15,65.524,139.065,171.316,132.938,120.154,90.299,239.0,-999.0,
1956,152.878,56.381,147.393,176.207,119.825,115.067,89.265,233.0,-999.0,
1957,141.817,48.085,141.595,169.24,114.399,102.353,75.953,232.0,-999.0,
1958,146.437,70.026,144.282,166.462,96.744,105.097,90.623,229.0,-999.0,
1959,147.733,61.438,146.635,178.248,119.641,113.837,91.64,240.0,-999.0,
1960,147.633,79.765,148.214,173.679,120.374,111.541,93.978,230.0,-999.0,
1961,143.144,60.039,146.206,178.275,111.957,113.436,87.838,230.0,-999.0,
1962,155.983,63.564,147.087,162.061,108.405,108.538,81.654,241.0,-999.0,
1963,149.111,76.104,138.81,156.208,104.586,106.226,89.273,228.0,-999.0,
1964,148.972,64.442,142.448,175.527,131.27,121.519,90.808,234.0,-999.0,
1965,149.478,62.639,140.743,172.824,117.302,107.465,80.346,229.0,-999.0,
1966,152.144,67.635,150.59,177.405,108.299,111.022,92.577,231.0,-999.0,
1967,149.572,63.253,144.531,174.572,111.429,112.396,83.09,240.0,-999.0,
1968,140.872,78.526,138.938,171.423,111.333,112.904,87.671,244.0,-999.0,
1969,151.256,71.92,149.015,173.858,125.784,110.824,85.248,238.0,-999.0,
1970,141.828,66.382,142.907,186.45,126.776,116.843,92.321,242.0,-999.0,
1971,145.522,59.315,143.191,170.458,122.256,118.0,81.496,233.0,-999.0,
1972,152.994,55.122,148.583,173.498,113.17,108.462,88.504,242.0,-999.0,
1973,126.372,56.433,123.693,165.803,110.397,110.447,77.897,235.0,-999.0,
1974,150.603,54.005,142.688,168.409,109.172,107.308,78.91,-999.0,-999.0,
1975,141.732,60.151,143.318,171.928,125.046,123.215,89.957,239.0,-999.0,
1976,157.35,74.076,156.494,173.53,126.21,118.624,91.974,228.0,-999.0,
1977,140.144,69.419,130.28,158.551,118.463,107.183,81.538,228.0,-999.0,
1978,156.522,76.575,146.436,165.936,115.761,99.131,95.179,224.0,-999.0,
1979,136.155,72.217,147.332,177.948,110.973,110.827,94.637,228.0,-999.0,
1980,150.972,68.217,149.522,166.591,107.195,102.968,87.419,249.0,-999.0,
1981,147.144,71.129,138.804,158.142,104.879,95.333,71.397,229.0,-999.0,
1982,141.439,58.164,136.723,168.386,124.753,109.096,84.889,222.0,-999.0,
1983,135.764,62.54,139.008,168.023,95.408,97.302,85.73,232.0,-999.0,
1984,134.167,59.816,138.953,172.876,116.917,112.413,85.048,235.0,-999.0,
1985,137.21,65.227,134.134,167.63,144.443,109.561,88.095,226.0,-999.0,
1986,141.422,55.079,133.197,154.5,100.784,91.375,72.329,220.0,-999.0,
1987,142.517,62.314,133.901,157.739,106.253,101.417,74.286,226.0,-999.0,
1988,147.822,71.085,150.664,167.926,105.135,101.386,86.265,210.0,-999.0,
1989,147.776,65.25,151.498,170.328,108.532,105.627,88.658,213.0,-999.0,
1990,125.778,43.812,138.144,171.692,104.529,108.731,71.321,221.0,-999.0,
1991,133.046,53.592,137.936,170.425,106.589,105.931,75.778,226.0,-999.0,
1992,143.878,54.383,137.906,166.237,88.494,98.337,68.088,248.0,-999.0,
1993,143.655,63.269,144.963,171.428,117.023,103.059,87.449,213.0,-999.0,
1994,143.9,53.621,133.549,162.486,102.414,103.742,77.615,229.0,-999.0,
1995,145.987,64.546,143.543,168.344,91.856,93.237,77.419,212.0,-999.0,
1996,147.074,68.072,151.697,178.082,103.598,98.626,90.457,239.0,-999.0,
1997,150.411,54.241,148.165,170.967,102.61,101.783,83.389,227.0,-999.0,
1998,120.611,42.855,113.407,155.706,87.307,99.789,67.311,231.0,-999.0,
1999,136.895,54.693,130.302,165.373,107.946,105.535,71.15,229.0,-999.0,
2000,139.375,65.478,133.748,164.373,111.836,96.622,83.611,231.0,-999.0,
2001,141.452,57.279,128.68,161.2,108.711,97.349,77.759,224.0,-999.0,
2002,144.512,64.034,145.563,181.453,113.634,107.733,87.607,226.0,-999.0,
2003,140.208,61.914,137.173,159.032,93.135,93.887,80.047,229.0,-999.0,
2004,133.103,58.25,127.972,161.155,91.94,91.827,71.623,236.0,-999.0,
2005,137.161,56.917,132.409,162.212,100.429,93.206,74.509,208.0,-999.0,
2006,125.443,54.318,126.814,166.508,101.12,103.052,75.658,214.0,-999.0,
2007,141.615,58.464,135.227,156.704,111.161,101.696,87.185,224.0,-999.0,
2008,142.144,64.533,144.861,176.134,120.035,112.262,94.403,226.0,-999.0,
2009,134.989,60.022,135.37,171.078,125.12,107.212,85.491,222.0,-999.0,
2010,135.851,75.913,133.617,159.93,98.132,104.597,86.802,222.0,-999.0,
2011,129.633,59.054,135.621,169.631,120.315,109.755,87.838,231.0,-999.0,
2012,127.328,50.087,127.451,156.314,103.56,98.85,73.031,237.0,-999.0,
2013,145.925,69.437,154.842,184.489,117.962,117.16,99.969,213.0,-999.0,
2014,141.845,74.0,146.195,169.436,94.276,94.163,93.811,234.0,-999.0,
2015,131.889,56.475,127.098,155.881,86.79,94.85,77.031,231.0,-999.0,
2016,135.394,54.469,124.163,151.492,82.732,95.677,73.979,220.0,-999.0,
2017,128.178,47.639,125.546,161.451,108.938,94.701,68.373,214.0,-999.0,
2018,146.976,62.126,155.371,179.958,108.077,104.699,95.766,224.0,-999.0,
2019,139.689,52.208,145.61,176.41,123.173,108.096,90.154,219.0,-999.0,
2020,126.925,42.316,140.971,168.278,102.885,108.81,77.972,189.0,-999.0,
