Year,Northeast,Southeast,Midwest,Northern Great Plains,Northwest,Southwest,Southern Great Plains,Alaska,Hawaii,Puerto Rico
1950,0.0,0.563,0.018,0.372,1.157,16.517,5.09,0.0,0.0,
1951,0.005,4.348,0.162,0.905,1.767,18.905,21.806,0.0,0.0,
1952,0.276,9.508,1.827,2.944,1.264,17.387,25.425,0.0,0.0,
1953,1.107,5.702,3.22,1.917,0.979,17.873,26.73,0.0,0.0,
1954,0.487,16.303,5.737,4.417,0.447,16.386,33.477,0.0,0.0,
1955,0.581,0.558,1.666,4.922,1.902,14.993,11.302,0.0,0.0,
1956,0.0,3.4,1.168,2.164,1.602,16.966,30.981,0.0,0.0,
1957,0.283,0.742,0.433,1.876,0.228,15.552,17.114,0.0,0.0,
1958,0.0,0.183,0.03,1.586,2.505,19.824,12.11,0.0,0.0,
1959,0.087,0.622,0.09,3.378,2.692,17.711,7.592,0.0,0.0,
1960,0.0,0.74,0.233,3.649,3.883,22.195,11.291,0.0,0.0,
1961,0.0,0.1,0.017,3.115,5.144,16.961,3.767,0.0,0.0,
1962,0.035,1.994,0.438,0.368,1.114,15.329,15.464,0.0,0.0,
1963,0.035,1.613,0.492,1.944,0.397,13.702,20.917,0.0,0.0,
1964,0.06,2.27,0.728,3.021,0.779,14.026,20.647,0.0,0.0,
1965,0.005,0.252,0.188,1.18,1.134,10.309,9.087,0.0,0.0,
1966,0.443,1.785,1.36,2.907,1.059,14.769,10.857,0.0,0.0,
1967,0.0,0.056,0.043,0.903,4.555,14.214,9.109,0.0,0.0,
1968,0.003,0.819,0.012,1.225,2.369,13.149,5.067,0.0,0.0,
1969,0.0,2.599,0.234,2.219,1.003,16.82,20.471,0.0,0.0,
1970,0.005,1.337,0.537,3.102,2.157,16.633,17.346,0.0,0.0,
1971,0.0,0.647,0.275,2.74,4.109,16.265,8.626,0.0,0.0,
1972,0.0,0.576,0.128,0.491,2.426,14.792,5.575,0.0,0.0,
1973,0.034,0.105,0.125,2.627,1.934,17.135,6.114,0.0,0.0,
1974,0.0,0.402,1.039,3.543,1.627,16.916,11.969,0.0,0.0,
1975,0.155,0.105,0.249,2.003,1.941,13.847,4.051,0.0,0.0,
1976,0.0,0.206,0.583,3.584,0.414,12.513,5.592,0.0,0.0,
1977,0.179,2.815,0.544,1.919,3.319,16.403,12.711,0.0,0.0,
1978,0.022,2.369,0.369,2.248,2.086,19.507,23.252,0.0,0.0,
1979,0.0,0.131,0.057,1.087,2.098,16.836,5.611,0.0,0.0,
1980,0.272,10.772,4.067,4.285,0.717,20.183,37.336,0.0,0.0,
1981,0.0,1.967,0.047,1.882,2.762,19.145,9.386,0.0,0.0,
1982,0.007,0.159,0.106,1.063,0.914,11.189,10.861,0.0,0.0,
1983,0.259,3.945,3.065,5.356,0.881,13.641,16.672,0.0,0.0,
1984,0.007,0.423,0.545,2.104,1.132,14.521,12.666,0.0,0.0,
1985,0.015,1.573,0.192,2.428,2.471,17.618,15.603,0.0,0.0,
1986,0.024,3.647,0.328,0.642,1.532,14.811,9.127,0.0,0.0,
1987,0.063,1.998,0.977,1.725,1.454,15.419,6.806,0.0,0.0,
1988,1.405,2.798,5.139,8.185,2.535,17.424,10.736,0.0,0.0,
1989,0.005,0.16,0.194,3.018,0.68,18.444,7.444,0.0,0.0,
1990,0.057,3.435,0.527,2.533,3.39,16.852,14.273,0.0,0.0,
1991,0.449,0.448,0.583,2.409,1.061,13.937,6.867,0.0,0.0,
1992,0.002,0.173,0.002,0.122,3.509,14.872,2.513,0.0,0.0,
1993,0.209,2.804,0.032,0.044,0.199,14.198,8.898,0.0,0.0,
1994,0.061,0.042,0.031,0.602,3.485,22.165,11.838,0.0,0.0,
1995,0.267,2.057,0.695,2.392,0.39,17.407,10.311,0.0,0.0,
1996,0.005,0.413,0.008,0.662,2.986,21.323,11.771,0.0,0.0,
1997,0.177,0.697,0.137,0.494,0.572,16.222,6.555,0.0,0.0,
1998,0.027,4.759,0.138,1.735,3.657,17.756,30.128,0.0,0.0,
1999,0.693,3.973,0.783,1.298,0.884,13.106,14.136,0.0,0.0,
2000,0.015,6.504,0.763,3.099,1.486,20.83,28.326,0.0,0.0,
2001,0.239,0.472,0.151,2.537,1.985,21.313,19.782,0.0,0.0,
2002,0.148,1.08,0.181,4.958,2.717,22.332,8.582,0.0,0.0,
2003,0.0,0.428,0.796,4.893,4.786,23.543,15.616,0.0,0.0,
2004,0.0,0.127,0.007,0.882,2.05,15.19,4.648,0.0,0.0,
2005,0.066,1.468,0.554,2.691,1.807,18.853,11.349,0.0,0.0,
2006,0.121,3.278,0.88,5.152,3.803,20.4,21.969,0.0,0.0,
2007,0.187,5.372,0.826,4.277,2.708,19.471,4.549,0.0,0.0,
2008,0.015,1.421,0.017,0.846,2.042,17.181,11.401,0.0,0.0,
2009,0.01,1.039,0.016,0.164,2.49,18.715,17.849,0.0,0.0,
2010,0.562,4.249,0.343,0.883,0.639,17.099,14.113,0.0,0.0,
2011,0.599,6.672,1.534,1.385,0.236,18.971,49.987,0.0,0.0,
2012,0.681,5.701,4.451,6.074,1.993,21.214,27.593,0.0,0.0,
2013,0.022,0.392,0.211,1.097,2.232,18.705,14.62,0.0,0.0,
2014,0.0,0.22,0.115,0.504,2.62,16.769,10.218,0.0,0.0,
2015,0.004,1.393,0.017,1.125,5.468,17.505,10.106,0.0,0.0,
2016,0.083,0.954,0.045,1.524,1.455,18.565,12.353,0.0,0.0,
2017,0.013,0.122,0.12,2.624,3.325,19.867,9.149,0.0,0.0,
2018,0.066,0.563,0.176,1.384,3.014,21.628,15.53,0.0,0.0,
2019,0.051,1.487,0.008,0.263,0.601,17.923,14.481,0.0,0.0,
2020,0.051,0.215,0.04,1.345,2.664,27.282,15.422,0.0,0.0,
2021,0.048,0.196,0.125,3.948,6.336,23.044,7.617,0.0,0.0,
