Year,Alaska,Hawaii,Midwest,Northeast,Northern Great Plains,Northwest,Southeast,Southern Great Plains,Southwest
1895,-999.0,-999.0,3.3,8.1,0.33,19.25,28.34,24.14,22.22
1896,-999.0,-999.0,14.92,15.4,9.18,23.32,33.78,30.27,23.54
1897,-999.0,-999.0,14.69,14.71,9.18,23.55,34.4,30.71,24.67
1898,-999.0,-999.0,14.01,16.89,9.12,21.63,35.69,30.66,21.28
1899,-999.0,-999.0,7.1,12.5,2.49,19.57,31.22,24.28,20.98
1900,-999.0,-999.0,11.71,15.4,8.54,23.05,32.47,30.66,25.0
1901,-999.0,-999.0,12.08,13.0,9.51,23.45,33.18,30.04,24.27
1902,-999.0,-999.0,10.33,13.2,9.68,22.89,29.82,27.99,23.97
1903,-999.0,-999.0,11.69,14.63,4.96,19.36,34.31,29.74,20.92
1904,-999.0,-999.0,4.95,7.84,6.52,22.08,30.22,28.88,22.08
1905,-999.0,-999.0,6.62,8.5,5.22,21.41,29.38,25.35,24.91
1906,-999.0,-999.0,14.52,17.01,10.63,21.82,33.35,29.09,23.21
1907,-999.0,-999.0,13.08,11.44,7.02,22.7,37.19,34.66,28.29
1908,-999.0,-999.0,15.4,14.63,11.28,23.07,33.36,32.37,24.78
1909,-999.0,-999.0,14.83,16.81,7.86,21.53,37.21,32.37,25.24
1910,-999.0,-999.0,9.26,14.19,3.11,16.46,30.68,27.01,20.1
1911,-999.0,-999.0,13.34,13.52,6.76,20.93,35.85,33.65,25.67
1912,-999.0,-999.0,8.14,12.62,6.86,22.26,31.37,26.82,21.05
1913,-999.0,-999.0,12.43,18.13,5.67,17.52,36.56,28.58,19.37
1914,-999.0,-999.0,14.73,13.21,9.15,22.7,34.36,31.6,24.02
1915,-999.0,-999.0,12.98,16.27,6.68,19.45,34.01,30.0,22.28
1916,-999.0,-999.0,11.91,15.67,3.75,18.67,34.98,30.86,24.56
1917,-999.0,-999.0,6.52,12.78,1.25,16.72,34.43,29.04,19.66
1918,-999.0,-999.0,4.62,6.42,4.11,25.6,29.3,25.31,23.58
1919,-999.0,-999.0,18.39,18.55,11.93,21.27,35.64,30.63,20.6
1920,-999.0,-999.0,8.43,9.21,7.81,18.23,33.75,30.27,24.4
1921,-999.0,-999.0,18.97,17.87,13.11,23.53,36.25,32.82,23.95
1922,-999.0,-999.0,12.66,13.75,3.87,15.94,37.46,31.05,22.45
1923,-999.0,-999.0,12.2,12.07,6.64,19.11,37.31,33.18,24.56
1924,-999.0,-999.0,14.14,16.32,9.19,21.45,34.87,30.1,22.37
1925,-15.25,-999.0,11.25,14.28,7.47,21.77,36.05,28.75,21.63
1926,0.1,-999.0,14.34,14.77,14.53,25.69,33.95,30.54,24.15
1927,-2.9,-999.0,14.0,15.3,9.03,22.51,38.31,33.11,25.45
1928,0.97,-999.0,12.96,16.02,6.28,19.47,33.32,29.92,22.68
1929,4.23,-999.0,8.73,15.45,1.83,13.57,33.45,27.93,19.86
1930,-5.27,-999.0,13.74,16.15,7.85,19.9,35.28,29.47,23.73
1931,2.57,-999.0,19.19,15.78,15.65,20.58,33.29,32.97,22.71
1932,-10.6,-999.0,20.89,21.91,9.08,17.61,42.49,34.98,21.01
1933,-7.93,-999.0,14.25,19.44,5.79,15.67,37.62,30.06,17.06
1934,-9.63,-999.0,13.64,9.66,13.65,28.67,35.55,32.93,26.93
1935,-0.3,-999.0,13.96,12.53,11.04,22.42,34.4,32.69,25.64
1936,-5.7,-999.0,5.29,10.7,-0.04,19.37,29.64,27.21,24.0
1937,-3.1,-999.0,12.47,19.89,1.99,14.97,39.06,30.63,18.68
1938,-7.83,-999.0,14.79,15.84,8.9,24.69,36.35,34.16,26.16
1939,-2.33,-999.0,14.36,16.48,8.87,21.88,35.94,30.79,21.95
1940,1.53,-999.0,13.05,13.24,9.94,26.14,29.73,28.0,26.25
1941,-0.93,-999.0,15.69,15.43,11.78,24.47,34.29,33.74,27.55
1942,4.43,-999.0,16.52,15.21,10.17,20.43,32.68,30.46,22.91
1943,-9.83,-999.0,11.32,13.78,7.69,21.23,34.5,31.01,25.47
1944,1.83,-999.0,16.0,14.17,10.44,20.38,35.44,31.78,22.63
1945,4.47,-999.0,12.14,12.05,10.37,23.24,33.48,31.34,24.49
1946,-1.57,-999.0,12.48,13.33,8.93,21.34,33.64,30.21,21.38
1947,-10.7,-999.0,14.01,16.07,9.77,21.88,34.18,30.01,24.11
1948,-1.93,-999.0,10.71,10.5,8.42,21.64,32.63,29.16,21.81
1949,-9.0,-999.0,14.35,20.33,0.16,11.66,39.84,30.66,17.92
1950,-8.3,-999.0,13.65,18.74,3.0,17.76,40.03,33.45,22.41
1951,-7.37,-999.0,10.98,17.1,8.33,24.14,32.68,28.88,24.93
1952,-6.57,-999.0,15.14,17.88,6.28,18.15,38.35,33.71,22.55
1953,-4.57,-999.0,17.84,20.47,14.1,26.5,36.07,31.82,24.99
1954,-8.83,-999.0,16.94,18.52,13.15,24.56,35.35,32.03,24.74
1955,-7.53,-999.0,14.38,15.71,8.94,18.91,33.41,30.95,19.76
1956,-10.8,-999.0,11.59,15.71,5.58,20.37,34.43,30.13,24.93
1957,-5.47,-999.0,14.46,16.67,7.35,18.13,39.69,34.05,24.73
1958,-3.97,-999.0,14.36,16.09,13.63,26.61,30.61,31.01,26.02
1959,-1.23,-999.0,8.31,10.42,6.55,25.33,32.66,28.81,24.93
1960,-1.7,-999.0,17.16,19.09,10.05,19.46,34.09,30.14,22.16
1961,1.63,-999.0,12.96,10.8,12.11,24.3,31.45,29.54,23.48
1962,-4.1,-999.0,10.83,14.26,5.85,20.2,35.0,29.54,22.81
1963,1.63,-999.0,7.27,9.95,8.63,23.3,28.58,27.16,23.86
1964,-1.8,-999.0,12.05,12.77,9.95,20.31,29.29,26.94,19.78
1965,-12.5,-999.0,10.63,14.2,6.32,23.75,34.52,30.46,25.03
1966,-6.4,-999.0,13.57,16.27,7.16,22.23,32.8,30.04,21.87
1967,-5.7,-999.0,12.23,15.57,10.96,25.98,33.18,28.83,23.67
1968,-3.2,-999.0,12.57,12.21,8.43,22.51,31.72,30.21,23.45
1969,-8.4,-999.0,13.34,15.33,4.8,20.05,32.37,31.41,24.05
1970,0.17,-999.0,10.24,11.69,10.2,25.39,29.91,30.26,26.01
1971,-11.47,-999.0,11.7,13.35,7.56,22.65,34.07,31.39,23.68
1972,-8.43,-999.0,12.25,15.65,5.61,20.69,38.24,32.04,22.92
1973,-5.73,-999.0,14.51,16.75,8.09,19.92,34.06,28.59,21.71
1974,-8.17,-999.0,13.46,17.34,10.36,23.58,37.23,29.74,22.63
1975,-9.4,-999.0,16.36,18.74,9.16,22.04,36.77,30.69,22.34
1976,-9.3,-999.0,15.65,14.56,13.2,23.52,33.8,31.91,24.58
1977,6.73,-999.0,5.98,9.35,9.17,20.03,27.57,27.44,22.01
1978,1.17,-999.0,6.46,11.09,4.11,26.54,28.45,26.1,27.53
1979,-3.1,-999.0,5.44,12.78,-1.03,16.15,30.84,25.83,20.57
1980,-4.97,-999.0,14.27,16.24,10.36,23.91,33.06,30.94,26.89
1981,0.63,-999.0,14.29,12.65,14.44,26.02,30.81,31.94,26.98
1982,-4.27,-999.0,8.84,13.24,5.44,21.86,32.55,29.08,24.8
1983,-1.0,-999.0,20.68,19.42,16.14,25.83,36.31,32.29,26.17
1984,-4.3,-999.0,11.86,16.25,8.11,20.0,31.78,26.78,23.29
1985,1.63,-999.0,11.77,16.72,4.55,16.19,34.09,30.37,22.64
1986,4.6,-999.0,11.26,14.82,10.75,21.8,32.98,30.94,27.02
1987,4.0,-999.0,19.36,15.94,15.63,22.36,35.17,33.15,24.21
1988,-0.03,-999.0,13.31,16.01,9.28,21.78,33.14,29.42,22.99
1989,-3.0,-999.0,13.84,16.48,7.65,18.53,35.71,31.32,21.51
1990,-8.0,-999.0,14.51,15.28,11.6,23.16,35.49,30.45,22.71
1991,-3.87,-999.0,14.6,19.1,9.15,20.33,37.27,30.8,22.51
1992,-3.23,-999.0,20.31,17.74,16.84,26.36,37.16,35.73,25.7
1993,-1.6,-999.0,14.49,15.92,4.65,17.77,36.19,31.73,23.9
1994,1.5,-999.0,10.7,11.47,8.61,24.09,33.61,31.08,23.7
1995,-1.7,-999.0,16.97,18.5,13.57,25.33,36.13,34.32,28.28
1996,-4.37,-999.0,11.75,14.6,8.21,23.25,33.02,30.68,26.89
1997,-1.5,-999.0,14.42,19.91,8.1,22.97,36.99,31.87,25.64
1998,-1.9,-999.0,23.69,22.51,15.84,24.84,37.63,33.87,25.6
1999,-8.47,-999.0,18.35,19.3,14.1,23.34,38.32,34.48,25.43
2000,-2.07,-999.0,17.92,17.91,15.38,25.08,35.43,34.43,26.76
2001,8.5,-999.0,11.07,15.16,7.39,21.72,32.44,30.25,24.25
2002,-0.6,-999.0,21.46,22.77,13.25,22.13,36.12,31.84,23.39
2003,7.53,-999.0,13.51,13.43,12.27,26.5,32.86,31.46,27.02
2004,-2.1,-999.0,15.53,14.45,11.81,23.8,32.95,31.98,24.53
2005,0.83,-999.0,17.36,16.6,13.3,24.15,36.74,34.7,27.93
2006,0.43,-999.0,18.9,19.82,14.73,22.85,34.92,31.76,25.07
2007,-0.3,-999.0,16.43,18.47,11.0,22.1,35.47,31.18,23.25
2008,-3.87,-999.0,13.26,18.63,8.3,21.17,36.31,31.02,23.05
2009,-3.87,-999.0,10.75,15.06,8.75,21.35,34.7,31.38,25.4
2010,1.07,-999.0,13.46,18.72,7.4,23.97,31.54,28.76,23.8
2011,-3.63,-999.0,12.65,15.41,7.98,22.69,31.91,29.25,24.6
2012,-4.17,-999.0,21.1,21.94,14.08,22.29,38.17,33.88,24.35
2013,-1.4,-999.0,17.37,20.36,11.88,22.13,38.14,32.84,22.23
2014,4.13,-999.0,6.62,13.83,6.47,22.24,32.73,28.09,25.38
2015,5.37,-999.0,13.3,12.86,13.35,27.98,33.45,32.33,29.09
2016,8.03,-999.0,21.2,22.63,16.31,25.29,38.61,34.0,25.52
2017,-1.33,-999.0,20.36,22.14,10.33,19.03,40.5,35.55,27.09
2018,6.5,-999.0,13.52,17.24,8.18,23.98,36.57,30.63,26.29
2019,3.97,-999.0,15.27,18.1,8.26,22.07,39.01,33.07,24.75
2020,-6.17,-999.0,18.95,21.51,13.46,24.72,39.54,33.77,26.12
2021,0.83,-999.0,15.91,20.35,12.03,23.78,34.94,29.99,24.52
