Year,Alaska,Hawaii,Midwest,Northeast,Northern Great Plains,Northwest,Southeast,Southern Great Plains,Southwest
1895,-999.0,-999.0,10.43,10.15,6.32,1.43,15.4,11.99,3.36
1896,-999.0,-999.0,12.09,11.85,6.02,2.82,14.08,5.8,3.53
1897,-999.0,-999.0,10.98,14.41,6.64,3.82,13.23,8.16,3.03
1898,-999.0,-999.0,10.99,12.69,5.6,2.62,18.14,10.16,3.66
1899,-999.0,-999.0,11.18,10.26,6.86,3.12,12.98,10.09,3.53
1900,-999.0,-999.0,13.29,10.79,6.17,2.82,16.5,9.16,1.98
1901,-999.0,-999.0,9.03,13.24,7.3,1.97,17.11,5.37,2.77
1902,-999.0,-999.0,14.94,13.55,7.09,2.7,11.4,8.7,2.54
1903,-999.0,-999.0,12.03,15.44,7.61,3.57,14.63,9.62,2.93
1904,-999.0,-999.0,11.04,11.82,6.55,2.8,15.02,11.02,3.78
1905,-999.0,-999.0,13.61,14.21,8.43,3.19,16.72,9.45,2.44
1906,-999.0,-999.0,11.35,13.18,7.13,3.51,18.68,11.67,3.78
1907,-999.0,-999.0,12.83,11.19,7.61,4.6,13.61,8.06,4.0
1908,-999.0,-999.0,10.2,10.34,7.72,3.66,16.34,10.63,3.74
1909,-999.0,-999.0,11.51,9.35,7.64,2.79,16.15,8.24,4.04
1910,-999.0,-999.0,8.19,10.17,4.68,1.28,18.0,5.79,2.8
1911,-999.0,-999.0,9.87,13.2,6.17,2.63,15.4,7.52,3.68
1912,-999.0,-999.0,11.39,11.0,7.25,5.23,15.46,8.03,4.01
1913,-999.0,-999.0,9.1,8.57,6.17,5.68,12.42,5.85,3.98
1914,-999.0,-999.0,10.85,11.16,7.18,2.97,13.47,9.4,4.63
1915,-999.0,-999.0,14.78,15.24,10.18,2.73,15.72,11.94,3.07
1916,-999.0,-999.0,10.46,12.47,7.43,4.28,18.42,7.75,3.39
1917,-999.0,-999.0,10.6,14.56,3.85,1.46,15.06,6.33,2.57
1918,-999.0,-999.0,9.07,10.94,6.41,3.02,12.23,5.4,3.55
1919,-999.0,-999.0,10.94,12.7,4.54,0.93,16.86,10.7,3.43
1920,-999.0,-999.0,10.5,13.43,6.4,3.7,16.84,10.83,3.32
1921,-999.0,-999.0,10.55,10.76,6.42,2.22,13.08,10.21,5.07
1922,-999.0,-999.0,8.93,15.03,6.66,2.73,14.72,6.61,3.16
1923,-999.0,-999.0,10.86,9.83,9.27,4.93,15.52,7.73,4.32
1924,-999.0,-999.0,13.8,10.9,6.41,1.98,12.09,6.06,1.85
1925,9.4,-999.0,11.19,11.16,7.03,2.95,10.58,6.95,4.5
1926,7.73,-999.0,11.54,12.2,6.75,2.77,16.18,9.27,2.71
1927,9.25,-999.0,9.51,12.32,7.15,2.58,15.25,10.61,4.18
1928,11.77,-999.0,14.84,15.8,8.83,2.0,20.23,10.83,2.72
1929,10.17,-999.0,9.6,9.06,4.39,2.66,13.0,6.01,4.11
1930,12.41,-999.0,7.27,9.14,5.68,2.0,9.53,5.72,3.77
1931,10.09,-999.0,9.9,13.3,5.06,2.63,13.54,7.2,3.55
1932,12.41,-999.0,11.55,11.07,7.09,2.55,14.2,9.77,3.77
1933,8.6,-999.0,6.96,12.46,5.11,2.18,14.33,7.71,3.11
1934,8.97,-999.0,9.01,10.99,4.93,2.19,15.19,4.34,2.77
1935,9.91,-999.0,12.95,13.21,5.57,1.82,14.72,8.81,2.86
1936,8.09,-999.0,6.28,10.46,3.96,4.03,12.85,5.16,3.93
1937,9.99,-999.0,10.58,13.4,6.77,4.68,15.22,7.16,3.08
1938,11.45,-999.0,11.75,14.22,6.31,2.46,15.84,8.11,3.15
1939,12.47,-999.0,12.25,10.55,6.26,2.49,17.25,8.04,2.3
1940,9.12,-999.0,11.56,11.07,5.52,1.63,17.92,9.46,2.37
1941,8.51,-999.0,10.51,12.57,7.98,5.29,17.23,11.78,4.29
1942,11.05,-999.0,12.71,13.06,6.73,3.18,16.6,11.07,2.65
1943,11.38,-999.0,12.21,11.68,7.71,3.65,12.6,6.2,3.38
1944,11.7,-999.0,11.66,9.79,9.75,3.66,12.76,8.95,2.55
1945,12.12,-999.0,11.65,13.05,6.99,2.29,16.42,10.04,3.9
1946,8.91,-999.0,10.64,12.06,6.19,3.2,15.23,7.0,3.36
1947,9.74,-999.0,11.39,12.87,8.18,4.72,13.09,6.37,3.46
1948,9.93,-999.0,10.79,11.73,8.43,5.02,13.6,9.22,3.21
1949,10.8,-999.0,12.27,9.89,5.62,1.53,18.17,9.36,3.47
1950,9.4,-999.0,11.93,12.09,6.58,3.7,16.6,12.03,3.05
1951,11.19,-999.0,14.18,12.07,8.5,2.4,13.42,9.51,3.31
1952,9.67,-999.0,12.42,11.04,5.99,3.58,11.37,4.63,3.25
1953,10.11,-999.0,10.23,8.87,6.73,3.62,12.8,7.3,3.32
1954,9.27,-999.0,11.24,12.25,6.96,4.79,9.43,4.82,3.12
1955,11.63,-999.0,10.36,13.65,5.99,2.99,14.7,7.34,3.94
1956,10.0,-999.0,11.69,12.16,6.56,3.56,12.4,4.45,2.29
1957,6.55,-999.0,12.4,8.67,7.61,2.56,13.68,7.28,3.84
1958,11.28,-999.0,14.46,13.76,7.39,3.81,16.0,9.84,3.18
1959,10.81,-999.0,10.7,12.22,5.12,2.45,15.38,10.41,3.34
1960,10.7,-999.0,11.29,11.2,5.78,2.19,14.81,11.1,2.38
1961,12.74,-999.0,10.73,12.1,4.5,2.33,16.54,11.45,3.73
1962,10.18,-999.0,10.92,10.16,8.64,2.52,13.86,9.53,2.35
1963,12.02,-999.0,10.15,9.87,7.81,3.98,13.46,7.12,3.84
1964,9.02,-999.0,10.7,9.37,8.23,5.25,15.47,6.8,3.02
1965,10.31,-999.0,11.42,9.04,8.16,4.43,15.05,8.13,4.63
1966,8.94,-999.0,10.01,8.26,7.38,2.8,13.08,9.03,3.42
1967,12.44,-999.0,10.98,12.63,6.79,2.44,16.82,8.64,4.75
1968,6.79,-999.0,12.19,9.56,8.4,5.09,12.94,9.88,4.06
1969,8.64,-999.0,12.51,13.03,7.39,3.04,14.69,7.48,4.1
1970,10.61,-999.0,10.09,11.44,5.51,2.76,14.68,5.59,3.68
1971,10.04,-999.0,9.71,11.87,5.24,3.6,15.9,10.03,3.27
1972,8.17,-999.0,12.06,15.4,6.89,3.23,13.52,9.33,3.54
1973,10.18,-999.0,11.38,12.1,5.24,2.14,14.21,10.29,2.8
1974,8.53,-999.0,11.15,11.94,5.15,2.54,16.28,8.95,2.75
1975,9.36,-999.0,12.2,13.72,7.47,4.54,16.11,9.61,2.92
1976,7.12,-999.0,8.36,13.62,5.95,4.66,12.89,7.89,2.96
1977,7.0,-999.0,13.29,12.89,6.89,3.86,13.31,8.13,3.89
1978,8.75,-999.0,12.63,11.75,6.67,4.02,14.3,7.22,2.23
1979,9.95,-999.0,13.37,11.34,6.41,2.99,14.59,10.7,3.38
1980,11.81,-999.0,13.03,11.5,6.39,3.53,9.42,4.86,2.2
1981,12.69,-999.0,14.55,12.25,7.2,3.68,14.34,10.99,3.44
1982,9.38,-999.0,12.12,12.55,6.99,4.09,15.65,7.92,3.86
1983,9.74,-999.0,9.44,9.9,6.92,6.04,11.02,6.73,3.88
1984,10.39,-999.0,9.67,12.8,6.42,4.66,13.76,6.3,5.32
1985,9.57,-999.0,11.87,11.6,5.74,2.68,15.89,8.42,2.83
1986,9.87,-999.0,12.38,14.05,6.86,2.21,12.93,9.95,3.94
1987,9.25,-999.0,12.43,11.15,7.11,3.32,12.52,10.17,3.36
1988,9.97,-999.0,8.37,11.09,4.16,2.26,12.27,7.3,3.92
1989,9.56,-999.0,10.97,14.05,5.94,3.05,19.23,11.03,3.21
1990,9.26,-999.0,13.7,13.21,6.57,3.95,10.68,7.84,3.64
1991,9.22,-999.0,9.09,10.26,6.42,3.43,15.07,9.61,3.76
1992,9.96,-999.0,12.05,13.33,8.55,3.84,17.81,11.32,3.95
1993,8.22,-999.0,17.14,9.49,12.33,5.93,10.99,9.49,3.5
1994,9.71,-999.0,12.16,13.81,6.27,2.16,17.62,7.39,2.28
1995,9.16,-999.0,11.63,8.94,7.25,4.85,15.18,9.25,3.18
1996,9.96,-999.0,11.23,14.05,5.08,1.89,15.02,12.06,3.34
1997,9.83,-999.0,11.36,11.17,7.85,4.69,13.85,9.58,4.19
1998,13.08,-999.0,13.41,13.3,8.59,3.12,12.6,7.0,3.94
1999,10.6,-999.0,11.75,8.67,7.33,3.05,12.7,8.37,4.65
2000,11.21,-999.0,13.25,13.15,5.58,1.96,11.85,7.26,2.95
2001,9.89,-999.0,11.2,10.93,6.81,3.18,16.17,7.41,2.93
2002,10.5,-999.0,11.87,10.03,6.21,2.14,13.11,8.85,1.96
2003,11.55,-999.0,10.63,14.61,4.95,1.27,18.99,9.27,2.62
2004,6.75,-999.0,11.92,14.7,6.24,4.1,17.41,12.8,3.02
2005,10.12,-999.0,10.81,11.45,7.78,2.88,16.75,9.78,3.09
2006,12.21,-999.0,10.69,16.48,4.87,2.42,12.69,7.49,3.91
2007,8.45,-999.0,11.57,11.26,5.97,2.52,12.14,13.82,3.1
2008,10.23,-999.0,12.76,13.86,6.65,2.82,14.75,10.01,3.35
2009,9.52,-999.0,12.42,16.03,7.81,3.8,13.85,8.34,3.12
2010,11.25,-999.0,15.81,12.0,8.7,4.11,13.04,9.95,3.36
2011,12.34,-999.0,11.34,14.85,7.45,2.61,11.98,3.97,2.8
2012,11.61,-999.0,8.01,11.48,3.96,3.6,16.24,6.27,2.86
2013,9.42,-999.0,10.77,16.38,6.09,2.97,18.87,8.82,3.56
2014,13.25,-999.0,14.21,13.7,9.14,3.33,14.22,9.19,3.85
2015,10.87,-999.0,14.86,14.52,7.04,2.19,14.62,8.78,4.0
2016,12.06,-999.0,14.83,11.37,5.86,2.18,15.27,10.43,2.92
2017,11.53,-999.0,11.99,13.11,4.97,1.92,18.49,11.94,3.44
2018,12.31,-999.0,13.65,15.12,7.63,1.81,15.58,8.63,2.88
2019,8.07,-999.0,12.6,13.37,8.21,2.16,16.64,9.16,2.1
2020,10.96,-999.0,11.72,11.49,6.0,3.0,16.97,7.37,1.76
2021,11.73,-999.0,12.43,14.91,5.06,1.9,19.58,10.38,3.78
