Year,Alaska,Hawaii,Midwest,Northeast,Northern Great Plains,Northwest,Southeast,Southern Great Plains,Southwest
1895,-999.0,-999.0,3001.65,2634.5,3087.92,1920.39,1575.21,1618.37,1682.81
1896,-999.0,-999.0,3643.21,3458.79,3943.29,2665.72,1904.7,1874.43,2342.74
1897,-999.0,-999.0,3714.06,3533.8,4025.18,2710.64,1878.5,1878.27,2368.19
1898,-999.0,-999.0,3761.91,3356.26,4033.61,2800.98,1754.36,1844.41,2540.26
1899,-999.0,-999.0,4260.36,3685.49,4578.93,2998.27,2134.6,2403.13,2613.24
1900,-999.0,-999.0,3879.35,3422.42,4069.16,2671.61,1988.57,1933.91,2238.18
1901,-999.0,-999.0,3902.67,3684.99,4003.0,2684.61,1932.8,1852.39,2302.92
1902,-999.0,-999.0,4050.11,3651.97,4070.09,2709.13,2235.57,2082.61,2290.68
1903,-999.0,-999.0,3953.89,3536.26,4354.24,2935.18,1907.69,2049.94,2590.07
1904,-999.0,-999.0,4482.98,4063.86,4226.51,2818.5,2153.75,1859.61,2363.2
1905,-999.0,-999.0,4346.71,4039.24,4344.03,2769.88,2301.38,2390.48,2336.95
1906,-999.0,-999.0,3605.92,3239.42,3857.45,2778.02,1928.86,1981.48,2428.2
1907,-999.0,-999.0,3789.96,3732.08,4219.37,2762.52,1589.78,1508.63,2105.93
1908,-999.0,-999.0,3621.97,3474.62,3797.04,2693.58,1945.7,1721.82,2283.97
1909,-999.0,-999.0,3606.73,3294.21,4152.29,2921.66,1564.19,1613.6,2305.48
1910,-999.0,-999.0,4179.34,3590.05,4641.18,3243.16,2111.13,2179.32,2686.95
1911,-999.0,-999.0,3756.61,3610.12,4181.35,2904.27,1728.28,1600.2,2255.41
1912,-999.0,-999.0,4295.42,3694.65,4337.58,2780.46,2094.57,2234.68,2508.49
1913,-999.0,-999.0,3738.2,3142.06,4275.08,3066.78,1686.07,2056.14,2689.16
1914,-999.0,-999.0,3630.04,3562.07,3976.74,2740.0,1837.92,1841.03,2402.21
1915,-999.0,-999.0,3923.69,3401.1,4303.35,2965.45,1989.4,2082.12,2576.57
1916,-999.0,-999.0,3888.08,3441.07,4505.36,3054.39,1746.48,1780.85,2359.16
1917,-999.0,-999.0,4243.6,3609.05,4671.7,3172.5,1790.84,1842.99,2703.55
1918,-999.0,-999.0,4494.89,4158.56,4455.62,2528.32,2279.54,2263.95,2266.33
1919,-999.0,-999.0,3359.79,3186.32,3816.6,2831.39,1738.13,1895.25,2590.44
1920,-999.0,-999.0,4282.11,3944.64,4223.71,3038.34,1929.69,1981.06,2287.26
1921,-999.0,-999.0,3351.41,3253.68,3700.24,2693.81,1690.64,1595.86,2330.33
1922,-999.0,-999.0,3779.39,3553.22,4447.71,3196.01,1642.69,1769.92,2451.77
1923,-999.0,-999.0,3829.64,3716.56,4207.08,3016.26,1613.65,1579.78,2267.78
1924,-999.0,-999.0,3686.33,3316.13,4011.49,2771.36,1806.96,1958.7,2410.43
1925,-999.0,-999.0,3942.67,3480.12,4229.68,2855.05,1702.24,1945.08,2480.05
1926,-999.0,-999.0,3754.8,3541.1,3676.61,2529.02,1890.54,1885.54,2312.37
1927,-999.0,-999.0,3738.54,3501.96,4059.0,2791.91,1551.19,1670.04,2276.54
1928,-999.0,-999.0,3791.4,3353.4,4267.35,2944.57,1882.58,1912.37,2408.61
1929,-999.0,-999.0,4145.38,3403.66,4634.89,3356.86,1910.12,2130.23,2655.25
1930,-999.0,-999.0,3770.42,3341.6,4208.56,2961.06,1736.03,1968.64,2283.32
1931,-999.0,-999.0,3319.46,3416.92,3495.01,2826.48,1928.3,1765.65,2420.09
1932,-999.0,-999.0,3137.22,2866.36,4081.05,3076.08,1238.63,1554.62,2634.67
1933,-999.0,-999.0,3582.62,3038.51,4275.33,3218.34,1617.57,1833.91,2841.19
1934,-999.0,-999.0,3677.83,3808.01,3584.77,2252.24,1695.49,1569.2,2036.13
1935,-999.0,-999.0,3813.21,3645.35,3866.1,2743.35,1819.68,1689.27,2195.95
1936,-999.0,-999.0,4520.28,3898.61,4815.84,2982.65,2277.87,2208.27,2359.6
1937,-999.0,-999.0,3788.5,3020.08,4675.19,3266.02,1567.19,1903.38,2765.86
1938,-999.0,-999.0,3712.57,3403.92,4064.13,2614.54,1723.64,1697.46,2192.41
1939,-999.0,-999.0,3635.16,3315.62,4021.65,2777.59,1670.36,1756.65,2495.03
1940,-999.0,-999.0,3877.89,3673.84,4001.15,2471.89,2240.47,2137.2,2172.77
1941,-999.0,-999.0,3653.75,3461.69,3823.26,2516.68,1842.35,1763.01,2149.59
1942,-999.0,-999.0,3571.14,3447.53,3977.29,2874.73,1950.42,1879.94,2458.89
1943,-999.0,-999.0,3942.27,3580.03,4126.61,2828.78,1765.8,1735.22,2154.52
1944,-999.0,-999.0,3494.34,3495.96,3822.96,2850.01,1758.15,1833.62,2485.54
1945,-999.0,-999.0,3996.03,3722.06,3952.62,2720.18,1942.63,1910.33,2301.96
1946,-999.0,-999.0,3847.58,3599.45,4025.22,2805.5,1918.65,1867.72,2479.44
1947,-999.0,-999.0,3682.33,3329.92,3944.14,2763.68,1800.13,1877.43,2275.7
1948,-999.0,-999.0,3970.07,3790.82,4127.56,2797.08,2009.62,2069.66,2481.88
1949,-999.0,-999.0,3670.22,3001.6,4776.7,3505.0,1448.03,1922.04,2879.9
1950,-999.0,-999.0,3637.71,3095.29,4461.53,3149.02,1389.84,1591.33,2391.05
1951,-999.0,-999.0,4015.4,3271.24,4064.52,2634.73,1921.3,1847.43,2215.31
1952,-999.0,-999.0,3640.14,3182.08,4291.52,3068.16,1514.65,1518.14,2496.36
1953,-999.0,-999.0,3453.01,3030.67,3669.56,2461.0,1682.09,1717.49,2221.72
1954,-999.0,-999.0,3415.17,3130.48,3695.91,2620.54,1695.68,1681.68,2190.39
1955,-999.0,-999.0,3733.49,3422.55,4059.55,2969.39,1890.39,1789.11,2624.1
1956,-999.0,-999.0,3901.0,3482.25,4358.61,2926.02,1855.91,1870.16,2277.17
1957,-999.0,-999.0,3689.61,3301.65,4150.9,3054.7,1441.56,1652.02,2223.48
1958,-999.0,-999.0,3718.43,3415.46,3626.74,2432.48,2136.86,1889.44,2154.92
1959,-999.0,-999.0,4164.84,3752.07,4214.08,2541.28,1973.08,2063.54,2181.24
1960,-999.0,-999.0,3547.58,3197.35,4047.3,2913.54,1896.92,1974.85,2515.81
1961,-999.0,-999.0,3758.7,3745.63,3775.24,2581.65,2048.17,2009.34,2295.1
1962,-999.0,-999.0,4061.53,3530.51,4372.78,2913.83,1794.55,1962.46,2471.15
1963,-999.0,-999.0,4299.4,3817.03,4057.62,2655.18,2255.92,2126.3,2256.4
1964,-999.0,-999.0,3849.48,3649.55,3986.16,2861.23,2241.49,2154.78,2581.41
1965,-999.0,-999.0,3947.88,3505.86,4233.43,2720.47,1785.29,1852.29,2273.37
1966,-999.0,-999.0,3760.56,3398.32,4138.39,2763.06,1988.38,1961.13,2532.63
1967,-999.0,-999.0,3817.17,3391.21,3886.14,2499.4,1912.62,1891.25,2288.38
1968,-999.0,-999.0,3824.9,3660.45,4090.82,2687.44,2035.92,2023.37,2387.27
1969,-999.0,-999.0,3872.66,3518.38,4463.06,3015.85,2028.95,1859.5,2369.07
1970,-999.0,-999.0,4067.8,3742.46,3962.73,2522.21,2182.5,1952.59,2151.12
1971,-999.0,-999.0,3931.52,3627.77,4188.35,2776.47,1813.82,1689.46,2332.19
1972,-999.0,-999.0,3831.06,3305.15,4307.85,2919.41,1551.23,1710.48,2393.01
1973,-999.0,-999.0,3731.0,3293.53,4187.86,2928.75,1879.46,2153.1,2594.31
1974,-999.0,-999.0,3787.32,3225.61,4004.84,2716.92,1617.99,1829.42,2395.94
1975,-999.0,-999.0,3608.75,3174.09,4059.43,2760.54,1654.61,1863.56,2469.31
1976,-999.0,-999.0,3566.61,3395.9,3714.59,2682.82,1791.79,1626.9,2189.56
1977,-999.0,-999.0,4390.53,3913.92,4009.4,2792.69,2347.08,2140.46,2304.54
1978,-999.0,-999.0,4408.71,3802.83,4542.21,2498.14,2395.5,2404.8,2134.9
1979,-999.0,-999.0,4471.81,3648.27,4945.04,3236.08,2156.22,2402.94,2681.68
1980,-999.0,-999.0,3719.47,3373.67,3910.14,2661.55,1946.15,1865.66,2122.39
1981,-999.0,-999.0,3670.37,3602.55,3523.93,2464.27,2024.66,1752.45,1947.3
1982,-999.0,-999.0,4188.74,3651.92,4336.85,2815.01,2023.45,1985.39,2240.5
1983,-999.0,-999.0,3247.88,3093.3,3539.81,2526.4,1755.59,1821.23,2244.15
1984,-999.0,-999.0,4000.43,3398.83,4257.53,2933.33,2066.9,2246.22,2397.52
1985,-999.0,-999.0,3902.82,3325.98,4372.81,3196.77,1879.62,2012.72,2500.92
1986,-999.0,-999.0,3997.43,3504.37,3959.7,2823.7,1900.81,1777.97,2064.92
1987,-999.0,-999.0,3342.21,3394.17,3515.23,2703.96,1876.74,1814.17,2324.57
1988,-999.0,-999.0,3799.68,3380.19,4007.01,2761.13,1938.56,1975.77,2406.65
1989,-999.0,-999.0,3653.27,3279.36,4103.22,3029.64,1706.32,1787.8,2457.78
1990,-999.0,-999.0,3617.47,3390.51,3810.8,2668.24,1756.08,1829.21,2338.74
1991,-999.0,-999.0,3660.93,3055.21,4022.09,2868.05,1636.97,1885.09,2352.82
1992,-999.0,-999.0,3260.79,3193.91,3354.73,2412.1,1609.05,1564.17,2216.29
1993,-999.0,-999.0,3718.29,3368.99,4435.2,3086.45,1777.99,1873.38,2453.68
1994,-999.0,-999.0,4059.43,3720.85,4106.88,2630.65,1943.2,1824.22,2262.26
1995,-999.0,-999.0,3531.98,3152.32,3711.08,2509.63,1723.08,1607.9,2046.6
1996,-999.0,-999.0,3894.4,3542.61,4088.15,2671.08,1939.33,1773.66,2053.11
1997,-999.0,-999.0,3759.55,3062.03,4211.76,2690.59,1655.82,1785.07,2229.93
1998,-999.0,-999.0,3091.54,2897.81,3571.47,2553.12,1662.94,1680.71,2295.1
1999,-999.0,-999.0,3352.77,3013.36,3644.11,2695.61,1491.34,1507.99,2119.03
2000,-999.0,-999.0,3365.45,3183.86,3464.87,2595.35,1662.66,1466.42,2041.67
2001,-999.0,-999.0,4034.74,3469.84,4223.35,2766.95,2023.87,2071.61,2301.06
2002,-999.0,-999.0,3061.34,2780.23,3647.11,2753.7,1613.81,1683.39,2314.83
2003,-999.0,-999.0,3777.96,3653.39,3735.92,2415.45,2005.93,1863.32,2065.48
2004,-999.0,-999.0,3643.65,3506.08,3845.76,2666.36,1937.11,1774.81,2295.46
2005,-999.0,-999.0,3482.29,3293.88,3643.17,2553.88,1655.26,1614.0,2107.81
2006,-999.0,-999.0,3375.46,3090.79,3611.89,2677.15,1744.97,1611.34,2114.39
2007,-999.0,-999.0,3563.38,3143.94,3877.18,2728.31,1723.17,1867.2,2360.11
2008,-999.0,-999.0,3834.67,3186.61,4109.53,2840.04,1657.64,1761.56,2431.14
2009,-999.0,-999.0,3970.84,3400.77,4055.03,2826.78,1757.93,1661.64,2152.01
2010,-999.0,-999.0,3894.15,3312.18,4258.28,2618.11,2167.16,2204.24,2378.34
2011,-999.0,-999.0,3956.03,3490.25,4171.53,2731.46,2052.8,1901.83,2236.65
2012,-999.0,-999.0,3125.65,2851.05,3569.0,2695.86,1503.7,1579.93,2222.87
2013,-999.0,-999.0,3452.0,3065.25,3840.3,2787.93,1562.94,1600.65,2413.4
2014,-999.0,-999.0,4333.21,3539.98,4243.5,2784.33,1979.88,2071.72,2099.02
2015,-999.0,-999.0,3843.05,3611.96,3681.99,2279.77,1949.07,1841.16,1925.49
2016,-999.0,-999.0,3190.6,2805.97,3526.49,2514.04,1534.02,1522.79,2158.65
2017,-999.0,-999.0,3245.56,2890.36,3978.78,3047.61,1372.82,1428.93,2154.34
2018,-999.0,-999.0,3745.08,3265.53,4052.96,2623.55,1726.33,1840.0,1973.96
2019,-999.0,-999.0,3665.53,3195.41,4146.95,2771.71,1567.73,1751.81,2319.83
2020,-999.0,-999.0,3314.41,2926.46,3718.36,2551.98,1476.06,1570.42,2163.61
2021,-999.0,-999.0,3650.57,3138.5,3819.96,2625.61,1837.67,1895.33,2205.13
