Year,Alaska,Hawaii,Midwest,Northeast,Northern Great Plains,Northwest,Southeast,Southern Great Plains,Southwest
1895,-999.0,-999.0,36.14,36.83,27.92,32.54,50.3,47.42,38.89
1896,-999.0,-999.0,34.72,38.69,24.62,32.52,52.14,48.68,40.39
1897,-999.0,-999.0,39.43,37.58,31.31,34.86,51.91,49.52,41.04
1898,-999.0,-999.0,38.02,39.7,28.14,33.13,51.57,46.78,37.75
1899,-999.0,-999.0,40.52,38.81,32.5,36.14,51.74,50.84,40.68
1900,-999.0,-999.0,41.3,42.3,31.42,34.35,55.07,52.95,40.0
1901,-999.0,-999.0,37.44,36.79,32.18,36.07,48.46,51.44,40.71
1902,-999.0,-999.0,40.07,40.19,29.88,33.67,52.95,51.08,39.74
1903,-999.0,-999.0,36.68,37.18,30.04,34.45,48.6,48.01,39.25
1904,-999.0,-999.0,38.92,35.72,32.59,36.32,49.97,50.4,39.61
1905,-999.0,-999.0,38.78,37.31,31.29,32.42,52.29,51.48,39.21
1906,-999.0,-999.0,39.8,39.51,32.01,35.15,52.24,48.53,38.76
1907,-999.0,-999.0,37.22,37.58,30.76,35.53,50.2,50.06,39.99
1908,-999.0,-999.0,39.55,38.26,32.33,34.56,50.02,48.1,37.45
1909,-999.0,-999.0,39.16,38.17,32.16,36.27,51.0,50.98,39.54
1910,-999.0,-999.0,38.22,38.98,32.49,35.59,51.1,50.41,41.02
1911,-999.0,-999.0,37.28,37.89,28.75,32.26,53.32,50.2,38.01
1912,-999.0,-999.0,39.17,39.72,30.87,33.21,51.39,49.41,37.26
1913,-999.0,-999.0,40.29,40.34,31.89,34.74,50.86,51.18,40.13
1914,-999.0,-999.0,40.37,37.5,33.41,35.16,50.95,51.28,40.23
1915,-999.0,-999.0,40.38,40.23,32.48,34.22,53.17,50.71,38.53
1916,-999.0,-999.0,37.47,36.91,28.91,30.78,49.57,48.47,37.03
1917,-999.0,-999.0,35.76,34.25,31.97,35.7,46.74,47.28,40.01
1918,-999.0,-999.0,38.31,38.23,31.52,36.54,50.95,49.34,40.24
1919,-999.0,-999.0,38.69,39.85,27.79,32.63,55.29,51.37,38.29
1920,-999.0,-999.0,40.94,39.83,32.05,35.32,50.79,50.31,38.61
1921,-999.0,-999.0,40.04,39.66,31.09,33.87,53.28,51.36,40.15
1922,-999.0,-999.0,41.5,39.0,32.77,34.46,52.07,50.63,39.41
1923,-999.0,-999.0,38.93,38.33,32.94,35.36,50.36,50.42,39.16
1924,-999.0,-999.0,38.17,36.53,32.13,34.57,49.84,49.55,38.31
1925,24.4,-999.0,37.34,37.11,29.98,34.27,53.01,49.8,38.52
1926,24.47,-999.0,37.91,38.32,30.73,34.9,52.25,51.34,40.4
1927,13.2,-999.0,40.77,40.49,32.0,37.19,53.17,52.21,40.77
1928,19.13,-999.0,39.1,38.36,30.74,34.58,51.35,50.31,39.74
1929,23.57,-999.0,37.13,38.43,29.96,31.28,51.79,48.59,38.11
1930,17.43,-999.0,39.01,38.73,30.85,33.14,51.54,51.08,37.88
1931,20.07,-999.0,44.99,42.65,32.77,33.15,54.51,55.12,39.67
1932,16.67,-999.0,36.18,38.36,30.32,35.17,49.96,46.9,39.25
1933,17.37,-999.0,38.74,37.22,33.05,34.72,52.26,53.06,41.15
1934,21.0,-999.0,40.83,40.35,33.0,36.99,52.15,51.97,40.64
1935,18.8,-999.0,37.7,38.62,29.02,32.77,51.91,50.22,38.75
1936,21.33,-999.0,38.35,37.74,31.1,31.45,52.18,49.47,38.84
1937,23.67,-999.0,36.87,37.55,32.7,37.49,49.33,49.72,41.2
1938,24.63,-999.0,39.98,37.92,33.46,35.66,50.44,49.56,38.83
1939,15.23,-999.0,39.27,37.26,32.28,35.0,51.0,50.69,40.3
1940,21.5,-999.0,38.75,36.78,33.45,37.05,49.17,49.91,40.46
1941,17.4,-999.0,41.87,39.54,32.53,35.49,53.61,52.54,39.06
1942,19.47,-999.0,38.6,39.03,31.19,35.06,51.46,50.0,39.71
1943,23.7,-999.0,36.15,36.94,31.59,36.17,47.6,47.59,39.59
1944,21.27,-999.0,40.75,39.16,31.73,35.98,50.88,50.47,40.17
1945,16.4,-999.0,38.54,39.62,30.37,34.75,52.22,50.14,39.79
1946,19.47,-999.0,39.44,40.05,30.37,33.08,52.87,51.87,38.56
1947,20.8,-999.0,40.98,39.64,32.67,36.66,53.44,51.5,39.76
1948,15.87,-999.0,40.01,39.65,32.17,33.52,50.67,48.26,38.34
1949,24.37,-999.0,38.69,38.69,32.73,34.95,51.42,49.68,40.15
1950,19.27,-999.0,38.16,39.04,31.18,36.76,50.31,49.67,41.25
1951,21.13,-999.0,36.14,37.44,29.35,34.58,50.42,49.22,38.98
1952,23.87,-999.0,35.98,37.51,29.93,32.95,47.43,46.76,38.76
1953,19.17,-999.0,39.7,38.56,34.1,36.77,49.24,49.96,40.33
1954,23.13,-999.0,40.63,40.25,33.6,34.96,50.7,51.71,40.59
1955,15.3,-999.0,37.35,38.45,28.39,33.6,50.17,49.51,39.4
1956,13.9,-999.0,38.9,37.71,31.58,33.44,50.05,50.03,38.04
1957,24.2,-999.0,37.97,39.31,31.89,34.43,51.68,48.79,39.01
1958,17.3,-999.0,39.94,38.78,31.69,34.84,51.51,51.64,40.74
1959,19.63,-999.0,36.88,40.14,28.9,34.22,52.22,47.77,38.9
1960,18.77,-999.0,40.37,39.33,31.96,35.24,52.13,51.57,40.79
1961,17.67,-999.0,40.24,42.07,29.55,32.28,51.17,49.21,38.09
1962,20.37,-999.0,39.85,37.36,33.6,36.42,51.05,52.09,41.59
1963,16.67,-999.0,42.3,38.71,36.21,38.67,50.25,52.69,43.04
1964,20.57,-999.0,38.41,36.65,29.82,33.71,50.33,50.61,39.31
1965,19.13,-999.0,39.36,38.42,30.6,35.55,52.04,51.71,40.36
1966,19.37,-999.0,37.54,37.82,31.33,36.65,50.09,49.49,40.71
1967,20.43,-999.0,37.32,37.05,32.59,36.76,47.19,48.96,41.31
1968,18.03,-999.0,40.21,40.29,32.02,35.65,49.78,48.99,39.4
1969,20.43,-999.0,38.42,38.85,31.79,34.48,49.9,49.74,39.73
1970,17.07,-999.0,40.66,41.99,30.15,33.44,51.84,48.56,38.46
1971,17.77,-999.0,42.51,42.15,31.47,33.23,53.63,51.65,38.14
1972,20.47,-999.0,39.22,37.62,30.46,34.45,51.87,50.09,40.16
1973,17.33,-999.0,42.39,40.02,32.13,35.85,54.28,52.69,39.24
1974,17.73,-999.0,37.9,37.06,30.96,34.78,49.02,49.03,40.69
1975,15.53,-999.0,39.62,40.66,30.44,34.75,51.72,48.36,38.51
1976,21.57,-999.0,33.44,35.6,29.05,35.03,46.34,45.41,39.25
1977,17.63,-999.0,40.24,40.89,31.91,34.76,52.68,51.98,41.27
1978,21.33,-999.0,39.78,37.36,30.33,32.98,52.38,51.75,40.73
1979,25.6,-999.0,38.76,40.5,31.5,35.6,50.86,48.29,39.94
1980,21.67,-999.0,38.39,37.68,32.93,35.88,50.77,49.61,39.7
1981,20.43,-999.0,39.22,38.11,33.4,35.7,49.54,51.3,41.67
1982,17.97,-999.0,39.75,40.08,30.86,34.32,51.58,50.12,39.75
1983,18.9,-999.0,41.21,39.78,33.17,36.12,51.17,52.31,42.52
1984,18.5,-999.0,39.8,38.85,30.04,34.28,51.7,50.38,40.07
1985,16.73,-999.0,39.58,41.23,26.77,30.44,56.1,51.73,38.92
1986,19.6,-999.0,39.68,38.57,31.31,35.28,55.17,51.7,39.41
1987,21.23,-999.0,39.05,38.18,32.01,35.85,49.15,49.32,41.22
1988,15.37,-999.0,38.15,37.81,32.06,37.05,50.82,50.24,41.27
1989,18.43,-999.0,37.45,38.88,31.96,35.56,51.51,48.95,39.89
1990,16.73,-999.0,40.42,40.74,33.2,36.48,51.75,51.38,41.29
1991,20.27,-999.0,37.67,39.05,29.94,35.84,50.62,48.81,41.22
1992,15.63,-999.0,38.86,38.38,31.78,35.33,51.4,49.46,40.25
1993,22.43,-999.0,36.88,38.25,28.69,33.25,50.86,47.24,38.66
1994,16.57,-999.0,41.97,39.47,33.26,34.15,52.83,51.57,39.27
1995,21.07,-999.0,36.81,38.23,31.59,37.03,50.2,49.33,41.66
1996,15.0,-999.0,37.71,38.7,29.61,34.75,50.78,50.01,40.25
1997,21.0,-999.0,39.48,38.21,32.9,36.82,50.73,50.81,41.45
1998,21.73,-999.0,42.98,40.88,36.35,37.55,54.57,55.29,41.75
1999,17.87,-999.0,39.57,40.69,32.91,36.03,51.09,50.23,41.09
2000,21.1,-999.0,40.11,39.17,30.11,33.57,50.68,50.75,39.31
2001,18.0,-999.0,41.71,40.25,34.35,36.9,50.65,51.53,42.61
2002,27.07,-999.0,39.28,40.2,31.37,34.14,54.25,50.37,40.54
2003,21.77,-999.0,39.58,40.66,30.87,35.67,52.84,51.43,42.03
2004,21.7,-999.0,42.55,41.02,33.97,35.77,55.64,53.36,40.52
2005,19.4,-999.0,42.11,42.1,34.4,34.97,53.34,52.18,41.24
2006,21.0,-999.0,39.18,41.06,30.97,35.02,50.43,50.04,39.83
2007,23.83,-999.0,42.21,41.59,33.42,34.63,53.51,52.19,41.28
2008,16.47,-999.0,40.22,39.43,33.3,36.44,50.42,49.43,41.7
2009,20.1,-999.0,41.58,40.57,33.19,35.29,53.31,50.39,40.47
2010,22.57,-999.0,40.05,40.62,32.61,36.07,51.26,50.95,41.05
2011,18.47,-999.0,40.87,43.06,32.85,36.16,51.15,49.99,41.19
2012,17.8,-999.0,38.46,40.06,32.3,36.82,50.36,50.58,42.37
2013,23.17,-999.0,39.72,39.18,33.3,35.87,52.13,51.0,40.84
2014,23.03,-999.0,37.83,40.33,31.58,37.46,51.08,50.69,43.03
2015,23.47,-999.0,43.75,42.09,35.51,36.65,55.04,54.02,43.21
2016,21.5,-999.0,45.16,42.17,36.65,38.27,54.48,55.07,43.13
2017,23.43,-999.0,41.57,41.88,32.88,36.24,53.18,52.17,42.64
2018,26.03,-999.0,39.87,41.81,31.52,35.26,55.07,51.08,41.45
2019,25.7,-999.0,40.46,39.74,31.09,33.98,53.54,51.0,39.91
2020,22.17,-999.0,39.9,41.24,31.41,36.7,54.96,50.55,41.98
2021,17.9,-999.0,43.12,43.02,35.77,37.25,52.83,52.53,42.77
