Year,Northeast,Southeast,Midwest,Northern Great Plains,Northwest,Southwest,Southern Great Plains,Alaska,Hawaii,Puerto Rico
1900,1.025,8.8,1.467,0.98,0.118,0.591,5.944,-999.0,-999.0,
1901,1.037,7.993,3.386,1.631,0.0,0.47,9.556,-999.0,-999.0,
1902,0.056,9.133,0.331,0.139,0.0,0.389,14.982,-999.0,-999.0,
1903,0.148,4.864,0.386,0.298,0.043,0.204,7.903,-999.0,-999.0,
1904,0.25,2.48,0.221,0.148,0.0,0.553,4.258,-999.0,-999.0,
1905,0.889,6.667,0.484,0.114,0.08,0.314,11.309,0.0,-999.0,
1906,0.897,4.839,0.242,0.016,0.5,0.398,8.72,0.0,-999.0,
1907,0.345,5.617,0.563,0.25,0.04,0.171,13.034,0.0,-999.0,
1908,1.011,3.785,0.391,0.162,0.154,0.364,6.74,0.0,-999.0,
1909,0.299,8.377,0.843,0.429,0.0,0.347,16.212,0.0,-999.0,
1910,0.448,3.674,0.6,0.301,0.0,0.398,15.289,0.0,-999.0,
1911,0.695,5.252,1.538,0.997,0.161,0.224,18.132,0.0,-999.0,
1912,0.259,6.938,0.68,0.556,0.037,0.218,13.791,0.0,-999.0,
1913,0.238,4.38,2.16,1.288,0.115,0.449,11.561,0.0,-999.0,
1914,0.034,7.438,1.83,0.758,0.0,0.089,12.846,0.0,-999.0,
1915,0.2,7.646,0.182,0.013,0.089,0.14,11.991,1.0,-999.0,
1916,0.42,5.536,2.213,0.9,0.0,0.34,15.278,0.0,-999.0,
1917,0.753,3.577,1.491,1.01,0.0,0.517,14.526,0.0,-999.0,
1918,1.196,4.833,1.775,0.475,0.052,0.248,15.536,0.0,-999.0,
1919,0.339,5.855,1.044,0.768,0.0,0.487,7.291,0.0,-999.0,
1920,0.036,3.102,0.338,0.144,0.036,0.619,7.868,0.0,-999.0,
1921,0.47,6.647,1.144,0.483,0.0,1.458,9.954,0.0,-999.0,
1922,0.0,5.721,0.84,0.398,0.0,0.437,11.486,0.0,-999.0,
1923,0.089,6.779,0.765,0.209,0.0,0.21,12.279,0.0,-999.0,
1924,0.149,10.182,0.554,0.307,0.196,0.21,16.563,0.0,-999.0,
1925,0.241,10.445,0.844,0.508,0.074,0.448,17.364,0.0,-999.0,
1926,0.529,7.931,0.456,0.449,0.054,0.359,9.382,0.0,-999.0,
1927,0.0,7.047,0.15,0.325,0.071,0.144,9.446,0.0,-999.0,
1928,0.207,6.851,0.639,0.298,0.103,0.337,11.77,0.0,-999.0,
1929,0.236,5.651,0.553,0.848,0.103,0.467,7.897,0.0,-999.0,
1930,0.672,11.834,3.031,1.354,0.017,0.2,17.048,0.0,-999.0,
1931,0.557,9.54,4.036,3.201,0.0,0.885,13.0,0.0,-999.0,
1932,0.063,12.607,1.455,0.994,0.0,0.418,13.261,0.0,-999.0,
1933,0.406,9.879,1.646,0.969,0.034,0.612,15.662,0.0,-999.0,
1934,0.195,14.142,6.543,4.324,0.0,0.553,30.256,0.0,-999.0,
1935,0.167,9.38,2.449,1.941,0.071,0.196,14.098,0.0,-999.0,
1936,0.523,14.577,7.692,5.874,0.0,0.756,20.772,0.0,-999.0,
1937,0.411,7.791,1.283,1.914,0.018,0.723,16.915,0.0,-999.0,
1938,0.278,5.529,1.434,1.312,0.036,0.34,10.667,0.0,-999.0,
1939,0.356,7.531,1.176,1.675,0.018,0.705,12.436,0.0,-999.0,
1940,0.406,6.946,1.52,1.62,0.0,0.544,8.538,0.0,-999.0,
1941,0.206,10.29,1.506,0.691,0.083,0.481,9.105,0.0,-999.0,
1942,0.333,7.911,1.39,0.733,0.0,0.107,8.053,0.0,-999.0,
1943,0.422,11.209,1.539,0.776,0.0,0.359,15.923,0.0,-999.0,
1944,0.483,7.957,1.285,0.717,0.0,0.16,11.944,0.0,-999.0,
1945,0.253,8.526,0.674,0.505,0.0,0.211,10.444,0.0,-999.0,
1946,0.0,4.806,0.977,0.37,0.107,0.271,13.637,0.0,-999.0,
1947,0.25,7.472,1.773,1.606,0.034,0.32,9.621,0.0,-999.0,
1948,0.603,6.858,0.46,0.23,0.0,0.321,12.833,0.0,-999.0,
1949,0.956,6.976,1.069,0.356,0.0,0.497,8.688,0.0,-999.0,
1950,0.069,3.753,0.315,0.146,0.0,0.258,5.316,0.0,-999.0,
1951,0.103,9.107,0.492,0.08,0.0,0.144,18.436,0.0,-999.0,
1952,0.961,9.892,2.098,0.791,0.0,0.266,19.679,0.0,-999.0,
1953,0.736,7.585,1.873,0.945,0.0,0.509,16.573,0.0,-999.0,
1954,0.078,11.327,2.212,0.586,0.0,0.443,19.325,0.0,-999.0,
1955,0.944,5.116,2.19,2.242,0.0,0.231,9.944,0.0,-999.0,
1956,0.183,4.276,0.86,0.252,0.0,0.39,15.444,0.0,-999.0,
1957,0.183,6.473,0.703,0.47,0.0,0.471,13.068,0.0,-999.0,
1958,0.115,6.802,0.25,0.182,0.034,0.493,12.202,0.0,-999.0,
1959,0.611,4.23,0.867,0.45,0.069,0.574,6.346,0.0,-999.0,
1960,0.1,5.077,0.285,0.165,0.0,0.607,8.228,0.0,-999.0,
1961,0.483,3.08,0.344,0.082,0.069,0.497,4.268,0.0,-999.0,
1962,0.067,6.547,0.173,0.014,0.0,0.218,9.624,0.0,-999.0,
1963,0.256,6.576,0.54,0.641,0.036,0.195,13.466,0.0,-999.0,
1964,0.239,5.657,1.233,1.056,0.034,0.434,16.915,0.0,-999.0,
1965,0.083,3.628,0.31,0.026,0.034,0.132,7.111,0.0,-999.0,
1966,0.367,6.181,1.223,0.782,0.0,0.484,11.132,0.0,-999.0,
1967,0.1,4.475,0.086,0.014,0.0,0.575,6.752,0.0,-999.0,
1968,0.444,4.782,1.015,0.539,0.103,0.163,4.859,0.0,-999.0,
1969,0.5,10.306,1.205,0.574,0.034,0.622,15.444,0.0,-999.0,
1970,0.111,7.598,1.103,0.798,0.103,0.619,12.598,0.0,-999.0,
1971,0.2,4.293,0.296,0.222,0.0,0.701,5.671,0.0,-999.0,
1972,0.362,5.23,0.335,0.083,0.0,0.393,5.179,0.0,-999.0,
1973,0.506,6.068,0.269,0.324,0.0,0.252,4.141,0.0,-999.0,
1974,0.155,3.783,0.5,0.928,0.0,0.311,6.021,-999.0,-999.0,
1975,0.214,4.551,0.305,0.495,0.138,0.308,4.607,0.0,-999.0,
1976,0.017,2.115,0.489,0.596,0.034,0.33,2.432,0.0,-999.0,
1977,0.609,8.596,1.519,0.963,0.138,0.542,11.551,0.0,-999.0,
1978,0.356,8.852,0.898,0.428,0.0,0.369,15.551,0.0,-999.0,
1979,0.718,7.154,0.31,0.082,0.0,0.16,5.65,0.0,-999.0,
1980,0.733,16.579,3.19,0.986,0.0,0.349,25.316,0.0,-999.0,
1981,0.439,11.614,1.146,0.505,0.0,0.654,9.628,0.0,-999.0,
1982,0.239,6.623,0.544,0.452,0.0,0.365,9.718,0.0,-999.0,
1983,0.707,8.41,1.968,1.278,0.0,0.475,10.203,0.0,-999.0,
1984,0.4,4.257,0.588,0.325,0.034,0.449,8.013,0.0,-999.0,
1985,0.241,5.64,0.401,0.119,0.054,0.692,9.18,0.0,-999.0,
1986,0.367,8.122,1.14,0.452,0.034,0.337,12.838,0.0,-999.0,
1987,0.489,8.038,1.26,0.374,0.0,0.253,11.107,0.0,-999.0,
1988,0.956,7.893,3.406,1.777,0.0,0.529,12.786,0.0,-999.0,
1989,0.287,5.654,0.633,0.448,0.0,0.73,11.111,0.0,-999.0,
1990,0.211,7.593,1.051,0.777,0.0,1.067,13.355,0.0,-999.0,
1991,0.437,6.363,1.179,0.936,0.0,0.317,8.774,0.0,-999.0,
1992,0.067,5.453,0.568,0.055,0.018,0.385,6.447,0.0,-999.0,
1993,0.736,10.185,1.119,0.123,0.0,0.454,16.201,0.0,-999.0,
1994,0.439,4.679,0.393,0.266,0.052,1.333,10.175,0.0,-999.0,
1995,1.083,11.296,2.444,0.851,0.034,0.542,12.868,0.0,-999.0,
1996,0.056,6.359,0.943,0.428,0.0,0.899,13.863,0.0,-999.0,
1997,0.214,8.152,0.787,0.319,0.0,0.374,11.739,0.0,-999.0,
1998,0.438,19.635,1.517,0.206,0.089,0.918,27.018,0.0,-999.0,
1999,1.284,12.96,2.499,1.036,0.0,0.572,13.944,0.0,-999.0,
2000,0.232,10.203,0.822,0.436,0.018,1.17,18.816,0.0,-999.0,
2001,0.821,9.027,1.939,0.956,0.0,0.673,18.206,0.0,-999.0,
2002,1.196,9.56,1.337,0.932,0.107,1.393,10.282,0.0,-999.0,
2003,0.375,9.134,0.522,0.436,0.058,1.956,10.167,0.0,-999.0,
2004,0.201,8.935,0.22,0.058,0.0,0.821,5.684,0.0,-999.0,
2005,1.034,14.106,1.379,0.766,0.0,0.654,9.556,0.0,-999.0,
2006,1.121,11.056,2.316,0.882,0.074,1.344,16.453,0.0,-999.0,
2007,0.27,12.108,1.242,0.365,0.0,1.118,8.833,0.0,-999.0,
2008,0.233,11.309,0.671,0.083,0.0,1.337,9.449,0.0,-999.0,
2009,0.233,11.97,0.673,0.09,0.0,1.128,16.522,0.0,-999.0,
2010,1.569,25.931,2.136,0.417,0.0,1.553,24.176,0.0,-999.0,
2011,0.85,19.201,4.312,1.877,0.0,1.386,35.026,0.0,-999.0,
2012,0.883,13.718,2.743,1.088,0.0,1.646,15.895,0.0,-999.0,
2013,1.184,8.996,1.02,0.208,0.135,1.26,11.772,0.0,-999.0,
2014,0.155,10.106,0.476,0.097,0.038,0.647,12.566,0.0,-999.0,
2015,0.967,15.547,0.821,0.194,0.241,0.873,14.697,0.0,-999.0,
2016,1.072,18.284,1.619,0.78,0.0,1.094,20.799,0.0,-999.0,
2017,0.494,13.329,0.895,0.34,0.0,1.663,12.789,0.0,-999.0,
2018,1.345,15.154,1.34,0.535,0.0,1.848,17.198,0.0,-999.0,
2019,0.783,17.142,1.235,0.53,0.0,1.358,18.342,0.0,-999.0,
2020,1.402,15.499,0.688,0.493,0.058,2.143,16.019,0.0,-999.0,
