Year,Northeast,Southeast,Midwest,Northern Great Plains,Northwest,Southwest,Southern Great Plains,Alaska,Hawaii,Puerto Rico
1900,9.672,16.678,8.299,5.298,4.083,3.01,10.333,-999.0,-999.0,
1901,10.345,15.6,5.689,4.723,5.105,3.043,5.634,-999.0,-999.0,
1902,9.75,14.333,8.972,5.777,6.348,3.635,10.782,-999.0,-999.0,
1903,9.299,14.517,8.36,5.08,4.054,2.838,9.748,-999.0,-999.0,
1904,7.537,10.978,7.886,4.083,5.425,4.693,9.064,-999.0,-999.0,
1905,8.717,16.603,9.414,5.257,4.483,4.808,11.262,-999.0,14.333,
1906,8.355,15.943,7.526,5.224,5.208,4.859,8.826,-999.0,14.333,
1907,8.875,14.788,7.797,3.414,5.735,3.679,9.415,-999.0,14.5,
1908,7.661,14.977,7.591,4.993,3.886,3.114,10.984,-999.0,7.0,
1909,7.529,14.667,9.58,3.995,6.495,5.551,7.801,-999.0,12.667,
1910,6.833,13.404,5.963,2.302,4.452,2.138,5.813,-999.0,17.5,
1911,7.944,14.264,7.648,3.874,3.091,3.954,8.234,-999.0,18.0,
1912,8.854,16.331,7.278,3.154,4.96,3.027,7.773,-999.0,12.333,
1913,9.906,15.419,7.755,3.174,4.019,3.167,8.519,-999.0,13.667,
1914,7.167,12.686,7.342,3.715,4.505,4.571,8.744,-999.0,10.5,
1915,9.01,16.938,8.379,5.493,3.453,4.48,10.875,-999.0,15.0,
1916,7.417,13.665,7.543,3.563,5.261,3.748,7.53,-999.0,24.5,
1917,7.727,12.882,6.169,2.667,4.454,1.826,4.73,-999.0,6.5,
1918,8.283,14.565,7.356,3.425,3.675,2.759,8.975,-999.0,34.0,
1919,8.392,17.023,8.255,3.259,4.946,3.293,10.801,-999.0,6.5,
1920,9.667,17.248,7.001,3.728,4.538,2.88,9.302,-999.0,7.667,
1921,6.606,13.006,8.296,3.486,5.406,3.015,7.659,-999.0,18.0,
1922,8.119,16.35,7.426,3.422,3.496,3.029,9.132,-999.0,13.333,
1923,7.429,16.889,7.287,4.647,3.895,2.5,11.777,-999.0,16.667,
1924,9.029,13.989,7.362,2.758,3.925,1.869,6.742,-999.0,12.333,
1925,8.142,12.009,6.642,2.939,2.886,2.533,7.172,-999.0,7.667,
1926,7.792,15.458,8.293,3.079,4.487,3.601,10.005,-999.0,6.0,
1927,9.091,15.059,9.169,3.784,6.25,3.691,9.384,-999.0,16.333,
1928,7.383,15.843,7.822,3.237,3.978,2.587,9.593,-999.0,12.333,
1929,7.755,17.082,7.849,3.043,3.278,2.135,9.38,-999.0,23.667,
1930,4.823,12.546,5.114,3.582,2.339,2.621,8.485,-999.0,22.0,
1931,6.745,12.618,7.283,2.653,4.858,3.079,7.425,-999.0,16.0,
1932,8.772,16.69,6.796,3.103,5.283,1.73,8.599,-999.0,16.667,
1933,7.444,13.845,6.56,2.538,5.819,2.858,7.664,-999.0,12.333,
1934,7.116,13.847,6.138,1.925,5.013,1.852,7.25,-999.0,15.333,
1935,7.263,14.575,7.639,3.136,2.833,2.611,10.292,-999.0,18.333,
1936,8.803,14.298,5.614,1.545,4.007,3.352,7.268,-999.0,24.667,
1937,10.461,15.722,7.708,2.964,6.807,3.667,6.696,-999.0,21.667,
1938,8.299,12.915,8.838,3.514,4.0,3.747,8.268,-999.0,15.667,
1939,6.299,14.562,6.6,2.218,2.864,1.66,6.186,-999.0,19.0,
1940,7.77,13.806,6.273,2.402,4.742,4.195,9.44,-999.0,10.0,
1941,6.303,12.945,8.05,3.765,3.768,5.154,11.596,-999.0,14.0,
1942,9.586,14.532,8.688,4.017,4.559,3.336,10.058,-999.0,19.0,
1943,6.656,12.905,7.366,2.837,3.575,2.79,6.563,-999.0,12.333,
1944,6.896,16.171,6.643,5.08,1.675,3.1,10.564,-999.0,9.333,
1945,9.967,17.123,9.414,2.86,4.802,3.041,9.781,-999.0,8.667,
1946,7.198,16.862,7.547,4.514,4.299,2.352,10.205,-999.0,12.0,
1947,7.107,15.617,7.819,3.172,4.162,1.935,7.438,-999.0,10.667,
1948,8.458,17.505,6.897,3.387,5.819,2.173,7.613,-999.0,15.0,
1949,5.248,14.951,7.778,3.501,3.775,2.022,9.485,-999.0,7.333,
1950,7.753,15.201,8.725,3.22,5.906,3.269,8.426,-999.0,16.0,
1951,8.563,14.098,8.526,4.065,5.226,3.352,9.255,-999.0,14.667,
1952,8.451,12.881,6.337,2.32,2.495,3.761,5.651,-999.0,12.667,
1953,8.895,15.026,5.399,3.853,6.053,1.918,7.581,-999.0,4.333,
1954,8.654,11.099,7.434,2.85,5.019,3.022,5.801,-999.0,17.0,
1955,8.002,13.112,6.342,2.432,5.494,2.731,7.463,-999.0,13.667,
1956,7.148,13.063,6.152,2.301,4.386,1.864,4.261,-999.0,13.667,
1957,5.41,17.434,8.575,3.88,3.673,3.324,12.075,-999.0,14.333,
1958,8.419,14.358,7.167,2.683,4.994,3.987,8.827,-999.0,18.0,
1959,8.074,15.365,8.346,3.269,4.21,2.245,9.681,-999.0,12.0,
1960,7.993,13.543,7.076,3.182,4.222,2.741,8.629,-999.0,12.333,
1961,6.769,16.755,8.12,2.875,4.675,2.077,9.967,-999.0,11.333,
1962,7.29,13.888,6.318,4.254,3.636,3.206,7.87,-999.0,7.333,
1963,5.886,11.993,5.336,2.935,4.211,3.098,5.754,-999.0,13.667,
1964,5.788,17.518,6.902,3.844,5.633,2.06,7.863,-999.0,18.667,
1965,3.781,13.253,8.415,4.117,3.876,3.554,9.409,-999.0,17.0,
1966,6.445,14.982,6.581,2.93,4.548,2.649,6.547,-999.0,13.333,
1967,7.919,14.457,7.069,3.281,4.157,2.988,8.723,-999.0,16.333,
1968,7.336,13.499,7.812,3.91,4.996,2.348,9.961,-999.0,15.667,
1969,8.079,14.993,7.711,3.506,3.96,4.509,9.91,-999.0,33.0,
1970,7.117,14.003,8.006,3.219,4.717,3.711,7.342,-999.0,24.5,
1971,7.552,14.965,6.965,3.601,5.253,1.914,8.683,-999.0,11.333,
1972,9.797,15.708,8.231,3.144,5.028,2.31,8.02,-999.0,14.333,
1973,10.373,18.33,9.515,3.934,4.639,3.452,12.958,-999.0,18.0,
1974,8.477,16.099,7.283,2.154,5.28,2.693,9.629,-999.0,14.667,
1975,10.526,17.858,7.589,3.565,5.228,2.206,8.558,-999.0,11.667,
1976,8.743,14.064,5.334,2.2,2.598,1.503,8.318,-999.0,14.667,
1977,10.563,14.528,8.368,4.534,4.055,2.384,8.155,-999.0,15.0,
1978,8.63,13.954,7.826,3.589,2.474,3.95,7.112,-999.0,17.5,
1979,10.336,19.579,8.012,3.501,4.356,3.434,10.205,-999.0,17.667,
1980,6.707,13.731,6.415,2.718,4.706,3.318,7.136,-999.0,21.0,
1981,7.545,11.782,8.431,3.418,4.597,3.41,9.852,-999.0,12.667,
1982,7.41,16.856,8.942,4.865,5.755,4.381,8.929,-999.0,25.333,
1983,11.714,18.363,8.49,3.605,6.107,5.333,7.82,-999.0,10.0,
1984,9.298,16.215,8.204,3.929,4.159,2.167,8.221,-999.0,14.0,
1985,6.99,14.275,9.888,3.371,2.43,2.318,11.041,-999.0,15.333,
1986,7.852,13.039,8.868,4.197,4.219,3.652,11.037,-999.0,16.667,
1987,8.368,14.381,6.581,3.554,4.039,2.336,10.548,-999.0,20.0,
1988,6.676,13.281,6.125,2.919,3.717,2.025,6.257,-999.0,14.333,
1989,10.176,17.307,6.712,2.656,3.217,1.708,9.129,-999.0,26.0,
1990,10.41,16.936,10.653,2.956,5.154,1.891,9.741,-999.0,21.667,
1991,7.517,18.563,7.944,3.766,3.576,3.133,10.617,-999.0,16.667,
1992,7.414,16.133,7.536,3.576,3.732,3.303,11.154,-999.0,14.667,
1993,8.272,14.198,10.006,5.046,2.766,3.58,9.681,-999.0,12.0,
1994,9.721,17.438,7.686,3.353,3.826,2.605,9.818,-999.0,18.333,
1995,7.776,16.21,8.226,4.62,6.234,4.518,10.115,-999.0,9.667,
1996,12.478,15.995,8.853,3.725,8.46,4.152,9.006,-999.0,16.667,
1997,6.85,16.124,6.765,3.949,5.37,3.324,11.709,-999.0,15.0,
1998,9.51,16.237,9.623,4.565,6.512,4.634,10.656,-999.0,12.333,
1999,8.659,13.618,7.875,3.903,5.933,2.352,9.315,-999.0,12.0,
2000,8.897,12.626,8.148,3.027,3.01,2.921,9.391,-999.0,9.333,
2001,6.755,15.725,8.275,3.989,3.376,2.774,9.86,-999.0,10.0,
2002,9.462,16.452,8.286,2.722,4.078,2.396,10.318,-999.0,11.667,
2003,12.424,17.098,7.665,2.784,4.19,2.494,7.81,-999.0,10.0,
2004,9.795,16.718,8.932,3.532,3.672,3.509,11.756,-999.0,22.0,
2005,11.224,13.18,7.369,4.3,5.261,4.102,7.645,-999.0,15.667,
2006,11.471,14.731,8.487,3.267,6.688,3.141,8.016,-999.0,18.333,
2007,9.129,11.623,8.837,5.091,3.949,1.958,12.234,-999.0,11.667,
2008,9.536,14.682,10.476,4.91,2.75,2.565,9.503,-999.0,10.333,
2009,8.887,19.372,9.129,3.236,3.779,2.324,9.886,-999.0,16.667,
2010,10.767,12.98,9.594,4.857,5.452,3.871,9.198,-999.0,9.0,
2011,13.232,15.414,9.639,4.311,3.879,1.915,5.584,-999.0,13.0,
2012,7.951,13.798,6.395,1.82,6.013,2.33,7.079,-999.0,5.333,
2013,9.738,18.236,9.569,4.919,3.195,1.324,8.747,-999.0,13.333,
2014,9.235,15.408,8.973,4.013,5.754,2.758,7.897,-999.0,17.333,
2015,8.677,17.988,10.997,4.5,6.224,2.481,13.332,-999.0,20.667,
2016,7.904,14.708,8.636,4.254,5.444,3.27,10.303,-999.0,15.0,
2017,10.156,15.81,8.986,4.024,5.685,3.927,10.484,-999.0,11.333,
2018,13.21,19.061,10.622,4.681,3.759,2.837,11.38,-999.0,17.333,
2019,10.203,17.664,10.934,5.797,2.964,3.799,11.015,-999.0,17.0,
2020,8.575,19.383,8.7,2.714,4.143,1.095,8.627,-999.0,12.5,
2021,9.811,15.51,8.461,3.525,4.049,3.058,8.902,-999.0,20.0,
