Year,Alaska,Hawaii,Midwest,Northeast,Northern Great Plains,Northwest,Southeast,Southern Great Plains,Southwest
1895,-999.0,-999.0,34.82,32.57,28.91,30.77,49.29,47.74,36.6
1896,-999.0,-999.0,37.25,33.61,27.3,30.09,52.15,50.37,36.22
1897,-999.0,-999.0,33.7,33.74,27.04,32.31,50.83,48.51,36.81
1898,-999.0,-999.0,35.74,35.48,27.56,30.66,50.59,48.57,36.41
1899,-999.0,-999.0,33.15,33.45,24.23,30.58,50.97,48.51,35.77
1900,-999.0,-999.0,34.67,31.09,31.77,34.39,49.31,49.61,37.98
1901,-999.0,-999.0,34.77,34.16,31.33,32.04,47.29,46.66,36.16
1902,-999.0,-999.0,37.13,35.27,30.34,31.96,50.74,51.07,36.02
1903,-999.0,-999.0,37.79,36.51,27.81,30.51,51.56,48.27,35.98
1904,-999.0,-999.0,33.38,33.17,27.91,32.36,48.66,49.12,37.75
1905,-999.0,-999.0,35.99,33.05,30.45,33.4,52.55,51.07,37.94
1906,-999.0,-999.0,33.72,31.5,28.04,31.5,48.55,47.79,36.8
1907,-999.0,-999.0,32.09,31.12,26.9,32.56,49.96,48.4,37.31
1908,-999.0,-999.0,36.5,34.54,28.89,31.22,53.48,50.72,35.74
1909,-999.0,-999.0,33.15,32.74,26.73,30.19,49.45,47.19,34.7
1910,-999.0,-999.0,37.13,35.67,33.3,34.58,49.42,49.51,39.04
1911,-999.0,-999.0,36.36,32.32,30.4,29.89,49.98,50.25,37.16
1912,-999.0,-999.0,33.26,32.6,26.27,31.1,50.6,47.25,35.32
1913,-999.0,-999.0,33.77,34.64,27.93,31.34,49.34,46.62,35.04
1914,-999.0,-999.0,35.03,32.38,30.43,33.75,48.03,47.81,38.16
1915,-999.0,-999.0,35.44,32.53,30.32,34.54,47.57,46.56,37.0
1916,-999.0,-999.0,33.79,31.46,28.8,31.62,48.65,48.56,36.96
1917,-999.0,-999.0,32.43,31.58,25.37,28.95,47.83,45.65,32.49
1918,-999.0,-999.0,36.36,34.37,30.16,30.67,51.47,49.61,36.31
1919,-999.0,-999.0,35.3,34.15,29.04,31.87,49.48,48.54,37.31
1920,-999.0,-999.0,33.39,31.7,27.08,30.11,48.97,47.17,34.85
1921,-999.0,-999.0,38.85,37.54,30.11,32.55,51.79,50.07,36.8
1922,-999.0,-999.0,37.92,34.98,29.71,29.07,51.96,49.44,34.4
1923,-999.0,-999.0,31.37,29.88,27.11,31.27,49.05,47.3,35.74
1924,-999.0,-999.0,32.78,32.19,26.79,31.07,47.2,45.27,35.27
1925,15.27,-999.0,35.18,32.93,31.74,34.01,49.61,51.06,38.34
1926,20.33,-999.0,31.61,28.52,30.28,33.82,46.13,46.89,38.92
1927,9.13,-999.0,37.14,33.59,29.72,30.98,51.77,50.77,36.4
1928,12.07,-999.0,33.38,31.44,29.58,33.46,48.0,47.86,38.21
1929,12.07,-999.0,36.51,34.78,28.95,31.04,52.3,50.11,35.55
1930,12.9,-999.0,35.58,32.96,30.46,33.16,49.44,48.47,36.78
1931,14.13,-999.0,34.36,34.4,28.49,32.77,46.29,44.64,37.02
1932,16.87,-999.0,33.18,31.6,29.09,33.12,47.9,47.22,36.38
1933,14.27,-999.0,36.14,34.68,29.6,30.48,50.89,49.14,34.24
1934,16.07,-999.0,34.55,32.02,32.4,36.53,48.79,48.48,40.73
1935,14.3,-999.0,35.35,32.7,28.03,30.47,51.93,50.43,36.16
1936,13.8,-999.0,35.61,35.12,30.08,33.38,49.74,49.38,37.9
1937,11.67,-999.0,34.47,32.33,29.86,32.42,48.12,47.91,36.52
1938,16.67,-999.0,38.11,34.68,31.32,32.65,52.24,50.77,36.81
1939,13.53,-999.0,35.01,32.01,30.85,32.99,49.76,49.58,37.85
1940,19.1,-999.0,32.68,31.51,30.52,34.86,47.27,48.06,38.81
1941,17.63,-999.0,36.73,32.16,31.95,33.99,48.17,49.15,37.41
1942,16.67,-999.0,37.83,36.79,30.44,31.68,49.29,48.29,34.93
1943,16.2,-999.0,32.35,31.42,26.84,31.6,49.1,47.81,38.17
1944,14.63,-999.0,35.12,32.91,28.34,31.24,50.02,47.39,34.83
1945,12.33,-999.0,36.89,36.54,28.2,31.9,52.09,49.04,34.83
1946,11.57,-999.0,38.61,35.33,32.26,33.06,52.03,50.63,37.58
1947,16.0,-999.0,32.6,32.23,27.85,34.24,48.06,46.54,37.78
1948,12.83,-999.0,35.25,33.65,28.37,31.18,51.87,49.04,34.89
1949,14.43,-999.0,35.44,34.0,30.69,33.63,49.38,49.35,37.31
1950,17.03,-999.0,31.99,30.86,25.66,30.34,48.25,47.59,35.74
1951,14.0,-999.0,34.24,34.89,25.36,30.54,48.44,47.28,36.23
1952,12.47,-999.0,34.78,34.2,28.49,31.38,48.5,46.67,36.04
1953,15.53,-999.0,35.62,36.39,28.18,31.23,51.28,49.61,34.93
1954,14.87,-999.0,33.94,33.58,27.06,30.85,49.32,48.9,37.73
1955,12.97,-999.0,37.04,35.48,28.26,28.58,51.94,50.5,34.54
1956,14.23,-999.0,33.34,30.21,28.07,32.61,49.14,48.88,36.32
1957,18.93,-999.0,35.68,34.83,29.79,34.38,50.75,48.84,36.9
1958,18.53,-999.0,35.31,34.48,30.22,33.16,49.08,47.18,36.67
1959,9.87,-999.0,36.46,33.85,29.64,31.43,49.81,48.24,36.62
1960,13.4,-999.0,31.76,32.32,27.77,32.0,45.75,46.53,37.03
1961,12.3,-999.0,34.53,32.8,30.0,32.92,48.38,48.18,36.45
1962,14.53,-999.0,36.2,34.14,29.13,31.78,48.67,48.6,35.84
1963,15.0,-999.0,36.41,32.65,31.14,32.57,50.85,51.69,36.51
1964,9.6,-999.0,36.44,34.11,28.35,29.55,50.28,49.29,34.26
1965,19.77,-999.0,34.31,33.06,26.15,30.61,50.01,48.43,35.38
1966,10.27,-999.0,34.37,32.5,28.6,31.45,48.68,48.4,37.19
1967,18.2,-999.0,34.95,30.52,28.19,30.81,50.58,51.32,35.96
1968,15.87,-999.0,36.03,33.9,29.09,31.83,48.38,48.21,35.95
1969,18.63,-999.0,34.02,32.63,28.58,31.83,47.4,47.18,36.18
1970,17.8,-999.0,35.32,33.8,27.54,30.52,49.83,47.4,34.68
1971,9.33,-999.0,32.94,31.21,29.17,31.1,45.67,47.17,34.9
1972,7.63,-999.0,34.85,31.69,30.8,32.58,49.03,50.13,37.69
1973,15.33,-999.0,38.39,36.83,30.1,32.07,50.46,48.08,35.91
1974,14.43,-999.0,36.44,33.62,30.0,32.18,51.33,51.81,37.47
1975,13.87,-999.0,33.98,32.92,27.12,29.96,49.51,47.7,33.98
1976,14.53,-999.0,36.07,34.2,29.58,30.37,49.27,48.4,35.77
1977,11.37,-999.0,41.22,35.97,32.77,31.34,51.36,50.53,35.16
1978,17.57,-999.0,34.67,32.37,31.13,33.63,48.53,49.09,38.2
1979,18.57,-999.0,34.67,36.03,28.42,32.9,50.08,48.63,37.07
1980,19.03,-999.0,34.77,33.9,30.16,33.65,48.61,46.79,35.71
1981,20.93,-999.0,36.96,34.83,32.4,33.59,48.55,50.48,38.58
1982,14.33,-999.0,35.75,32.73,28.59,30.5,50.44,49.59,36.56
1983,17.8,-999.0,35.21,35.21,29.12,33.63,47.49,46.2,36.04
1984,15.77,-999.0,33.76,32.02,29.58,32.76,48.18,47.77,37.07
1985,11.43,-999.0,39.66,34.92,31.99,31.67,51.1,51.71,38.0
1986,11.3,-999.0,38.59,35.61,32.92,34.14,49.24,51.12,39.11
1987,15.73,-999.0,39.19,35.55,33.56,35.22,49.31,47.73,37.86
1988,18.13,-999.0,35.99,34.33,31.26,33.05,47.63,47.06,36.5
1989,16.8,-999.0,34.3,33.09,29.51,33.74,49.35,49.77,39.93
1990,20.4,-999.0,36.64,34.8,30.45,33.92,50.33,50.02,38.85
1991,17.73,-999.0,40.57,37.79,32.02,31.81,53.91,51.5,35.54
1992,14.5,-999.0,36.14,32.41,32.62,36.34,48.29,49.57,40.77
1993,20.9,-999.0,35.14,33.19,31.25,35.14,47.64,47.53,38.78
1994,16.7,-999.0,35.76,33.34,32.12,34.85,49.39,49.26,38.98
1995,17.57,-999.0,35.67,33.9,28.65,33.04,51.09,48.54,36.69
1996,17.7,-999.0,32.35,32.4,27.36,32.84,48.12,47.88,38.16
1997,15.83,-999.0,33.17,31.71,28.0,33.51,48.77,47.61,38.5
1998,22.03,-999.0,39.28,37.42,30.43,33.55,50.78,48.61,35.71
1999,14.6,-999.0,37.65,34.58,31.09,30.57,49.48,50.08,36.27
2000,17.37,-999.0,38.76,36.54,32.16,33.62,50.91,51.63,39.5
2001,15.13,-999.0,37.43,33.91,31.57,33.13,49.81,50.4,39.36
2002,16.6,-999.0,34.0,34.6,25.26,31.35,50.67,49.39,36.97
2003,16.83,-999.0,35.69,33.34,30.92,33.81,51.82,50.07,38.0
2004,18.83,-999.0,38.56,37.03,31.98,34.64,51.5,52.23,40.31
2005,19.73,-999.0,35.72,32.31,31.04,34.54,47.89,48.71,37.83
2006,13.93,-999.0,38.81,35.27,31.9,33.05,50.88,52.53,38.18
2007,13.97,-999.0,38.88,33.53,33.04,33.95,50.01,51.25,39.26
2008,16.67,-999.0,34.28,33.42,27.88,30.34,49.45,48.57,35.73
2009,14.97,-999.0,36.4,34.98,28.63,31.63,50.93,49.44,38.39
2010,16.77,-999.0,40.15,38.29,31.79,31.45,50.61,49.35,35.55
2011,15.63,-999.0,36.78,36.64,29.11,31.01,51.33,50.51,36.82
2012,14.0,-999.0,42.81,39.25,34.42,33.17,54.68,54.54,39.1
2013,11.53,-999.0,34.13,34.96,27.53,33.14,47.74,46.93,38.35
2014,18.13,-999.0,33.47,31.91,29.32,34.01,48.63,47.18,38.64
2015,20.77,-999.0,37.0,33.72,31.83,35.17,52.66,50.57,39.2
2016,23.57,-999.0,38.94,35.51,32.8,36.18,52.12,50.81,39.09
2017,15.7,-999.0,38.31,35.68,32.15,34.44,52.28,51.36,39.44
2018,20.23,-999.0,35.82,34.75,30.24,34.55,50.29,50.23,39.3
2019,24.63,-999.0,35.29,35.07,28.0,33.43,51.66,49.18,38.01
2020,18.8,-999.0,37.08,35.4,29.72,33.15,52.19,51.37,39.54
2021,15.13,-999.0,38.18,35.25,30.36,32.3,50.36,49.89,37.95
