Year,Alaska,Hawaii,Midwest,Northeast,Northern Great Plains,Northwest,Southeast,Southern Great Plains,Southwest
1895,-999.0,-999.0,576.29,390.63,258.35,141.43,1170.78,1361.78,690.34
1896,-999.0,-999.0,583.12,413.76,315.47,242.09,1270.67,1572.53,832.94
1897,-999.0,-999.0,559.96,359.29,290.61,194.56,1249.15,1502.39,777.29
1898,-999.0,-999.0,623.69,507.23,341.9,229.42,1253.28,1415.48,847.83
1899,-999.0,-999.0,649.38,450.81,310.8,123.65,1295.85,1505.31,715.29
1900,-999.0,-999.0,700.6,542.03,421.59,171.29,1273.23,1443.14,776.26
1901,-999.0,-999.0,840.86,530.74,464.93,210.72,1280.88,1667.71,845.63
1902,-999.0,-999.0,468.04,304.4,241.03,122.81,1292.68,1494.55,739.59
1903,-999.0,-999.0,422.0,253.75,247.48,153.03,1083.9,1225.83,760.14
1904,-999.0,-999.0,405.34,312.98,234.0,184.52,1085.36,1275.43,727.83
1905,-999.0,-999.0,535.59,369.2,298.4,197.93,1175.24,1406.69,760.76
1906,-999.0,-999.0,559.21,458.91,275.02,258.88,1177.36,1300.7,743.45
1907,-999.0,-999.0,477.19,285.35,271.43,124.09,1155.18,1435.42,655.2
1908,-999.0,-999.0,523.49,427.91,265.18,185.36,1153.66,1345.91,708.51
1909,-999.0,-999.0,599.98,323.26,384.55,144.91,1203.38,1542.21,774.79
1910,-999.0,-999.0,572.49,356.5,342.85,158.96,1066.68,1475.45,828.0
1911,-999.0,-999.0,670.68,458.99,340.36,167.73,1214.19,1573.71,724.67
1912,-999.0,-999.0,479.94,309.42,263.26,118.23,1091.67,1414.2,645.42
1913,-999.0,-999.0,718.43,394.93,407.95,173.42,1219.75,1534.51,699.87
1914,-999.0,-999.0,696.57,356.97,396.6,192.94,1318.24,1541.18,733.88
1915,-999.0,-999.0,317.74,288.77,169.43,213.78,1114.59,1264.6,727.61
1916,-999.0,-999.0,712.75,412.08,367.8,130.55,1143.03,1492.55,704.0
1917,-999.0,-999.0,463.61,415.19,324.43,217.17,1097.93,1476.17,826.45
1918,-999.0,-999.0,644.21,380.59,376.63,200.53,1185.54,1675.05,823.15
1919,-999.0,-999.0,702.32,413.49,456.4,218.2,1178.05,1340.96,818.15
1920,-999.0,-999.0,482.53,351.38,319.77,206.96,1056.62,1269.58,735.06
1921,-999.0,-999.0,821.69,468.13,447.01,190.19,1268.64,1464.59,786.95
1922,-999.0,-999.0,599.12,386.69,395.41,239.23,1153.72,1495.48,874.9
1923,-999.0,-999.0,624.62,353.7,364.81,215.5,1142.51,1523.93,696.03
1924,-999.0,-999.0,432.16,327.92,255.59,178.01,1232.25,1532.05,819.54
1925,-999.0,-999.0,607.13,411.27,358.87,214.1,1296.6,1627.8,769.43
1926,-999.0,-999.0,533.33,345.18,362.63,257.7,1187.05,1387.85,816.95
1927,-999.0,-999.0,373.06,243.98,238.18,201.75,1069.83,1361.45,748.19
1928,-999.0,-999.0,509.34,430.13,279.48,188.56,1160.75,1419.42,757.05
1929,-999.0,-999.0,507.31,325.53,409.61,219.71,1109.19,1468.83,814.98
1930,-999.0,-999.0,683.95,438.34,458.83,222.53,1217.41,1521.88,801.5
1931,-999.0,-999.0,754.39,488.96,506.28,259.65,1216.79,1457.77,925.34
1932,-999.0,-999.0,677.16,410.21,427.14,159.58,1290.9,1527.14,772.56
1933,-999.0,-999.0,774.32,436.05,523.4,235.73,1184.43,1516.31,870.81
1934,-999.0,-999.0,866.72,480.91,523.66,237.62,1356.92,1821.82,862.46
1935,-999.0,-999.0,663.25,472.29,447.9,190.72,1207.05,1484.81,832.79
1936,-999.0,-999.0,893.07,449.03,688.87,259.59,1335.51,1682.58,922.98
1937,-999.0,-999.0,707.26,523.97,500.73,200.89,1235.51,1616.34,876.5
1938,-999.0,-999.0,671.76,487.0,443.34,210.08,1182.29,1521.46,798.92
1939,-999.0,-999.0,643.09,488.81,435.19,222.48,1216.5,1560.12,849.06
1940,-999.0,-999.0,611.91,352.98,457.84,263.07,1111.13,1330.62,883.91
1941,-999.0,-999.0,666.2,407.55,416.9,234.32,1238.27,1389.2,669.23
1942,-999.0,-999.0,570.95,411.18,340.85,236.44,1208.55,1391.48,816.83
1943,-999.0,-999.0,721.0,528.23,415.63,152.24,1367.14,1627.23,773.03
1944,-999.0,-999.0,656.15,514.33,305.16,157.25,1241.53,1525.39,697.88
1945,-999.0,-999.0,452.52,374.9,298.04,203.97,1138.35,1357.55,767.32
1946,-999.0,-999.0,513.39,298.38,359.69,206.47,1063.65,1474.2,837.65
1947,-999.0,-999.0,669.74,451.33,417.42,164.52,1130.17,1502.55,752.41
1948,-999.0,-999.0,602.93,425.03,358.89,156.0,1199.57,1512.74,765.84
1949,-999.0,-999.0,743.3,612.72,412.02,182.76,1206.02,1426.3,755.78
1950,-999.0,-999.0,400.04,337.54,224.54,193.0,1046.61,1267.81,738.47
1951,-999.0,-999.0,459.25,394.3,245.78,190.54,1256.46,1536.45,779.64
1952,-999.0,-999.0,698.79,557.38,389.14,193.42,1382.08,1645.33,812.33
1953,-999.0,-999.0,709.6,449.64,416.47,174.0,1265.57,1609.73,820.21
1954,-999.0,-999.0,698.33,373.0,429.5,127.06,1365.87,1742.12,802.31
1955,-999.0,-999.0,776.4,589.38,465.88,158.37,1127.46,1432.93,727.88
1956,-999.0,-999.0,595.8,343.94,396.88,189.57,1176.15,1647.05,783.98
1957,-999.0,-999.0,623.3,421.61,400.25,152.69,1170.47,1526.66,837.03
1958,-999.0,-999.0,460.16,363.86,299.14,326.47,1164.25,1498.49,872.26
1959,-999.0,-999.0,692.01,514.77,437.9,204.42,1166.64,1394.7,907.13
1960,-999.0,-999.0,527.35,381.7,381.25,229.58,1175.55,1423.33,909.02
1961,-999.0,-999.0,541.29,403.27,459.0,350.65,1009.78,1240.9,901.47
1962,-999.0,-999.0,516.3,327.55,292.67,143.82,1161.5,1467.44,770.31
1963,-999.0,-999.0,588.84,363.47,439.79,148.75,1118.69,1593.34,767.49
1964,-999.0,-999.0,591.66,365.4,366.94,144.13,1139.2,1525.12,787.25
1965,-999.0,-999.0,480.73,344.18,309.35,185.2,1079.85,1424.97,695.9
1966,-999.0,-999.0,609.55,471.86,393.64,174.24,1090.01,1395.38,843.21
1967,-999.0,-999.0,437.09,402.51,303.26,321.84,946.58,1313.01,816.23
1968,-999.0,-999.0,577.23,436.75,316.16,182.51,1153.21,1326.87,731.0
1969,-999.0,-999.0,551.06,435.94,361.18,181.84,1186.64,1506.05,867.67
1970,-999.0,-999.0,612.74,450.58,453.82,239.82,1118.31,1435.64,873.45
1971,-999.0,-999.0,558.21,402.28,388.77,245.04,1100.99,1374.91,832.64
1972,-999.0,-999.0,496.15,353.17,314.8,226.92,1042.35,1342.9,830.11
1973,-999.0,-999.0,660.99,552.32,412.52,193.16,1147.04,1321.71,803.9
1974,-999.0,-999.0,547.42,385.62,384.19,204.7,1007.36,1345.93,830.39
1975,-999.0,-999.0,642.0,467.91,398.32,178.5,1117.95,1336.8,744.01
1976,-999.0,-999.0,578.42,384.23,424.68,137.75,997.59,1273.82,744.43
1977,-999.0,-999.0,602.68,414.18,374.67,251.55,1260.7,1534.51,905.35
1978,-999.0,-999.0,569.19,419.71,334.24,182.67,1210.88,1556.3,845.02
1979,-999.0,-999.0,510.83,378.84,335.55,215.26,1064.0,1320.92,760.29
1980,-999.0,-999.0,710.4,488.47,414.6,136.98,1338.59,1765.74,865.6
1981,-999.0,-999.0,571.18,431.25,376.05,218.75,1237.61,1435.82,954.39
1982,-999.0,-999.0,480.75,325.79,331.89,182.14,1118.61,1444.5,773.4
1983,-999.0,-999.0,822.8,521.13,512.27,166.49,1223.84,1430.75,778.39
1984,-999.0,-999.0,636.64,460.78,430.25,204.47,1097.44,1473.63,821.95
1985,-999.0,-999.0,460.02,360.12,312.31,261.67,1121.66,1407.15,894.19
1986,-999.0,-999.0,580.12,380.33,372.85,256.24,1267.57,1460.68,846.88
1987,-999.0,-999.0,732.41,493.69,375.58,182.35,1283.88,1401.36,767.05
1988,-999.0,-999.0,834.18,569.14,570.83,235.08,1206.84,1468.29,882.24
1989,-999.0,-999.0,576.39,432.91,410.09,185.91,1109.32,1273.28,845.69
1990,-999.0,-999.0,555.37,452.54,379.23,268.16,1213.97,1483.02,858.45
1991,-999.0,-999.0,710.43,541.44,449.87,248.25,1206.97,1432.98,762.14
1992,-999.0,-999.0,347.84,298.88,185.98,255.4,1030.09,1209.41,782.95
1993,-999.0,-999.0,589.56,516.53,221.77,83.6,1307.29,1488.26,741.19
1994,-999.0,-999.0,530.93,521.36,347.36,277.22,1127.42,1455.83,1027.15
1995,-999.0,-999.0,777.04,570.84,399.07,163.45,1243.22,1412.66,836.22
1996,-999.0,-999.0,523.74,405.12,362.3,268.04,1122.63,1437.86,985.08
1997,-999.0,-999.0,524.11,393.07,366.05,219.46,1089.78,1384.02,833.52
1998,-999.0,-999.0,628.34,463.85,409.4,319.46,1355.75,1698.57,873.61
1999,-999.0,-999.0,680.8,588.11,376.97,191.33,1278.2,1502.98,787.34
2000,-999.0,-999.0,544.3,343.51,435.32,230.86,1229.98,1549.14,960.76
2001,-999.0,-999.0,649.5,483.1,473.9,241.86,1162.37,1569.94,945.45
2002,-999.0,-999.0,750.62,579.09,493.56,257.23,1254.7,1462.98,997.88
2003,-999.0,-999.0,593.99,476.87,497.34,357.5,1138.19,1470.32,1029.55
2004,-999.0,-999.0,403.69,391.21,250.53,300.15,1097.11,1247.19,842.24
2005,-999.0,-999.0,761.14,644.4,418.98,259.68,1285.23,1490.6,906.92
2006,-999.0,-999.0,699.58,549.16,523.27,305.85,1291.67,1588.21,1016.33
2007,-999.0,-999.0,686.46,481.32,519.77,312.97,1308.34,1379.51,1007.15
2008,-999.0,-999.0,574.14,490.48,370.32,230.74,1214.47,1480.93,943.6
2009,-999.0,-999.0,428.15,398.71,248.96,273.04,1176.49,1537.88,875.85
2010,-999.0,-999.0,793.64,655.73,398.68,180.73,1478.61,1640.89,901.32
2011,-999.0,-999.0,776.39,592.72,448.67,188.09,1441.11,1941.68,955.08
2012,-999.0,-999.0,812.92,588.84,561.77,276.13,1248.83,1628.89,1011.26
2013,-999.0,-999.0,560.9,527.05,415.63,344.77,1135.31,1486.17,992.38
2014,-999.0,-999.0,525.88,432.81,327.93,338.81,1131.91,1439.09,924.9
2015,-999.0,-999.0,537.0,502.08,386.57,396.77,1281.36,1501.8,973.21
2016,-999.0,-999.0,734.01,641.54,436.72,261.11,1390.74,1575.21,1027.2
2017,-999.0,-999.0,568.23,452.13,439.19,369.95,1182.27,1456.17,1039.02
2018,-999.0,-999.0,711.79,605.68,406.58,319.75,1302.55,1638.13,1061.04
2019,-999.0,-999.0,627.16,558.8,358.98,258.49,1263.77,1512.43,977.07
2020,-999.0,-999.0,737.57,657.75,482.98,254.73,1267.06,1564.3,1083.69
2021,-999.0,-999.0,747.84,603.08,555.75,430.05,1230.16,1459.69,1067.68
