Year,Alaska,Hawaii,Midwest,Northeast,Northern Great Plains,Northwest,Southeast,Southern Great Plains,Southwest
1895,-999.0,-999.0,57.02,55.2,48.45,45.75,67.33,66.65,54.53
1896,-999.0,-999.0,58.13,55.92,50.91,48.45,68.3,67.87,57.32
1897,-999.0,-999.0,57.39,55.13,50.39,46.89,67.63,66.87,55.44
1898,-999.0,-999.0,58.53,57.65,51.39,47.68,68.3,67.33,56.77
1899,-999.0,-999.0,58.82,56.1,50.33,44.87,67.95,68.22,54.68
1900,-999.0,-999.0,59.56,57.24,52.76,46.64,68.42,68.41,55.09
1901,-999.0,-999.0,60.18,58.0,52.67,46.11,68.02,69.27,56.13
1902,-999.0,-999.0,56.85,53.88,49.4,44.58,67.42,68.58,54.6
1903,-999.0,-999.0,55.73,53.37,50.43,46.67,66.01,65.95,55.1
1904,-999.0,-999.0,55.68,54.65,49.44,46.29,65.75,66.47,55.1
1905,-999.0,-999.0,58.13,55.63,51.26,47.0,67.54,67.72,54.59
1906,-999.0,-999.0,57.89,57.03,50.51,47.44,67.63,66.15,54.78
1907,-999.0,-999.0,56.96,53.71,49.83,45.56,66.36,67.27,53.57
1908,-999.0,-999.0,57.26,55.36,50.05,46.57,66.78,67.01,54.34
1909,-999.0,-999.0,58.82,54.09,53.0,45.54,67.58,68.66,55.93
1910,-999.0,-999.0,56.92,54.72,50.82,45.07,66.28,67.65,55.59
1911,-999.0,-999.0,58.5,56.22,50.8,46.12,67.11,68.52,54.9
1912,-999.0,-999.0,56.66,53.63,50.4,46.48,66.47,66.91,54.04
1913,-999.0,-999.0,58.97,54.13,52.4,47.85,66.7,67.69,55.02
1914,-999.0,-999.0,59.06,54.55,51.98,46.65,68.1,68.73,55.66
1915,-999.0,-999.0,54.57,54.36,48.5,46.96,66.49,65.94,54.09
1916,-999.0,-999.0,58.84,56.03,51.15,45.35,67.1,67.69,54.09
1917,-999.0,-999.0,55.98,56.44,49.63,45.98,65.85,66.83,55.45
1918,-999.0,-999.0,58.16,54.51,52.16,47.54,66.2,68.88,56.58
1919,-999.0,-999.0,59.67,56.05,53.32,46.03,67.3,66.75,55.82
1920,-999.0,-999.0,56.54,55.29,51.26,46.72,65.95,66.04,54.58
1921,-999.0,-999.0,61.03,56.22,53.6,47.1,67.8,68.21,56.28
1922,-999.0,-999.0,58.01,56.14,52.59,48.29,66.79,67.8,56.57
1923,-999.0,-999.0,58.51,53.88,52.98,47.85,66.95,68.32,54.44
1924,-999.0,-999.0,55.94,53.95,49.15,45.81,67.04,68.24,54.85
1925,40.6,-999.0,58.02,55.15,51.41,47.46,67.16,68.87,55.97
1926,42.73,-999.0,56.94,54.24,51.51,48.12,66.72,66.77,55.88
1927,41.8,-999.0,54.39,52.62,50.14,47.52,65.93,66.9,55.37
1928,40.73,-999.0,57.15,56.66,49.65,46.82,67.41,67.72,54.58
1929,41.07,-999.0,56.39,53.33,51.68,46.83,65.71,67.68,55.92
1930,41.9,-999.0,58.04,55.06,52.94,47.13,65.62,67.65,55.84
1931,40.97,-999.0,59.8,56.86,53.64,47.76,66.63,67.38,57.31
1932,40.2,-999.0,59.13,54.87,53.04,46.48,67.95,68.67,55.27
1933,39.97,-999.0,59.4,55.79,53.97,47.62,66.59,68.31,56.6
1934,40.43,-999.0,59.93,55.83,52.78,47.58,68.88,70.64,56.3
1935,40.87,-999.0,59.48,56.79,52.2,46.41,67.22,68.34,55.92
1936,42.97,-999.0,59.71,55.28,55.71,49.13,67.61,68.96,57.49
1937,41.57,-999.0,59.71,57.67,53.44,47.54,67.45,69.27,56.38
1938,41.0,-999.0,59.52,57.01,52.74,47.57,66.94,68.55,55.83
1939,40.6,-999.0,59.13,56.62,51.44,47.09,67.59,68.3,55.68
1940,41.33,-999.0,58.58,54.94,52.83,48.29,66.71,66.56,56.52
1941,41.9,-999.0,59.19,55.27,53.47,49.16,67.82,67.16,54.44
1942,42.33,-999.0,58.66,56.37,51.13,47.43,67.54,67.57,55.11
1943,42.63,-999.0,60.53,57.21,51.8,45.88,68.44,69.26,55.04
1944,43.1,-999.0,58.91,56.13,50.58,46.21,66.9,68.42,53.33
1945,41.27,-999.0,56.4,55.48,50.18,46.57,66.62,66.79,54.89
1946,41.73,-999.0,56.97,53.58,51.36,47.3,65.91,67.8,55.95
1947,40.93,-999.0,59.09,56.55,51.97,46.63,66.12,67.84,54.6
1948,40.8,-999.0,58.27,55.59,52.17,47.55,66.7,68.17,54.56
1949,40.9,-999.0,60.61,58.07,51.97,46.12,67.94,67.51,54.8
1950,42.63,-999.0,55.57,54.37,48.74,47.02,65.81,66.35,54.14
1951,42.8,-999.0,57.05,55.23,49.43,46.34,67.27,68.58,55.03
1952,41.5,-999.0,59.51,56.94,51.54,46.94,68.16,69.65,55.68
1953,43.27,-999.0,59.4,54.85,52.57,46.21,67.29,69.57,55.46
1954,41.67,-999.0,59.74,54.64,52.16,45.74,67.48,69.89,55.42
1955,40.63,-999.0,60.37,57.47,52.83,46.51,66.08,67.51,55.01
1956,42.03,-999.0,58.68,54.74,51.96,47.02,66.15,68.77,54.95
1957,43.8,-999.0,59.07,54.66,52.5,46.55,66.73,68.47,55.97
1958,43.73,-999.0,56.5,54.52,50.67,50.25,67.15,68.28,56.6
1959,41.47,-999.0,59.88,57.37,52.25,47.18,66.97,67.62,56.96
1960,41.6,-999.0,57.63,54.85,51.68,47.38,66.81,67.71,56.35
1961,41.77,-999.0,57.67,55.84,53.24,50.27,65.28,65.92,57.38
1962,43.37,-999.0,57.4,54.19,50.84,45.91,66.44,67.47,54.47
1963,41.57,-999.0,58.19,54.4,53.23,46.9,66.09,68.99,55.31
1964,42.17,-999.0,58.02,54.23,51.48,46.84,66.65,68.35,55.44
1965,40.93,-999.0,56.91,53.52,51.54,47.62,65.96,67.43,54.49
1966,41.77,-999.0,58.22,54.88,51.9,46.59,65.56,67.89,56.07
1967,43.33,-999.0,56.27,56.42,50.5,49.07,64.93,66.48,56.23
1968,42.97,-999.0,58.56,55.47,50.68,47.82,66.47,67.17,55.13
1969,40.97,-999.0,57.65,56.28,50.87,47.49,66.81,68.28,56.61
1970,41.07,-999.0,58.85,56.09,52.8,48.46,66.4,67.22,56.67
1971,41.9,-999.0,57.63,54.93,51.6,48.06,66.44,67.07,56.22
1972,42.93,-999.0,57.25,55.49,51.31,48.11,65.07,66.6,56.26
1973,41.07,-999.0,59.97,58.4,51.97,47.24,66.99,66.48,55.29
1974,41.6,-999.0,57.54,55.27,51.15,47.78,65.23,66.3,55.6
1975,41.13,-999.0,59.56,57.13,51.87,47.74,66.79,66.72,54.41
1976,41.87,-999.0,57.46,55.69,52.03,46.61,64.68,65.7,54.48
1977,43.5,-999.0,58.49,55.49,52.12,49.42,67.45,68.88,57.53
1978,42.47,-999.0,58.46,55.81,50.86,47.73,67.27,68.39,55.35
1979,43.37,-999.0,57.95,55.64,51.71,47.96,66.18,66.76,54.71
1980,41.83,-999.0,59.72,55.95,51.8,46.36,67.7,70.35,55.58
1981,41.7,-999.0,59.37,56.07,52.01,47.37,68.06,68.3,57.45
1982,42.27,-999.0,56.93,54.06,51.48,48.58,66.85,67.84,55.67
1983,42.4,-999.0,61.12,56.23,53.82,48.16,67.01,67.62,55.49
1984,42.03,-999.0,59.17,56.72,52.9,47.67,66.16,67.71,56.68
1985,41.47,-999.0,56.55,54.62,50.44,48.11,66.68,66.93,56.49
1986,41.93,-999.0,58.62,55.09,52.33,48.89,67.82,68.3,56.86
1987,42.87,-999.0,60.58,56.72,52.01,47.75,68.08,67.66,55.38
1988,43.33,-999.0,60.08,56.59,54.48,48.08,66.52,67.65,57.28
1989,44.2,-999.0,58.73,56.87,52.34,47.99,67.35,66.7,55.93
1990,44.03,-999.0,59.02,56.86,52.4,49.38,67.03,68.33,56.72
1991,42.27,-999.0,60.4,56.94,53.7,48.17,68.02,67.86,55.77
1992,43.37,-999.0,55.27,54.37,49.44,49.32,66.34,65.79,55.6
1993,44.33,-999.0,59.72,56.54,49.53,45.55,68.23,68.84,54.58
1994,43.63,-999.0,58.24,57.46,51.81,48.48,67.42,68.21,57.98
1995,43.1,-999.0,61.65,57.71,52.25,46.92,67.99,67.51,55.18
1996,41.93,-999.0,58.49,56.62,52.07,48.12,67.0,68.45,57.85
1997,44.8,-999.0,58.51,55.02,53.05,48.33,66.5,67.46,56.17
1998,43.2,-999.0,60.07,56.89,52.93,49.83,69.09,69.95,56.23
1999,43.5,-999.0,60.2,57.29,52.28,47.3,68.22,68.75,55.83
2000,42.03,-999.0,58.93,55.63,52.63,48.0,67.28,68.81,57.55
2001,43.07,-999.0,59.88,56.57,53.79,48.31,67.53,69.41,57.31
2002,42.13,-999.0,61.26,57.25,53.47,48.48,67.97,69.02,57.65
2003,43.23,-999.0,58.75,57.43,53.72,49.97,67.77,68.05,58.2
2004,46.43,-999.0,56.48,56.18,49.9,49.83,67.13,66.47,56.04
2005,44.2,-999.0,61.09,59.25,52.64,47.91,69.15,68.06,56.27
2006,42.47,-999.0,60.3,58.1,54.08,49.52,67.92,69.1,58.48
2007,44.47,-999.0,60.12,56.27,54.71,49.52,68.14,68.3,58.04
2008,41.47,-999.0,58.75,57.03,51.59,47.55,67.42,68.53,57.14
2009,42.9,-999.0,57.15,56.41,50.15,49.2,67.51,68.45,56.3
2010,43.57,-999.0,62.15,58.82,52.67,47.18,70.83,70.43,56.99
2011,42.83,-999.0,61.47,58.1,53.28,47.02,69.55,72.15,57.03
2012,42.87,-999.0,60.23,57.76,54.08,48.59,67.77,69.24,58.08
2013,44.6,-999.0,59.07,57.96,53.41,50.25,68.05,68.53,58.45
2014,42.97,-999.0,59.0,56.37,52.11,50.18,67.29,68.43,57.66
2015,43.7,-999.0,59.24,57.06,53.26,51.51,68.78,68.92,58.44
2016,45.53,-999.0,61.4,58.32,53.07,48.81,69.98,69.8,58.22
2017,44.67,-999.0,58.62,56.45,52.82,50.65,68.33,68.49,58.78
2018,44.07,-999.0,61.16,58.63,53.07,49.31,69.25,70.03,58.91
2019,45.87,-999.0,59.71,57.28,52.48,49.12,68.67,68.83,57.37
2020,43.8,-999.0,60.83,58.75,53.54,48.94,69.0,69.45,58.46
2021,43.93,-999.0,61.31,59.2,54.92,52.22,68.9,68.98,59.82
