Year,AK,AL,AR,AZ,CA,CO,CT,DE,FL,GA,HI,IA,ID,IL,IN,KS,KY,LA,MA,MD,ME,MI,MN,MO,MS,MT,NC,ND,NE,NH,NJ,NM,NV,NY,OH,OK,OR,PA,RI,SC,SD,TN,TX,UT,VA,VT,WA,WI,WV,WY
1895,-999.0,5.58,8.23,3.88,3.02,3.38,13.74,6.66,9.39,4.73,-999.0,5.08,3.98,7.25,8.21,3.35,6.41,8.11,15.05,6.65,9.81,7.34,5.39,6.74,6.53,3.42,6.21,1.97,2.44,12.76,7.69,3.2,1.54,8.7,6.86,5.72,4.68,6.24,15.35,5.15,2.34,7.27,5.73,2.72,5.41,10.5,6.04,5.46,5.92,2.92
1896,-999.0,8.49,11.5,4.48,6.15,4.21,12.72,9.56,11.43,9.48,-999.0,9.19,7.99,9.28,9.61,6.45,10.08,13.4,14.03,8.5,14.14,10.62,7.81,9.43,9.74,6.71,11.87,4.77,5.01,14.01,9.78,6.35,1.88,10.99,8.91,7.14,11.84,11.13,14.34,8.53,4.74,11.84,9.05,3.15,10.7,11.54,15.19,9.24,10.72,4.42
1897,-999.0,3.81,5.27,3.32,4.16,4.71,9.95,9.65,14.64,7.14,-999.0,3.62,7.85,5.48,8.02,4.25,5.95,8.58,9.81,9.58,9.35,6.56,3.84,3.96,4.72,6.53,7.65,1.32,4.52,10.19,8.89,4.76,3.13,8.46,7.98,3.4,9.55,8.79,11.14,8.37,2.52,5.17,4.37,5.27,6.79,9.64,15.85,5.15,6.85,3.03
1898,-999.0,13.29,15.5,0.7,2.74,2.79,16.23,10.98,15.79,15.97,-999.0,7.66,4.41,10.99,11.98,6.37,11.88,21.12,16.38,10.25,14.23,9.48,6.02,13.47,15.03,4.23,13.21,3.81,3.53,14.18,14.16,1.56,1.96,12.02,9.78,5.64,8.4,10.93,18.32,12.37,2.1,12.45,4.25,1.79,11.7,12.09,11.13,7.66,10.39,2.5
1899,-999.0,6.14,6.9,1.96,7.74,3.59,8.94,8.19,11.0,7.61,-999.0,3.98,6.53,7.08,7.35,4.73,6.19,5.84,9.7,9.32,8.4,7.09,5.29,7.21,4.61,3.63,9.02,1.98,2.2,8.35,10.13,3.41,1.49,8.8,6.85,9.33,10.76,8.98,10.87,10.29,2.18,6.45,6.64,2.13,8.86,9.06,15.86,6.38,7.21,2.64
1900,-999.0,13.18,12.65,3.25,7.6,2.51,12.57,9.71,11.18,10.17,-999.0,10.05,6.94,8.79,8.5,7.95,12.73,9.22,12.65,9.28,13.16,10.11,9.77,11.69,11.17,4.74,9.56,5.96,4.17,13.05,9.75,5.1,2.87,11.54,8.15,11.19,9.52,9.14,12.41,9.64,4.11,13.84,9.27,3.88,10.11,11.99,12.89,13.42,10.14,3.11
1901,-999.0,7.49,8.23,1.26,5.16,1.52,11.15,6.87,8.82,7.28,-999.0,7.66,4.26,5.13,6.35,5.4,6.81,8.53,8.72,6.7,8.71,6.82,6.41,5.36,7.83,3.41,9.03,3.37,6.18,8.51,8.01,4.08,2.11,8.55,5.28,4.82,7.51,7.18,9.48,6.78,5.42,7.11,5.77,1.58,6.94,7.8,12.81,7.54,7.0,2.08
1902,-999.0,11.96,14.44,2.55,5.77,3.93,14.79,14.33,18.13,12.52,-999.0,8.86,4.95,9.4,11.21,6.91,10.83,14.2,10.58,14.27,9.4,8.82,5.41,10.74,11.24,3.04,12.42,1.81,5.63,11.07,13.9,2.91,1.84,9.51,9.55,12.67,8.95,10.12,10.57,12.29,1.78,12.08,10.42,3.08,11.96,10.36,13.09,7.85,9.01,2.1
1903,-999.0,5.65,5.62,1.87,5.76,2.54,8.91,10.98,12.16,9.4,-999.0,6.17,7.21,7.18,6.43,5.88,6.47,3.66,7.85,7.77,6.71,7.86,8.51,8.65,3.11,4.16,7.55,3.62,3.16,6.74,12.58,1.64,1.97,9.68,6.19,5.56,11.03,8.83,6.98,7.89,3.63,6.55,3.9,2.61,7.26,6.01,16.02,8.82,6.73,3.46
1904,-999.0,4.55,4.66,1.05,4.99,3.2,9.44,8.29,11.76,4.93,-999.0,4.7,3.14,5.97,5.1,3.93,4.11,5.8,8.52,8.13,10.89,6.96,6.76,4.74,4.82,1.04,8.82,2.01,4.52,9.29,10.7,5.85,2.4,8.91,3.96,3.89,6.48,6.75,7.3,6.58,2.43,5.28,7.28,1.56,6.12,10.65,10.04,9.39,4.19,1.33
1905,-999.0,8.22,11.96,5.89,2.64,3.82,10.18,6.99,9.97,7.39,-999.0,9.79,4.36,9.53,10.91,8.04,10.89,13.97,10.37,6.69,9.21,7.94,8.22,14.16,10.27,3.63,6.19,3.4,5.95,10.4,9.47,5.22,2.1,9.87,10.08,8.88,6.43,10.07,10.25,5.19,3.97,9.87,7.47,4.47,6.39,10.27,11.93,8.01,9.3,3.11
1906,-999.0,14.76,14.76,2.23,2.21,6.04,11.03,7.59,9.07,9.6,-999.0,8.14,5.53,10.39,10.17,7.27,13.13,13.27,9.27,8.19,10.98,9.29,7.65,9.5,17.13,4.25,9.6,2.97,6.47,7.99,8.46,4.06,1.59,9.8,8.38,8.3,8.42,8.61,10.99,9.65,5.29,16.72,7.4,4.31,10.55,8.69,17.39,9.42,9.69,3.43
1907,-999.0,13.76,10.93,3.57,2.24,2.61,20.03,15.66,11.97,11.86,-999.0,5.41,3.82,6.45,8.28,5.45,9.8,13.31,18.87,14.02,14.87,8.16,4.85,7.03,11.08,1.97,10.75,2.03,3.07,17.13,17.81,4.09,1.95,14.28,8.69,7.88,6.32,12.93,17.51,10.62,2.36,11.87,10.34,2.44,11.71,16.04,9.63,6.89,11.13,2.26
1908,-999.0,5.61,10.41,2.15,3.68,4.66,4.23,6.0,13.26,7.16,-999.0,6.13,5.72,4.47,3.34,6.85,4.78,8.9,5.6,6.12,6.92,4.77,5.14,8.19,5.2,4.39,10.03,3.61,4.2,4.48,5.65,1.84,2.26,5.2,2.8,13.37,7.05,4.2,6.45,9.07,4.48,6.81,5.82,4.85,8.17,4.56,8.78,5.51,4.5,3.29
1909,-999.0,6.16,8.6,2.13,6.18,4.75,8.83,7.12,6.17,5.8,-999.0,11.04,9.35,10.45,9.41,9.38,7.19,8.36,9.02,6.53,13.87,7.1,7.17,11.88,7.07,4.87,5.71,2.0,6.52,8.43,7.05,2.77,4.37,6.99,6.63,8.58,13.86,5.99,9.44,7.27,3.44,8.27,5.26,4.21,5.48,7.77,17.99,8.33,7.43,3.76
1910,-999.0,7.95,7.82,2.83,3.63,3.28,9.5,9.27,13.23,8.63,-999.0,4.9,8.33,8.8,11.95,3.23,10.59,8.47,8.36,7.69,7.19,7.48,4.13,8.82,7.57,5.74,7.6,3.08,2.89,8.1,9.25,2.09,2.28,9.59,9.92,2.72,12.19,9.25,8.63,9.25,2.77,7.91,3.75,3.78,7.81,9.22,15.59,5.81,7.67,3.44
1911,-999.0,10.29,8.4,4.22,1.73,4.82,14.98,10.57,13.14,12.17,-999.0,9.85,6.13,14.73,13.59,5.05,12.74,9.97,13.02,10.06,9.39,11.95,7.56,12.36,8.57,6.27,12.2,4.15,5.45,11.37,13.13,4.23,1.2,10.59,12.69,5.56,7.36,12.81,13.46,12.5,5.2,10.76,4.57,4.2,10.64,10.73,11.73,13.42,12.95,3.89
1912,-999.0,9.42,7.59,2.29,4.36,3.37,9.93,9.06,16.63,11.49,-999.0,8.02,6.02,8.0,7.32,4.97,5.53,4.78,8.3,9.55,12.6,8.31,4.37,8.54,6.83,4.61,8.91,3.84,4.59,10.88,10.66,2.34,2.66,11.98,6.56,5.45,8.05,10.82,7.98,10.81,2.24,6.74,5.0,4.55,9.1,12.87,11.45,6.56,7.35,4.62
1913,-999.0,10.17,17.93,3.15,4.4,3.97,15.27,10.09,9.35,7.33,-999.0,7.55,6.31,9.82,9.72,7.14,9.29,20.83,12.3,9.31,12.3,7.7,6.56,11.89,14.03,4.49,12.17,3.38,3.3,10.64,13.8,4.35,2.51,11.3,9.23,12.34,8.39,11.76,13.21,10.95,3.09,8.19,12.71,4.04,10.01,9.85,13.29,8.12,12.26,3.38
1914,-999.0,11.55,7.2,3.56,2.43,3.28,6.56,4.67,14.21,12.63,-999.0,10.93,5.32,7.63,6.03,4.71,9.03,9.77,5.3,4.99,7.81,6.12,5.64,11.38,9.91,4.68,11.46,2.37,3.44,5.13,4.54,3.46,1.3,6.3,6.33,4.19,8.43,5.15,6.5,10.89,3.98,8.29,7.68,2.31,7.37,6.29,13.89,7.41,5.95,2.34
1915,-999.0,12.23,9.71,1.62,1.88,3.5,7.79,7.36,14.48,11.59,-999.0,9.26,5.31,7.59,7.92,6.34,11.5,9.8,7.28,7.85,7.82,9.11,6.68,9.31,12.42,4.68,9.63,4.51,5.64,7.37,6.59,2.89,1.07,8.79,9.7,8.94,8.41,7.61,8.16,9.93,4.69,13.68,5.64,3.04,9.0,7.54,13.41,10.41,11.21,4.71
1916,-999.0,6.73,8.92,3.46,3.43,4.17,8.36,7.61,12.21,6.17,-999.0,7.52,4.54,7.82,6.91,4.8,7.66,7.34,8.01,7.43,10.2,9.11,4.64,7.33,5.59,4.21,7.17,2.41,3.12,10.32,6.13,3.9,2.93,9.44,6.78,6.82,5.48,8.51,7.22,6.12,1.89,7.17,5.15,4.35,6.78,10.87,7.93,9.83,8.19,2.82
1917,-999.0,9.02,5.42,1.18,1.76,2.46,8.7,11.1,10.8,7.61,-999.0,4.48,4.07,6.09,6.9,3.14,6.85,5.08,8.27,9.38,9.18,6.42,4.18,5.21,5.84,2.82,11.19,1.97,3.48,8.1,10.62,1.69,1.08,9.96,7.38,3.9,6.2,9.54,8.98,8.2,2.12,6.65,2.95,1.88,8.0,9.44,6.18,6.56,8.38,2.17
1918,-999.0,17.64,12.59,2.4,5.06,4.91,11.21,6.18,15.0,12.15,-999.0,7.47,5.67,9.28,9.4,8.0,8.99,17.01,11.17,6.59,15.0,9.14,5.62,11.23,16.64,3.93,10.97,1.94,5.33,13.47,7.03,3.9,3.27,12.24,8.54,11.35,7.57,9.22,10.24,10.6,2.83,12.08,8.86,3.69,8.63,15.95,10.7,6.54,8.74,3.92
1919,-999.0,10.61,19.44,5.6,2.33,5.71,13.51,8.57,9.65,5.69,-999.0,11.88,6.16,13.87,14.25,6.51,16.95,18.88,13.22,9.1,11.87,10.33,6.08,14.18,16.84,4.35,6.25,3.14,6.99,13.6,10.05,5.55,2.21,10.76,12.54,11.42,8.56,11.02,13.3,4.19,4.57,16.23,13.37,4.44,6.8,13.33,9.98,10.5,12.63,5.16
1920,-999.0,7.15,9.66,2.4,6.96,3.87,13.28,9.1,13.66,8.33,-999.0,7.56,7.83,5.9,6.95,7.19,7.67,10.94,11.84,8.38,12.97,6.71,5.87,9.1,7.83,2.91,10.73,2.89,4.24,12.83,9.85,2.93,2.65,10.92,7.35,10.55,10.98,9.49,9.35,9.84,3.34,7.82,7.45,4.4,9.54,12.61,15.4,6.44,7.89,3.16
1921,-999.0,8.2,10.24,1.99,2.76,2.39,10.6,7.43,13.28,7.88,-999.0,9.23,5.87,12.56,14.01,3.82,15.23,7.09,11.25,8.38,10.87,9.21,5.74,11.95,6.58,4.13,8.2,4.68,3.63,11.31,7.37,1.27,1.09,11.62,12.54,4.33,10.66,12.91,10.17,7.66,4.7,12.66,4.0,1.84,8.23,11.1,16.54,8.12,13.4,2.41
1922,-999.0,5.98,6.53,2.37,4.27,2.65,6.35,4.58,18.34,6.16,-999.0,7.42,2.53,6.98,6.84,5.61,6.43,9.6,6.96,5.05,6.67,8.07,6.28,8.62,6.63,2.63,6.79,4.8,3.87,6.43,4.24,2.13,1.39,6.1,6.25,6.71,6.15,5.44,6.58,7.4,3.93,5.77,5.64,2.68,5.16,6.04,7.89,7.71,6.02,2.62
1923,-999.0,8.87,12.31,4.2,3.1,5.28,13.56,10.01,8.49,5.75,-999.0,7.76,5.64,9.53,8.72,9.31,7.93,14.55,11.29,8.75,9.52,7.13,3.62,10.01,10.84,4.23,8.49,3.84,5.55,11.93,10.21,5.69,2.75,9.84,7.44,18.11,6.56,8.58,12.28,6.74,4.46,8.09,11.4,3.52,8.0,12.1,7.96,5.46,7.92,5.94
1924,-999.0,3.83,6.51,1.55,5.16,3.42,8.51,8.42,18.06,12.67,-999.0,4.43,6.27,5.32,5.33,4.5,7.25,2.54,8.23,8.54,8.97,5.2,5.59,6.86,2.63,4.13,13.5,4.8,3.53,11.34,7.78,1.15,1.9,9.56,6.64,5.71,11.69,8.39,7.0,16.04,3.73,6.41,3.96,2.74,10.38,10.98,14.35,5.63,8.95,4.77
1925,18.31,13.35,18.98,4.45,3.48,4.74,11.59,8.03,9.51,10.45,-999.0,8.64,5.45,11.73,13.45,6.68,15.77,20.68,11.51,10.05,15.99,9.03,5.75,14.6,15.51,5.19,8.94,3.72,3.78,13.35,10.74,3.48,2.74,12.89,12.58,10.66,6.02,11.47,13.19,8.46,2.24,15.82,9.94,4.22,8.75,14.37,7.01,7.75,12.92,4.29
1926,11.53,11.61,12.69,2.96,8.34,3.03,13.58,10.19,14.07,9.08,-999.0,13.21,7.63,17.13,14.56,9.0,13.3,11.06,11.67,12.48,13.73,11.72,9.11,16.75,8.61,5.43,7.47,4.54,5.61,12.95,12.11,3.99,2.16,13.22,14.83,12.36,11.67,15.03,12.18,6.64,4.19,11.7,7.11,2.41,10.1,12.38,13.92,12.11,13.19,4.05
1927,9.93,7.36,10.15,3.47,5.67,4.49,16.11,8.84,8.44,4.82,-999.0,8.9,11.62,13.62,12.93,4.68,10.65,9.23,14.98,9.7,15.12,11.22,5.46,11.89,9.03,6.96,8.66,3.07,3.05,16.55,13.51,3.05,3.17,15.6,9.92,7.06,12.3,13.3,14.89,6.19,2.78,9.69,5.63,5.29,9.24,18.19,17.94,10.49,10.39,5.34
1928,14.04,8.83,9.3,2.2,3.33,4.52,7.4,9.24,14.96,9.86,-999.0,10.35,4.04,9.9,7.81,8.01,9.21,9.09,8.02,7.65,10.0,10.26,5.82,11.11,7.1,2.12,15.35,1.95,5.52,8.2,7.72,3.49,1.27,8.33,6.59,7.83,5.75,6.72,9.45,15.25,3.84,11.56,6.63,3.75,9.7,8.96,8.1,10.1,8.48,3.66
1929,15.91,21.01,9.88,2.36,0.45,4.86,8.91,10.51,16.24,18.49,-999.0,7.9,2.02,7.98,9.43,7.12,12.42,17.27,8.83,11.08,7.89,7.76,6.67,9.96,17.47,3.67,17.55,4.25,6.72,7.65,11.87,4.07,0.47,10.22,11.02,9.99,1.51,12.85,10.13,16.86,5.92,14.77,7.74,2.76,13.19,8.45,2.85,6.54,13.31,4.32
1930,13.15,15.61,12.88,2.98,3.06,3.99,8.07,5.68,14.86,13.23,-999.0,6.63,5.83,8.0,7.1,8.66,6.05,16.95,8.53,3.51,8.13,5.78,7.28,10.38,14.24,4.87,8.99,3.86,6.24,7.85,7.05,3.4,2.66,6.55,5.54,8.7,5.73,4.78,8.8,11.19,4.68,9.32,9.84,3.65,4.36,7.44,7.96,6.94,3.8,3.86
1931,14.32,5.15,9.71,4.41,4.22,4.4,5.1,5.83,7.05,2.8,-999.0,15.46,5.24,13.07,12.15,7.92,9.32,9.57,6.31,5.49,11.49,12.09,7.99,13.11,7.11,3.88,3.59,4.2,5.23,9.31,5.45,4.41,2.41,8.64,8.93,10.18,8.33,6.72,5.26,2.08,3.49,7.16,4.78,3.23,4.24,10.37,11.91,12.97,6.85,3.35
1932,11.58,15.63,8.09,1.69,1.68,1.88,17.21,13.4,15.19,13.54,-999.0,5.38,4.59,8.43,12.21,3.46,10.28,12.72,17.26,13.91,14.36,8.54,4.59,7.69,16.63,3.64,15.47,3.54,2.62,15.75,15.65,3.54,0.68,12.57,9.28,4.04,7.09,11.66,19.95,14.43,2.3,13.39,6.77,1.15,13.22,13.44,14.28,5.15,9.43,2.31
1933,11.36,5.32,9.23,3.68,1.68,3.09,11.1,5.87,12.54,7.2,-999.0,5.81,4.36,7.25,8.84,3.58,8.46,4.65,14.83,6.23,11.75,9.5,5.54,8.54,4.8,3.74,4.9,2.05,2.71,11.35,8.33,3.14,0.98,8.89,7.6,7.22,5.23,8.45,13.82,7.41,1.43,6.97,4.32,2.06,4.22,8.69,12.8,6.44,6.85,1.51
1934,9.15,12.62,13.2,1.54,6.11,2.42,16.93,12.66,9.51,8.03,-999.0,11.41,6.12,13.79,9.14,7.39,9.06,13.94,13.75,14.18,11.58,11.29,7.28,15.59,14.08,3.61,13.07,2.27,4.5,12.72,13.81,2.14,2.41,10.38,6.41,10.85,10.73,11.8,12.37,9.77,3.51,11.27,5.72,2.32,12.8,11.03,16.22,13.55,9.22,2.93
1935,13.76,7.48,11.58,2.48,2.51,3.48,9.38,19.17,13.55,8.04,-999.0,8.7,2.78,9.86,8.05,7.6,9.22,8.88,10.7,15.4,10.49,7.68,4.2,11.45,9.13,2.04,10.74,1.32,3.27,11.8,16.47,3.85,1.19,9.99,7.68,8.48,4.62,9.82,10.57,9.5,1.1,9.69,8.9,1.26,11.91,10.82,6.63,7.0,9.27,2.0
1936,17.21,6.56,12.23,2.91,1.49,3.31,10.12,8.82,11.88,9.35,-999.0,9.25,1.37,12.16,12.79,6.57,10.65,8.66,9.59,6.77,11.0,9.16,3.99,13.94,6.77,2.27,12.92,1.71,2.37,10.47,8.56,3.98,1.77,10.65,9.99,10.96,1.26,8.77,11.02,11.87,2.02,10.62,9.93,2.53,7.64,11.39,2.91,6.53,8.31,2.79
1937,11.44,13.46,13.9,1.98,5.35,3.11,15.98,11.77,16.11,9.89,-999.0,4.34,5.64,7.38,9.62,4.04,8.11,14.32,14.84,12.63,14.15,8.85,3.91,6.42,11.91,3.9,10.22,2.67,3.34,13.53,12.04,3.34,1.53,10.52,7.41,7.11,10.91,10.49,13.41,10.0,1.67,10.53,6.29,2.48,12.89,11.21,14.53,7.66,11.1,3.31
1938,15.62,5.09,7.63,0.97,3.21,5.14,18.8,13.63,11.75,6.56,-999.0,9.5,6.45,6.77,6.72,3.81,7.8,7.94,15.66,10.96,10.81,5.75,5.55,7.49,5.66,4.51,11.29,2.01,3.81,15.17,15.28,4.12,2.46,11.44,7.9,4.53,7.21,9.78,14.1,9.02,2.87,7.51,3.55,3.48,9.02,13.6,9.23,10.8,8.51,4.22
1939,13.1,5.17,6.76,4.55,2.56,2.35,9.57,8.51,9.83,4.27,-999.0,2.81,3.12,4.23,5.0,1.52,4.66,7.86,8.46,9.52,9.59,5.82,3.35,5.27,5.88,2.38,5.92,1.56,1.28,8.72,7.5,3.32,2.96,8.34,6.09,3.36,3.52,8.25,8.59,4.08,2.17,4.16,4.35,3.99,6.45,8.93,6.92,4.65,5.72,2.02
1940,13.42,6.4,9.9,5.37,3.62,5.03,11.42,9.72,8.42,5.6,-999.0,5.7,9.11,5.69,7.05,6.01,6.42,13.32,10.76,10.79,12.21,7.97,6.38,5.86,9.0,5.2,7.03,3.27,3.67,11.69,11.09,3.61,2.87,9.29,6.64,9.04,10.62,9.6,11.97,6.33,2.41,6.79,8.67,5.35,7.48,12.25,12.78,6.77,7.58,4.81
1941,10.74,7.5,13.6,4.41,3.66,7.31,6.7,3.78,14.45,6.37,-999.0,15.07,6.03,16.85,11.73,11.71,8.27,15.66,6.41,3.74,9.43,12.91,8.48,18.9,11.01,6.37,4.53,6.36,6.65,8.5,4.96,8.79,3.33,8.51,8.14,16.18,8.94,6.75,5.66,4.61,5.2,7.4,10.95,5.97,3.61,9.13,12.0,12.64,7.4,4.35
1942,11.47,7.89,9.86,1.67,4.16,4.69,12.73,9.69,8.17,7.87,-999.0,7.31,7.49,10.14,9.27,7.87,10.64,9.31,12.36,11.97,9.68,10.2,5.57,11.37,7.81,4.7,11.37,2.31,4.99,11.85,11.84,3.73,2.03,12.25,9.06,10.18,11.56,12.56,11.13,6.54,3.03,8.68,7.72,2.72,12.21,12.3,12.06,10.39,11.65,5.59
1943,14.97,8.68,7.82,2.37,2.38,2.03,11.77,10.71,10.09,5.69,-999.0,4.91,4.01,6.24,6.71,4.12,6.0,14.46,10.98,9.96,15.04,7.04,4.68,7.76,10.4,2.75,5.1,1.73,2.45,13.59,12.02,1.93,2.06,10.34,4.99,5.84,6.59,9.22,9.63,5.18,2.85,8.99,6.0,2.67,6.74,12.43,7.51,6.07,5.7,2.44
1944,11.77,9.09,7.63,3.58,6.29,2.86,16.61,14.76,12.87,9.62,-999.0,4.93,4.71,6.03,6.01,5.42,8.1,12.61,14.5,12.22,14.52,7.27,4.25,6.9,9.45,2.61,12.89,3.84,3.19,12.75,16.01,4.14,2.54,10.22,5.56,8.12,6.79,9.97,17.31,9.58,3.29,11.42,6.93,2.15,14.03,11.06,10.18,5.92,9.88,3.1
1945,13.57,10.75,15.12,1.28,6.22,2.88,11.01,11.24,12.77,10.2,-999.0,5.83,6.48,11.83,12.18,5.77,11.41,11.9,11.39,11.34,12.89,10.77,5.26,12.71,11.8,4.35,14.49,3.0,2.98,13.24,12.15,2.01,2.99,16.8,11.98,9.44,10.57,14.92,11.57,15.18,2.39,13.83,6.54,2.97,12.35,17.24,14.54,7.97,13.4,3.65
1946,12.56,12.36,12.99,4.26,5.81,5.45,6.49,6.51,11.84,9.56,-999.0,10.06,9.51,9.81,7.8,10.17,8.54,13.64,6.24,7.67,9.35,7.28,9.6,11.45,11.69,7.62,10.62,5.29,9.57,9.46,6.36,4.22,4.38,10.26,7.24,9.71,10.49,8.36,4.39,10.25,7.8,11.37,9.99,5.71,7.54,11.14,12.15,9.82,6.65,5.23
1947,13.19,12.52,12.36,2.54,3.66,4.22,12.32,10.14,22.65,17.12,-999.0,7.72,7.66,9.04,8.32,3.44,8.12,14.59,10.33,10.3,7.4,7.95,6.85,10.35,13.32,5.14,17.49,3.95,4.39,8.68,10.72,1.92,1.86,8.34,7.29,6.07,10.76,7.97,11.02,16.67,4.63,9.13,4.34,3.43,12.38,8.0,14.85,7.35,8.42,4.41
1948,14.2,20.99,9.57,1.88,2.39,2.42,8.63,12.33,17.62,15.88,-999.0,6.67,5.83,8.07,10.11,4.3,11.98,17.23,10.3,12.0,11.05,6.79,3.96,8.07,20.48,2.39,15.93,2.39,4.22,9.77,8.12,2.02,1.44,8.69,9.67,3.22,8.13,9.23,10.57,17.54,2.97,15.81,4.48,2.23,12.32,9.87,13.34,6.09,10.17,3.27
1949,12.15,7.16,12.22,2.9,2.13,2.72,8.19,10.27,12.31,7.41,-999.0,5.62,5.68,8.42,8.66,4.9,8.08,11.76,9.21,8.47,10.76,7.53,5.69,10.98,8.95,3.78,10.8,3.51,4.08,10.07,8.22,3.22,1.38,8.54,5.82,7.47,6.69,7.11,9.34,8.54,3.88,9.66,7.89,3.02,8.45,9.19,12.86,5.33,8.52,3.73
1950,8.81,7.39,9.68,0.95,8.16,3.04,9.23,11.18,14.78,10.13,-999.0,3.92,7.22,7.35,11.86,2.74,12.37,7.54,10.63,12.19,12.4,8.06,5.66,4.68,8.64,4.78,9.21,3.56,3.75,11.82,10.76,2.75,3.01,11.17,11.78,4.56,13.29,13.44,9.68,10.08,3.95,10.58,4.66,2.23,9.96,10.78,16.56,4.62,13.47,4.42
1951,11.16,11.21,13.94,2.84,5.37,3.6,14.19,11.5,16.04,11.69,-999.0,7.03,6.32,9.85,9.41,7.85,13.32,10.25,13.6,10.03,12.33,10.7,6.78,12.94,8.82,4.72,8.27,2.99,5.28,13.39,12.52,1.53,2.22,10.8,9.16,9.4,10.43,9.84,13.02,8.62,3.95,13.81,5.47,3.33,8.24,11.83,14.41,9.66,8.92,3.5
1952,14.43,7.09,9.81,3.21,2.86,2.34,7.95,9.03,13.81,6.8,-999.0,3.6,1.48,5.57,7.19,2.27,6.93,6.69,6.92,11.34,8.63,5.51,1.85,5.51,6.26,1.62,8.95,1.14,1.79,7.75,9.42,1.97,1.33,8.56,5.81,3.73,2.45,9.68,5.55,6.63,1.06,7.8,5.17,1.47,9.7,8.32,2.9,2.91,6.4,1.06
1953,10.46,7.95,4.57,0.62,3.77,3.02,10.12,8.01,18.91,10.75,-999.0,2.73,3.21,3.92,3.78,4.95,3.48,6.99,12.09,7.6,11.08,5.5,3.84,4.3,4.01,2.38,7.97,2.29,3.18,9.52,8.2,1.63,1.17,7.95,3.48,7.54,8.54,7.37,13.61,8.36,1.98,4.2,5.84,2.07,5.74,8.27,11.04,3.2,4.33,1.99
1954,11.85,5.74,8.62,1.86,3.26,3.78,16.45,10.38,11.63,5.76,-999.0,6.59,3.15,8.28,9.29,3.85,8.63,9.27,16.35,8.43,17.32,11.55,5.51,8.78,7.65,3.15,8.13,3.8,3.35,16.91,12.48,3.16,1.34,11.85,8.77,4.64,5.41,11.1,15.68,6.69,3.37,6.95,4.83,3.58,9.21,14.51,11.5,10.26,10.96,2.18
1955,9.84,6.55,7.63,0.84,3.42,2.56,21.52,8.69,10.14,8.55,-999.0,4.77,6.97,9.25,13.05,5.4,8.58,7.97,16.95,8.38,7.7,7.96,4.83,7.69,6.52,4.04,12.36,3.0,3.29,11.18,11.84,1.93,1.27,14.16,9.98,7.12,10.86,11.45,16.91,9.67,2.46,9.06,4.91,2.03,7.27,10.68,17.78,5.93,6.71,3.29
1956,12.4,10.18,7.75,0.6,2.66,1.93,11.51,14.18,13.47,10.04,-999.0,4.97,4.83,4.18,4.83,2.55,6.45,8.29,11.13,11.68,9.45,4.51,4.27,4.7,7.42,2.43,12.27,2.71,2.57,10.14,11.46,0.65,1.23,8.88,5.08,4.42,7.25,8.93,10.32,9.85,2.96,6.49,3.32,1.17,11.54,9.51,10.75,4.94,8.24,2.21
1957,13.0,19.39,18.57,3.58,5.39,4.48,9.64,11.79,16.16,17.19,-999.0,7.95,3.99,8.37,10.34,7.83,15.17,22.37,8.71,11.25,10.43,9.27,6.51,10.22,22.95,3.81,17.25,4.3,5.42,10.86,9.82,4.18,3.28,8.2,9.32,10.97,7.36,8.38,8.39,15.75,4.34,19.72,11.81,4.46,13.62,9.88,8.05,6.83,10.47,3.49
1958,12.12,9.6,13.84,4.2,1.92,2.93,14.27,8.3,10.37,5.02,-999.0,5.61,5.5,7.8,8.99,5.57,8.01,13.39,12.31,7.74,11.57,8.42,5.44,9.79,13.24,4.55,8.17,2.87,2.51,11.13,12.06,5.16,1.53,12.55,7.97,5.25,7.54,9.89,11.61,5.36,1.5,9.32,10.07,2.41,5.97,11.21,14.76,7.28,6.88,2.23
1959,10.48,14.64,10.97,3.01,1.58,5.08,14.27,10.92,18.83,13.35,-999.0,9.15,7.2,10.36,10.28,8.67,10.23,10.74,13.65,9.87,15.29,11.44,5.97,11.31,12.09,6.36,15.02,5.27,4.99,16.3,10.9,2.15,1.38,13.93,10.08,12.59,6.67,11.85,11.23,18.42,4.77,11.51,7.58,2.33,12.66,16.26,15.59,10.81,10.35,3.64
1960,12.86,10.89,9.38,3.45,5.33,3.88,13.68,13.39,16.98,7.83,-999.0,6.66,6.17,6.62,5.93,5.6,8.85,9.59,12.74,10.86,11.07,7.23,4.71,7.44,9.53,2.42,9.64,1.34,2.89,13.29,12.13,3.93,3.37,8.8,5.17,7.5,9.94,8.45,12.85,8.8,2.37,10.83,8.65,4.28,8.68,11.75,13.39,8.32,8.08,3.41
1961,14.35,8.22,11.4,2.68,3.89,5.6,10.05,9.2,6.17,4.42,-999.0,13.23,7.01,13.37,9.04,10.11,7.59,14.83,11.79,7.23,11.64,10.03,7.18,13.59,14.05,5.37,6.4,4.29,5.04,9.27,7.95,3.92,1.8,7.32,7.56,11.84,9.42,7.51,13.45,4.86,3.72,8.76,7.65,4.83,9.38,7.43,10.0,11.73,9.37,5.35
1962,10.83,10.73,12.63,3.5,5.53,3.05,12.02,9.97,12.97,10.7,-999.0,5.54,6.62,6.86,6.98,6.73,11.31,9.49,14.49,10.9,13.81,6.54,4.32,10.08,8.54,4.22,12.47,2.69,3.13,14.69,10.9,4.51,1.45,10.14,9.38,10.69,11.73,10.79,15.38,10.94,2.64,12.25,8.41,2.61,10.68,12.14,14.92,5.93,11.62,2.48
1963,9.66,7.38,5.99,3.76,7.47,3.39,11.26,11.19,12.97,8.24,-999.0,4.9,6.74,4.64,3.29,5.59,3.82,10.65,11.84,10.47,14.94,5.64,4.14,5.2,5.53,3.17,10.76,1.55,4.63,11.87,11.58,2.68,3.35,8.04,2.96,4.64,9.32,8.26,11.96,10.2,3.47,5.35,5.43,3.71,9.11,8.3,13.29,6.14,6.92,3.13
1964,10.49,12.17,10.02,2.92,5.2,2.82,6.42,8.68,14.37,12.72,-999.0,6.04,4.97,5.94,4.85,6.03,9.41,12.41,6.88,7.98,8.34,7.14,5.76,7.7,12.65,2.81,15.22,2.32,2.41,7.08,7.11,2.89,1.5,4.89,4.5,10.08,7.11,5.5,8.44,14.04,1.34,10.68,7.79,2.16,10.05,6.17,10.63,7.61,8.72,1.87
1965,12.32,8.67,9.99,3.48,6.5,4.95,8.27,4.8,13.04,9.13,-999.0,12.2,4.52,9.37,9.6,7.4,10.02,9.89,8.14,5.74,11.68,10.72,9.53,10.47,8.29,3.66,7.06,4.25,7.09,11.59,6.08,3.06,2.7,10.85,10.92,7.24,6.12,9.44,7.12,7.88,4.17,8.45,6.59,4.39,5.98,13.53,8.62,12.1,7.65,3.35
1966,12.22,11.73,7.28,3.0,5.34,3.1,13.64,12.36,11.3,10.4,-999.0,3.53,4.98,8.84,9.97,2.94,10.3,10.58,12.95,12.9,12.81,9.09,4.29,7.03,9.4,3.71,9.3,1.71,3.25,11.3,15.09,1.68,1.78,9.92,9.23,4.04,9.19,10.94,12.33,7.47,3.69,10.75,5.32,2.53,12.24,9.39,11.42,5.3,11.18,3.72
1967,12.43,11.13,10.54,2.91,3.96,2.71,8.78,7.06,8.41,7.05,-999.0,6.43,5.8,10.21,9.21,7.01,9.45,7.24,8.59,5.96,11.58,8.78,2.77,11.97,7.43,5.01,8.13,3.22,3.27,9.21,6.69,2.24,2.16,11.12,8.54,9.16,6.78,9.57,8.83,6.6,2.65,9.51,9.28,2.64,6.23,9.85,12.47,6.68,8.58,3.72
1968,9.45,8.41,14.47,1.57,4.15,2.45,11.34,8.25,13.1,8.99,-999.0,9.33,7.15,9.17,8.74,6.74,8.77,12.81,11.02,10.0,10.56,9.62,9.11,12.01,12.03,4.63,10.68,2.98,4.67,11.67,9.36,1.71,1.89,12.35,8.32,10.1,10.45,11.05,10.1,10.91,3.63,10.6,7.86,1.7,8.83,11.85,13.77,9.46,9.28,2.62
1969,10.1,8.9,9.85,3.3,2.93,6.22,12.73,7.04,15.8,8.95,-999.0,6.22,3.64,10.91,10.67,7.19,7.54,7.53,13.53,6.88,13.96,8.75,5.86,11.79,8.22,2.72,9.74,2.19,4.91,12.19,9.27,5.09,1.66,9.78,7.95,8.11,6.05,8.18,13.5,9.32,2.63,8.88,8.99,3.06,6.82,11.01,8.9,6.86,7.25,2.8
1970,11.37,10.39,14.31,2.76,7.57,5.45,10.63,7.96,9.14,8.29,-999.0,11.85,7.84,12.54,10.55,7.47,11.74,15.93,9.94,8.83,10.98,11.62,9.99,14.73,12.69,4.31,9.4,3.9,5.52,10.91,10.82,2.7,2.34,11.82,9.75,11.3,10.68,12.38,11.63,9.53,4.5,11.61,7.89,3.72,9.35,10.18,11.63,12.75,10.73,4.12
1971,11.8,8.39,6.64,3.74,3.27,4.53,13.69,15.11,11.87,8.49,-999.0,9.11,5.83,6.51,8.15,8.11,7.88,12.57,11.0,14.66,9.23,7.35,10.82,8.42,8.86,4.37,15.73,6.5,5.6,9.64,15.7,4.65,1.94,9.02,7.46,10.93,9.86,10.8,11.62,12.4,6.19,7.81,10.01,4.02,14.07,8.76,12.05,9.26,11.65,4.97
1972,12.02,11.39,19.74,6.43,6.77,6.26,15.28,14.97,9.94,7.97,-999.0,10.99,5.15,11.98,14.2,7.42,12.68,15.21,15.86,12.95,12.68,8.8,5.88,14.29,13.83,2.91,13.81,2.68,5.11,11.91,16.54,7.02,4.21,12.43,12.72,12.36,5.97,12.07,18.11,8.71,2.8,16.03,8.89,6.52,15.73,11.2,8.45,10.18,12.03,3.77
1973,9.14,10.61,20.01,1.02,9.02,3.69,9.19,7.78,10.0,7.53,-999.0,11.74,9.14,11.08,9.02,13.06,13.22,20.56,9.12,7.96,10.38,7.93,8.89,15.74,15.76,5.34,5.98,5.82,9.72,9.61,8.69,1.53,2.16,9.7,9.58,14.63,15.83,10.4,9.6,6.67,5.65,14.94,10.91,2.92,8.07,10.22,16.45,7.86,12.05,5.63
1974,13.33,11.73,16.6,3.96,2.59,3.4,13.16,7.08,9.06,7.41,-999.0,5.9,3.5,7.85,9.22,6.4,10.28,14.64,12.66,7.72,10.12,7.42,3.93,10.74,12.34,2.82,8.75,1.79,2.25,11.74,9.26,6.54,2.54,10.49,8.31,14.58,4.35,9.33,11.68,7.08,1.44,11.56,12.92,3.24,7.84,11.22,7.72,5.66,8.08,2.81
1975,10.39,16.54,9.3,2.79,4.14,3.1,19.19,13.84,13.84,11.35,-999.0,5.92,6.66,7.57,8.77,4.86,13.38,10.82,18.35,15.2,12.87,7.86,5.87,9.55,13.85,5.12,13.81,3.33,3.3,16.27,15.53,3.9,2.62,13.55,9.75,6.28,8.65,14.21,18.29,10.97,2.29,15.09,5.52,2.58,13.51,16.13,14.44,7.47,11.18,3.16
1976,14.28,11.81,9.53,3.52,2.68,3.3,9.07,12.34,12.76,14.71,-999.0,3.1,3.1,6.03,6.86,4.89,9.16,10.7,8.47,13.78,10.83,5.18,1.69,5.95,11.05,2.52,12.52,0.99,2.81,10.78,9.45,3.41,3.0,11.61,6.81,6.82,2.96,11.96,8.43,14.04,1.6,11.11,9.85,1.82,14.95,12.18,4.2,2.17,13.33,2.18
1977,12.1,17.84,13.58,2.88,3.55,2.81,18.71,13.24,11.96,12.82,-999.0,10.46,6.26,11.46,10.29,6.73,12.95,16.91,16.49,11.91,15.41,10.1,10.41,13.99,19.79,4.96,16.17,6.8,4.64,16.62,16.34,2.65,1.16,17.87,9.29,6.18,10.39,13.85,16.35,10.67,6.85,19.61,4.95,2.1,14.19,17.1,13.09,9.59,11.39,3.0
1978,13.02,5.76,10.89,5.35,3.47,3.17,8.58,5.89,7.49,4.85,-999.0,9.23,3.98,8.13,7.35,5.42,8.81,8.73,7.4,5.87,7.81,9.49,4.99,9.91,6.46,5.33,7.03,3.62,2.95,7.11,6.62,5.65,3.48,8.98,7.42,6.21,5.7,8.08,8.59,5.9,1.85,7.54,8.93,4.66,5.95,8.28,9.13,8.8,6.98,2.99
1979,14.81,14.79,11.2,1.23,5.3,3.14,13.43,13.93,16.22,12.22,-999.0,6.99,4.03,5.6,9.58,6.33,16.53,14.6,13.18,16.36,12.03,7.75,5.93,7.92,16.49,1.89,17.71,1.58,5.46,11.96,13.81,2.11,1.54,13.45,10.92,6.22,9.23,13.85,12.41,14.77,2.57,16.57,4.77,2.22,17.96,11.58,9.11,6.64,13.1,2.32
1980,12.36,12.12,13.22,1.39,1.42,2.66,9.76,11.23,11.33,9.84,-999.0,5.52,5.76,8.16,6.87,3.12,8.57,12.61,9.6,9.18,12.61,8.29,5.51,7.9,12.87,4.15,11.1,4.58,2.14,11.97,9.43,3.8,2.06,10.71,6.19,6.11,7.15,8.4,9.14,11.38,2.93,9.73,8.76,3.79,8.3,11.62,11.36,8.85,7.97,3.05
1981,12.42,6.93,9.73,3.55,9.01,3.78,11.9,7.83,9.13,6.61,-999.0,7.18,6.52,7.37,7.66,7.6,8.06,9.06,12.16,7.06,15.65,9.57,6.31,9.42,8.02,3.34,6.65,3.71,4.14,14.05,8.54,3.6,3.1,12.98,7.99,11.91,11.15,9.86,11.11,5.28,3.22,10.15,9.35,5.13,8.05,14.3,12.65,7.07,9.07,3.16
1982,12.88,10.33,12.2,3.65,8.97,4.97,8.87,9.24,12.21,9.45,-999.0,9.67,7.62,9.59,9.14,4.24,10.08,14.79,9.94,8.74,9.77,9.79,9.63,9.07,12.64,4.42,10.62,6.45,6.05,9.02,7.83,3.86,4.9,9.43,8.3,6.06,9.82,8.19,10.88,8.68,6.88,11.41,6.14,6.68,9.55,9.0,12.08,10.85,9.02,5.42
1983,11.14,14.52,10.79,6.27,8.64,3.95,15.29,12.59,14.4,13.08,-999.0,12.15,7.88,12.87,12.13,7.25,11.96,12.31,14.31,12.99,14.89,11.17,8.66,14.93,13.18,4.21,11.65,3.47,5.23,14.47,13.91,4.88,4.11,10.92,12.8,10.54,9.49,11.27,16.31,10.35,4.19,12.56,7.38,5.06,12.19,13.13,15.19,11.3,11.35,4.84
1984,7.44,9.74,23.23,3.74,8.02,4.83,8.56,7.05,9.57,5.65,-999.0,9.36,7.22,13.6,12.5,6.22,14.24,18.07,8.21,8.13,6.71,9.95,8.13,16.39,15.89,4.01,7.9,4.06,4.58,8.58,7.38,5.0,3.26,7.98,9.33,10.59,13.58,8.17,8.6,5.33,3.43,14.6,10.07,4.0,7.34,8.67,15.18,11.13,10.18,3.45
1985,11.84,12.06,15.11,5.71,6.07,6.4,13.48,12.13,14.14,11.26,-999.0,10.71,8.25,14.71,14.04,9.47,12.68,20.77,12.73,14.05,10.64,12.92,8.0,15.14,14.83,6.15,13.41,4.27,6.02,13.2,13.46,6.16,3.55,14.09,13.11,13.52,8.98,13.92,12.19,12.9,5.32,10.91,10.97,5.48,15.24,12.81,13.52,13.76,14.38,4.87
1986,13.1,16.99,14.36,3.61,2.81,5.96,10.82,8.72,11.46,12.66,-999.0,11.71,6.2,12.95,11.51,10.11,14.17,18.33,10.36,8.62,9.14,12.98,8.07,16.46,17.63,6.55,8.74,5.48,7.02,10.16,11.46,6.7,1.79,11.06,11.97,16.46,9.76,11.25,10.66,10.69,6.0,15.5,12.19,4.21,8.06,10.58,13.2,12.21,12.18,5.32
1987,15.47,7.57,14.74,3.9,3.69,3.22,12.74,9.81,14.19,6.77,-999.0,6.0,1.96,7.11,6.37,4.82,6.28,12.81,13.54,12.01,11.99,9.22,4.39,9.18,8.46,1.32,10.95,1.25,3.93,13.17,11.64,2.33,3.3,12.57,5.46,9.08,2.88,11.85,12.59,11.98,2.2,9.09,6.04,3.82,12.58,14.81,4.13,7.6,8.92,2.23
1988,11.16,17.75,16.87,2.18,4.41,3.41,14.5,9.97,13.59,12.17,-999.0,6.87,6.24,10.06,11.42,4.18,14.28,12.46,12.53,9.66,11.74,13.51,6.49,11.07,16.96,3.92,10.94,2.42,3.82,10.69,11.84,3.14,2.09,10.71,9.82,9.49,9.42,9.61,13.48,11.38,3.08,15.51,5.58,2.36,9.23,10.51,13.3,9.52,10.46,2.79
1989,13.32,13.89,6.57,1.23,4.33,2.67,17.11,12.53,12.31,12.34,-999.0,7.03,4.96,7.65,9.63,4.89,11.98,9.32,15.94,11.74,12.07,7.12,4.61,5.51,12.58,4.03,14.27,2.33,3.72,14.28,14.82,2.08,1.76,13.43,9.05,6.39,5.48,10.91,17.61,13.11,4.04,14.72,4.28,1.96,13.25,13.98,9.69,5.59,12.28,3.7
1990,13.66,7.5,14.51,3.36,1.59,5.12,12.9,6.36,8.44,9.92,-999.0,4.92,5.01,10.1,11.11,4.32,10.81,10.87,11.42,8.32,15.55,11.81,4.63,9.1,8.7,3.07,11.76,1.73,3.34,13.15,8.65,4.58,1.41,12.56,10.78,9.07,7.05,12.4,10.87,15.68,2.09,11.63,8.24,3.23,10.29,13.42,15.82,7.74,10.38,3.42
1991,12.57,8.55,15.83,2.93,2.59,4.7,13.27,7.59,8.8,4.22,-999.0,10.07,6.11,12.74,10.64,5.13,8.15,11.77,15.33,7.63,12.28,11.74,8.88,12.28,10.05,4.22,6.84,4.63,4.74,13.72,8.23,4.84,2.53,9.98,6.52,12.08,7.5,7.9,13.82,4.53,3.46,9.48,8.63,4.41,6.18,12.54,9.48,13.39,8.04,3.96
1992,11.99,15.68,11.38,1.58,2.77,3.21,11.91,9.87,13.49,15.56,-999.0,11.59,5.16,12.51,12.1,7.59,8.76,14.93,10.69,10.71,9.42,11.48,5.7,13.94,12.42,3.56,13.5,2.74,4.44,11.09,10.29,2.06,1.86,11.64,9.63,10.02,7.7,10.67,11.88,15.83,3.31,11.78,5.87,2.9,10.27,11.68,10.67,11.28,6.73,2.54
1993,16.03,11.42,16.09,3.11,2.28,4.63,13.85,11.27,13.32,11.03,-999.0,6.09,2.56,14.22,14.99,6.08,12.33,12.73,13.1,11.82,12.72,8.97,4.59,18.05,12.13,3.23,10.42,1.71,5.29,12.04,12.39,2.4,1.62,12.38,11.43,9.43,2.71,14.11,11.69,10.94,3.52,10.51,6.35,3.13,10.29,11.47,4.4,6.75,12.89,3.43
1994,14.24,12.08,13.22,3.65,4.7,4.88,10.42,8.1,18.24,15.28,-999.0,7.72,6.37,9.95,8.29,5.89,8.14,12.68,9.59,7.67,10.14,8.15,7.6,12.08,12.21,4.49,10.47,7.25,5.19,8.97,7.59,4.34,2.77,8.54,5.79,11.32,9.87,8.89,9.98,14.18,4.86,10.45,9.34,5.02,7.25,8.03,14.05,9.17,5.64,4.95
1995,10.21,18.19,7.84,1.96,0.48,3.38,17.67,14.16,15.91,12.41,-999.0,6.66,6.99,6.83,6.75,3.03,10.78,10.53,17.34,13.81,15.72,9.79,7.78,5.81,10.56,5.13,14.56,3.66,4.99,17.36,16.15,2.78,0.57,15.02,8.43,6.57,9.15,13.07,15.56,12.97,5.61,14.1,6.3,1.5,12.95,15.99,18.05,9.03,10.62,4.69
1996,9.1,11.55,18.97,3.4,5.32,5.3,17.56,12.1,12.16,10.17,-999.0,8.27,6.63,8.53,11.3,8.72,14.26,14.61,18.29,14.13,11.25,9.01,9.3,13.82,12.1,4.89,16.65,5.21,6.27,14.74,14.59,4.3,2.54,14.07,11.13,13.78,11.73,15.9,16.31,11.64,7.94,16.11,8.51,4.48,15.29,11.86,14.91,8.32,13.49,4.02
1997,11.38,14.1,10.89,3.47,5.97,5.91,9.69,11.46,14.35,16.23,-999.0,7.5,5.73,6.78,6.48,7.03,7.49,12.11,10.3,11.49,8.49,6.95,5.86,9.02,11.44,3.29,11.86,3.18,6.29,10.29,8.81,4.45,2.66,10.63,6.37,8.77,8.91,10.85,9.4,14.37,3.56,10.76,7.23,5.0,10.12,10.37,14.99,5.81,8.05,3.65
1998,10.44,12.96,12.36,3.63,5.84,4.73,10.22,5.82,17.01,10.18,-999.0,8.5,6.66,8.96,6.81,11.42,5.81,18.92,9.66,4.59,10.59,7.47,7.63,13.52,10.09,4.55,7.08,6.12,6.01,10.27,5.98,4.82,3.89,7.46,6.06,13.05,11.33,6.4,9.11,8.73,7.32,5.54,11.72,4.86,4.46,9.89,13.46,6.81,5.14,5.36
1999,13.33,7.91,6.74,1.8,3.09,2.33,18.08,16.27,13.73,8.95,-999.0,3.63,3.58,4.4,4.44,4.65,6.56,8.1,16.59,15.57,16.96,5.84,4.77,5.23,7.74,3.25,20.36,2.82,2.19,16.8,15.22,1.97,0.65,13.23,6.49,6.59,6.6,12.3,15.97,12.83,3.25,7.13,3.17,1.14,15.24,15.8,12.09,4.65,9.96,2.51
2000,14.51,11.99,13.68,4.57,3.34,3.94,8.99,8.24,12.36,11.46,-999.0,6.06,5.76,9.09,9.92,6.23,7.19,16.53,9.57,7.68,8.63,8.35,6.89,8.52,12.83,3.87,9.58,5.34,5.22,9.86,9.15,4.74,2.37,8.77,7.94,11.3,6.23,8.43,9.49,11.15,3.78,8.83,10.42,4.38,6.81,8.65,7.92,7.38,7.11,3.44
2001,10.09,11.5,15.25,1.11,5.16,2.89,6.27,3.61,14.7,6.15,-999.0,8.08,5.46,12.07,14.85,5.24,11.35,17.32,5.86,4.33,7.89,12.16,6.41,10.39,17.26,2.92,5.35,2.31,5.44,8.23,4.86,2.09,1.77,8.73,10.69,7.75,8.28,8.2,5.43,5.58,3.95,13.79,8.28,2.34,3.68,8.74,13.06,8.73,5.04,2.95
2002,15.42,18.03,9.5,3.22,3.35,4.7,14.8,18.97,13.99,15.44,-999.0,5.51,3.26,6.22,8.97,6.17,15.14,22.51,14.23,14.65,11.52,6.78,5.24,6.32,22.06,2.71,14.62,2.06,4.21,12.32,15.79,4.71,1.77,12.75,9.96,8.07,3.61,12.75,15.35,14.55,3.11,16.76,10.99,4.52,14.03,13.48,5.23,8.89,13.48,3.41
2003,12.35,9.98,11.29,2.65,2.61,3.15,16.94,14.85,11.1,8.69,-999.0,7.57,3.97,10.74,12.86,4.36,13.74,12.68,14.07,16.7,16.53,10.24,5.0,11.51,11.74,3.56,12.18,2.91,3.89,15.51,15.57,2.83,1.41,15.07,12.14,6.74,6.08,15.62,12.77,8.11,3.39,13.44,8.18,2.42,15.16,16.31,13.85,7.69,16.41,3.11
2004,15.42,18.62,17.56,5.29,5.54,5.33,14.55,10.27,17.58,18.52,-999.0,6.92,5.34,10.28,9.59,6.91,14.39,18.22,13.39,11.43,9.39,7.59,9.03,11.61,15.01,3.62,13.92,4.42,6.17,10.63,12.96,5.54,4.21,10.83,10.66,12.3,6.39,14.95,13.88,12.61,6.44,16.41,12.68,6.34,13.81,8.5,10.41,7.43,14.83,4.34
2005,14.87,7.49,8.23,1.4,3.58,4.57,22.95,12.12,12.01,7.22,-999.0,5.95,5.65,8.4,9.25,4.84,5.43,8.83,21.85,11.3,22.21,9.46,9.99,8.78,6.29,4.89,11.49,3.49,3.56,22.75,17.09,3.13,1.97,17.12,9.47,4.54,8.59,12.67,23.53,8.52,4.11,6.91,4.29,2.95,9.91,19.61,11.22,9.61,8.98,3.57
2006,12.35,13.5,13.73,2.67,2.59,5.82,16.14,17.77,9.07,9.43,-999.0,7.63,7.17,10.55,12.82,4.51,16.32,15.87,14.13,17.32,15.78,9.89,5.21,10.05,14.43,5.57,17.39,3.26,4.75,15.03,18.01,4.41,1.67,14.04,12.63,7.71,9.86,14.25,16.77,12.56,4.13,12.22,8.02,5.18,18.42,13.28,16.49,7.22,13.29,3.85
2007,13.34,9.78,11.77,1.73,2.82,3.33,8.71,7.61,13.0,7.14,-999.0,8.15,5.88,6.81,9.11,5.0,10.99,12.03,9.78,7.66,14.13,8.25,9.01,8.11,10.8,3.99,7.32,2.38,4.95,12.77,8.83,2.47,1.8,12.57,8.84,6.57,8.29,9.96,8.0,5.58,4.22,11.32,5.17,2.58,7.3,13.77,9.46,8.46,9.02,3.62
2008,12.28,7.82,13.65,1.79,3.15,3.29,15.77,10.94,8.22,9.22,-999.0,9.14,4.61,11.53,8.2,9.7,5.79,14.25,14.89,9.69,15.44,9.58,8.37,12.28,11.79,4.31,10.85,6.59,7.92,14.8,12.8,2.97,1.63,10.9,6.77,7.61,5.57,9.17,15.82,12.5,6.12,7.19,6.0,2.51,8.72,11.22,9.85,6.07,6.07,3.56
2009,11.02,19.14,24.47,0.99,3.15,4.17,10.8,16.38,10.34,15.64,-999.0,9.27,4.15,13.25,11.02,8.29,12.94,20.85,11.34,13.94,12.05,8.15,7.19,15.9,19.75,3.28,14.21,4.57,5.54,11.72,11.85,3.32,1.1,8.97,7.81,12.29,7.17,9.16,12.57,12.33,5.35,15.96,11.01,1.94,13.52,11.54,15.15,7.36,8.64,2.99
2010,11.66,8.93,8.96,2.14,5.76,3.09,11.47,11.38,6.84,6.83,-999.0,7.95,6.46,8.2,7.53,5.36,8.4,7.95,12.74,12.21,16.5,9.04,10.04,11.67,8.15,4.7,12.11,5.7,3.63,14.45,10.73,2.34,3.68,13.06,8.18,7.67,9.75,11.85,10.97,7.61,4.59,10.41,6.11,4.23,11.15,15.73,13.53,10.36,8.05,2.98
2011,12.45,12.13,13.48,2.9,3.51,3.92,16.95,10.55,12.67,9.28,-999.0,4.5,5.21,10.53,14.81,5.37,16.41,11.59,18.28,15.12,11.35,10.28,2.53,9.51,13.19,3.54,12.57,2.71,3.28,15.66,15.14,3.21,1.79,14.71,15.67,8.89,5.83,19.0,18.35,9.37,1.98,16.67,4.65,3.28,14.47,12.65,10.73,6.54,15.84,3.7
2012,12.18,9.62,10.04,1.53,4.66,2.45,10.57,12.84,9.67,5.89,-999.0,5.65,5.39,10.18,10.1,3.81,10.25,8.97,11.14,12.31,12.89,8.22,3.36,9.64,9.54,3.44,8.68,2.85,1.66,11.37,11.18,1.78,1.68,11.03,10.4,4.77,9.25,11.7,9.45,5.77,1.35,11.6,4.95,2.67,8.9,11.82,13.94,6.39,10.58,2.44
2013,15.91,8.09,12.16,3.95,2.02,6.54,7.9,7.84,10.74,6.54,-999.0,6.31,5.53,7.51,10.15,6.41,10.72,14.91,8.62,9.32,11.23,9.57,6.41,8.55,12.81,4.63,8.54,6.49,5.9,10.52,7.01,5.48,2.72,10.74,9.23,7.4,7.62,9.44,8.05,6.36,7.22,9.28,9.3,4.77,7.76,10.66,11.0,8.04,7.94,5.97
2014,10.54,9.87,10.53,3.2,3.62,4.28,10.22,9.99,15.39,12.11,-999.0,8.28,6.14,10.3,10.27,6.02,10.31,9.77,12.35,9.11,11.31,11.52,4.36,11.8,9.99,4.14,12.13,2.18,4.23,10.57,10.48,4.45,2.02,8.82,7.09,8.21,8.78,8.05,10.44,11.72,2.8,12.45,8.18,3.61,10.12,9.53,13.9,8.96,9.7,3.93
2015,15.76,12.44,15.94,4.01,3.1,4.27,9.16,10.06,12.31,13.26,-999.0,10.02,5.51,10.38,8.38,6.47,11.24,19.37,10.53,10.19,11.98,8.43,7.54,11.64,14.29,4.03,19.58,3.38,5.92,11.77,9.92,4.84,3.46,10.5,8.07,11.38,6.61,10.16,10.61,23.76,3.79,13.07,11.47,3.75,14.23,10.02,12.7,10.51,9.09,2.84
2016,10.49,4.15,6.66,2.64,6.08,2.41,9.04,13.64,10.31,5.83,-999.0,9.52,7.8,8.39,8.85,6.02,5.25,6.55,9.85,9.81,9.38,9.46,8.51,8.17,5.64,6.48,14.33,5.19,4.23,9.75,8.68,3.49,2.44,10.58,7.96,6.65,11.68,9.35,12.28,13.37,4.11,5.58,5.97,3.92,10.16,8.45,18.83,10.78,8.26,4.62
2017,12.89,10.33,4.14,0.66,3.75,3.43,12.18,8.2,15.7,9.55,-999.0,7.98,7.29,8.09,10.78,5.28,11.98,5.07,12.18,7.76,13.02,10.94,7.49,5.71,6.9,4.96,9.53,3.03,5.91,12.83,8.94,3.6,2.01,10.73,10.78,6.45,9.59,10.04,13.32,9.27,3.96,12.01,4.59,2.25,7.89,10.38,15.27,7.11,9.51,4.48
2018,11.06,15.19,15.65,3.78,3.57,3.92,21.64,18.5,10.18,12.82,-999.0,14.54,4.48,11.59,12.54,10.0,16.95,19.83,21.29,20.13,13.81,11.21,8.94,10.93,15.66,3.87,21.41,3.81,6.15,17.09,20.68,4.78,1.94,15.8,14.23,13.14,5.14,19.22,24.07,16.46,4.98,16.37,15.41,3.86,19.12,14.76,10.45,12.71,18.21,2.94
2019,15.37,10.77,14.2,4.66,2.38,2.79,11.92,6.83,8.72,9.56,-999.0,12.48,4.49,12.4,9.25,4.63,11.25,11.43,11.49,7.67,13.27,13.42,11.51,11.15,13.34,6.06,11.33,8.92,5.04,11.87,8.9,4.48,1.9,12.84,7.73,10.1,5.44,10.18,11.8,9.68,6.97,12.52,6.56,2.95,9.05,13.99,9.26,13.94,8.53,4.25
2020,11.45,13.86,12.01,0.52,1.28,2.44,11.98,15.47,17.41,12.92,-999.0,8.06,4.63,9.18,8.99,4.05,10.84,13.91,11.15,13.42,10.95,9.0,4.46,9.82,11.65,4.24,17.16,1.21,2.5,10.42,13.53,1.66,0.85,9.31,9.88,8.71,6.85,9.06,12.36,13.8,2.21,11.32,6.17,1.18,16.52,10.06,12.81,8.23,9.24,2.52
2021,11.72,10.58,8.3,2.08,4.97,2.72,16.12,8.2,14.03,10.81,-999.0,7.86,5.89,9.19,11.57,6.21,10.59,10.71,16.54,10.53,13.55,9.29,7.5,9.3,8.94,2.91,7.38,5.0,4.33,12.44,12.5,1.95,2.45,14.18,9.99,6.2,8.85,13.34,15.61,7.77,5.69,11.88,4.99,3.33,8.56,12.02,17.61,5.34,9.2,3.48
