Year,AK,AL,AR,AZ,CA,CO,CT,DE,FL,GA,HI,IA,ID,IL,IN,KS,KY,LA,MA,MD,ME,MI,MN,MO,MS,MT,NC,ND,NE,NH,NJ,NM,NV,NY,OH,OK,OR,PA,RI,SC,SD,TN,TX,UT,VA,VT,WA,WI,WV,WY
1895,-999.0,50.21,47.77,45.55,44.47,27.89,36.12,42.66,58.33,50.98,-999.0,33.89,29.0,38.53,38.38,39.33,42.32,54.02,35.43,41.79,27.92,30.28,26.54,41.32,50.82,25.96,45.83,24.73,32.84,30.04,39.32,37.08,34.48,33.04,37.7,45.4,33.01,35.84,38.24,50.08,28.75,44.78,49.58,32.93,41.98,29.33,35.02,29.63,38.42,24.74
1896,-999.0,52.77,50.87,47.38,45.66,30.46,36.82,44.26,59.56,53.41,-999.0,36.37,31.55,41.88,41.57,41.62,45.17,56.37,36.19,43.81,27.6,33.13,27.51,44.18,53.24,27.49,48.18,25.35,34.81,30.89,40.62,39.17,37.09,34.27,41.07,47.36,35.3,38.35,38.42,52.14,30.12,47.39,52.61,35.29,44.48,30.05,35.63,31.76,41.76,27.04
1897,-999.0,52.46,49.75,45.59,44.73,30.03,37.36,43.94,60.18,53.35,-999.0,35.46,30.93,40.77,40.24,41.19,44.43,56.79,36.33,43.19,28.47,32.52,27.36,43.22,53.14,27.52,47.83,25.61,34.76,30.95,40.72,38.8,36.46,34.48,40.01,46.59,35.71,37.98,38.43,51.8,30.34,46.73,51.23,33.93,44.1,30.21,35.43,31.15,40.72,26.49
1898,-999.0,51.73,49.74,45.48,43.95,28.4,38.5,45.27,59.4,52.78,-999.0,35.76,29.09,41.47,41.69,40.06,45.43,55.89,37.52,44.6,29.88,33.35,28.06,43.57,52.52,28.53,48.32,26.73,34.07,32.09,42.07,37.77,35.31,36.47,41.39,46.23,33.92,39.63,39.96,51.72,30.57,47.18,51.21,31.75,45.03,31.7,35.6,31.88,41.88,25.77
1899,-999.0,51.33,48.65,45.18,44.12,29.04,36.6,43.24,59.83,52.32,-999.0,35.11,30.07,40.28,40.68,39.96,44.04,55.2,36.25,42.72,28.56,31.88,27.16,42.12,51.79,26.78,47.14,24.96,32.87,30.56,40.27,37.82,36.04,34.72,40.0,46.53,34.06,37.68,38.17,51.28,28.87,46.21,51.4,33.75,43.5,30.28,35.86,30.26,40.36,25.6
1900,-999.0,51.99,50.29,46.02,45.03,30.77,37.69,45.18,59.63,52.62,-999.0,37.4,32.01,41.5,41.86,42.08,45.35,56.9,36.53,44.49,28.81,33.47,29.75,43.93,52.96,30.97,48.06,28.69,36.64,30.63,41.68,38.9,37.52,35.14,40.88,48.3,36.19,39.2,38.85,51.69,33.34,47.44,53.56,35.45,45.07,29.88,37.41,32.7,41.61,29.98
1901,-999.0,49.19,48.22,45.91,44.53,30.4,36.77,43.32,56.98,49.71,-999.0,36.29,31.46,39.38,39.44,40.82,42.84,53.99,35.83,42.63,29.09,32.31,28.83,42.62,50.3,30.08,45.97,28.52,35.41,31.07,40.39,38.73,37.09,34.58,38.98,46.94,34.94,37.71,38.05,49.23,32.77,44.57,52.27,35.05,42.77,30.31,35.99,31.19,39.48,29.28
1902,-999.0,51.64,49.11,45.36,43.68,30.16,36.88,43.62,59.1,51.69,-999.0,36.11,30.1,40.36,40.47,40.86,44.4,56.08,35.95,43.0,28.93,33.28,29.23,43.07,52.6,28.07,46.94,26.93,34.78,30.98,40.69,38.32,36.12,34.59,39.68,47.2,34.03,37.71,38.13,50.66,30.92,46.35,53.37,34.25,43.45,30.12,35.71,32.11,39.88,27.65
1903,-999.0,50.26,47.4,44.91,43.44,28.52,36.55,43.38,58.38,51.08,-999.0,35.6,29.27,39.53,39.31,39.88,43.42,53.88,35.66,42.78,28.22,32.23,26.8,42.18,50.75,28.21,46.9,25.62,34.45,30.46,40.52,36.88,34.97,34.41,39.03,45.75,33.81,37.64,38.02,50.61,30.39,45.24,50.84,32.13,43.02,29.69,35.56,30.28,39.33,26.26
1904,-999.0,50.22,48.03,45.17,44.96,30.03,33.85,41.04,58.1,50.42,-999.0,34.18,31.15,38.05,37.59,39.77,42.76,54.82,32.91,40.45,26.08,29.48,26.68,41.52,51.19,28.41,45.03,25.35,34.06,27.83,37.91,38.39,36.24,31.45,37.14,46.75,35.42,35.16,35.36,48.91,30.16,44.81,52.08,33.79,41.48,26.62,36.61,28.77,38.19,28.13
1905,-999.0,51.32,48.59,46.27,44.5,30.04,35.68,42.72,59.74,51.95,-999.0,35.36,30.13,39.43,39.38,39.96,43.95,55.97,34.65,42.27,26.87,31.84,28.45,41.98,52.18,28.99,46.74,27.27,34.1,29.07,39.7,38.82,34.93,33.27,39.02,46.31,34.02,36.99,37.12,50.58,30.76,45.92,52.07,33.86,43.15,28.41,36.14,30.62,39.86,27.36
1906,-999.0,51.41,48.61,45.61,45.31,30.43,37.29,45.16,59.41,52.07,-999.0,36.71,31.5,40.81,40.53,40.83,45.02,55.81,36.29,44.55,28.12,33.59,29.3,42.84,52.04,29.79,47.83,28.23,34.98,30.22,42.07,38.42,36.17,34.68,40.47,46.85,35.37,38.72,38.62,51.33,31.94,46.37,51.53,35.08,44.71,29.28,37.18,31.99,41.73,27.85
1907,-999.0,51.78,49.89,45.86,45.0,31.36,35.21,42.28,59.4,52.33,-999.0,35.63,31.4,40.21,39.4,40.86,44.13,57.22,34.5,41.69,26.68,31.05,26.57,43.22,52.79,27.56,46.43,24.87,34.2,28.92,39.05,39.2,36.02,32.75,38.82,47.78,35.07,36.24,36.71,50.93,29.85,46.37,53.05,35.8,42.69,27.96,35.36,30.11,39.91,28.0
1908,-999.0,51.75,50.4,44.7,43.44,29.59,37.73,44.02,59.38,52.28,-999.0,37.36,30.69,41.29,40.63,41.8,44.94,57.01,36.28,43.31,28.03,33.42,30.23,43.89,52.93,29.86,47.33,28.82,35.64,30.52,41.09,37.49,34.5,34.29,40.07,47.93,34.31,37.77,38.69,51.49,32.45,46.85,52.42,32.95,43.68,29.55,35.72,32.77,40.25,27.04
1909,-999.0,51.42,49.67,44.53,44.4,30.19,37.14,43.36,59.18,51.77,-999.0,35.98,30.98,40.33,39.95,40.46,44.51,56.19,36.08,42.94,28.97,32.83,28.33,43.17,52.32,27.88,46.53,27.04,34.09,30.64,40.39,37.71,35.77,34.27,39.8,47.28,33.9,37.51,38.23,50.79,30.93,46.33,52.18,34.09,43.33,29.65,34.23,31.49,40.24,27.2
1910,-999.0,50.19,48.6,46.49,44.6,31.64,37.07,43.53,56.78,50.38,-999.0,35.75,31.14,39.76,39.05,41.23,42.98,55.36,36.31,43.28,30.08,32.71,28.77,42.56,51.39,30.24,46.37,28.07,35.41,30.98,40.27,39.33,36.1,34.09,38.98,47.61,34.5,37.23,38.45,49.8,31.99,45.0,52.05,35.83,43.15,30.11,35.91,31.07,39.88,28.95
1911,-999.0,53.33,50.92,45.17,42.71,30.88,37.26,44.64,60.48,53.39,-999.0,37.16,29.08,42.16,41.66,41.7,46.15,58.39,36.3,44.43,28.39,34.14,28.27,44.69,54.36,27.14,48.36,26.24,35.37,30.57,41.31,39.37,33.63,34.78,41.52,49.12,32.64,38.92,38.28,52.0,31.23,48.13,53.67,33.96,44.71,29.49,34.13,32.58,42.11,27.1
1912,-999.0,50.55,47.21,43.07,43.22,28.54,36.0,43.07,60.09,51.53,-999.0,34.07,30.2,38.89,38.46,39.27,42.66,54.94,35.39,42.37,27.9,30.64,26.64,41.21,51.07,28.31,46.72,26.6,33.48,29.67,39.86,35.9,34.07,33.06,38.32,45.73,34.21,36.68,37.6,50.5,30.28,44.82,50.65,33.26,42.87,28.38,35.87,29.07,39.07,26.55
1913,-999.0,51.46,49.55,43.74,43.94,29.18,38.56,45.54,59.39,51.87,-999.0,37.32,29.81,41.96,41.42,41.43,45.32,55.96,37.72,44.81,30.37,33.56,28.61,44.14,52.18,27.81,48.03,27.51,34.8,32.32,42.47,36.82,34.17,35.68,40.65,47.57,33.8,38.88,39.88,51.2,31.57,46.64,51.39,33.18,44.88,31.48,34.88,31.83,41.28,27.1
1914,-999.0,50.88,49.47,46.69,44.96,30.79,35.88,42.93,58.53,51.27,-999.0,36.97,30.75,41.13,40.23,41.91,44.13,55.47,34.88,42.19,26.55,32.33,28.66,43.88,51.59,29.33,46.51,27.9,35.68,28.92,39.47,38.89,36.22,32.69,39.12,48.11,35.18,36.15,37.38,49.96,32.17,45.99,51.97,34.9,42.8,27.83,36.52,31.32,39.24,28.31
1915,-999.0,51.08,49.01,44.44,44.3,29.78,37.77,43.84,58.58,51.82,-999.0,36.6,31.4,40.89,40.46,40.9,44.59,55.14,37.07,43.23,30.97,32.99,29.69,43.44,51.55,29.96,46.88,28.07,34.87,32.26,41.02,36.95,36.0,34.84,39.77,47.28,35.5,37.85,38.9,50.32,31.49,46.24,51.45,34.26,43.52,31.38,36.9,31.74,40.31,28.15
1916,-999.0,51.12,48.85,44.69,43.02,29.59,36.38,43.38,58.69,51.71,-999.0,34.93,28.31,40.01,39.63,39.43,43.49,55.33,35.45,42.48,29.08,32.08,26.32,42.61,51.39,25.38,46.89,24.6,33.17,30.27,39.94,38.38,33.81,33.63,38.75,46.88,32.34,36.86,38.19,50.73,28.98,45.62,51.78,33.11,42.97,29.47,32.97,29.87,39.28,25.53
1917,-999.0,49.42,46.26,44.17,43.32,28.96,34.71,41.89,57.58,49.88,-999.0,32.66,29.7,37.42,36.91,38.24,40.87,53.47,34.01,40.91,26.93,29.18,24.54,39.89,49.63,27.0,44.92,23.87,32.44,28.25,38.36,37.05,34.02,31.4,36.12,44.73,34.1,35.02,36.73,48.91,28.33,43.23,50.32,32.77,41.04,27.32,35.37,27.01,37.14,26.11
1918,-999.0,52.03,48.76,45.49,44.3,30.38,36.01,43.23,59.28,52.15,-999.0,36.63,31.46,40.36,39.74,41.13,43.82,55.88,35.17,42.76,27.82,32.07,28.89,42.95,52.15,29.71,47.05,27.71,35.1,29.62,39.85,38.07,35.58,33.13,39.23,47.29,35.16,37.23,37.58,50.8,31.77,46.27,51.68,34.96,43.14,28.96,36.54,31.11,39.85,28.05
1919,-999.0,52.41,49.76,44.83,43.19,29.6,37.87,44.8,60.12,52.94,-999.0,36.82,29.58,41.39,41.24,40.9,45.32,56.7,37.17,44.0,29.64,34.33,28.95,43.32,52.86,28.41,47.77,27.32,35.0,31.75,41.69,37.93,35.23,35.05,40.59,47.49,33.41,38.59,39.17,51.97,31.9,47.32,51.8,33.7,44.29,30.82,34.28,31.97,40.73,27.34
1920,-999.0,51.03,49.02,44.37,43.43,29.83,36.46,43.43,58.46,51.07,-999.0,36.47,30.82,40.37,39.68,40.84,43.65,55.72,35.58,42.77,28.84,32.25,28.88,42.86,51.85,29.32,46.27,27.79,35.21,30.51,40.24,37.6,35.49,33.36,39.05,47.39,34.31,36.88,37.74,50.04,32.1,45.64,51.4,34.26,42.74,29.6,35.67,30.8,39.44,27.56
1921,-999.0,53.37,51.68,45.86,44.52,32.17,38.58,45.91,59.93,53.53,-999.0,39.96,31.54,44.63,44.33,43.33,47.22,57.77,37.62,45.65,30.1,36.86,31.51,46.3,54.19,30.39,49.26,30.06,37.55,32.11,42.51,39.12,37.32,36.32,43.19,49.62,34.82,40.13,39.53,52.34,34.36,48.82,53.42,36.22,45.87,31.62,35.54,35.12,42.8,29.44
1922,-999.0,53.89,50.43,44.86,43.4,29.97,37.52,44.98,60.8,53.94,-999.0,37.66,28.72,41.95,41.53,41.53,45.62,57.66,36.48,44.47,29.09,33.84,29.96,44.02,54.14,27.49,48.78,28.28,34.98,30.82,41.28,38.33,34.62,34.56,40.8,48.31,32.92,38.18,38.46,52.44,31.42,47.91,52.68,33.84,44.83,30.24,33.87,32.34,41.23,26.49
1923,-999.0,52.04,50.11,44.6,43.49,29.84,35.91,43.93,59.62,52.58,-999.0,36.81,30.28,41.36,40.44,41.48,44.54,56.41,34.64,43.54,27.31,31.83,28.68,43.76,52.65,29.65,47.64,28.28,35.52,29.15,40.03,38.4,34.58,32.61,39.47,48.48,34.59,36.97,36.83,51.38,32.61,46.62,52.89,33.58,43.72,28.04,36.07,31.03,40.2,27.48
1924,-999.0,49.93,47.38,44.01,43.51,28.35,35.65,42.48,58.83,50.56,-999.0,34.09,29.42,38.69,38.12,39.01,42.54,54.39,34.62,42.02,28.12,30.54,26.49,41.04,50.53,27.81,45.85,26.23,32.84,29.18,39.07,36.89,34.2,32.12,37.62,46.07,33.52,35.59,36.82,49.61,29.74,44.34,50.69,32.71,41.99,28.52,35.38,28.86,38.69,25.97
1925,17.18,52.62,49.96,45.05,44.6,31.12,37.36,43.93,59.75,52.83,-999.0,35.92,32.86,40.71,40.27,41.79,44.59,56.19,36.39,43.49,28.46,32.17,28.68,43.41,52.97,30.86,47.94,28.34,35.81,30.63,40.51,38.38,36.46,33.7,39.38,48.4,36.39,37.11,38.46,51.75,32.25,47.05,52.52,35.15,43.8,29.92,37.55,30.95,40.41,29.69
1926,21.79,51.16,49.0,45.93,45.75,30.91,35.45,42.19,58.58,51.48,-999.0,36.33,32.13,40.33,39.68,41.74,43.67,55.62,34.06,42.08,26.76,30.78,27.61,42.81,51.74,30.77,46.76,28.36,36.29,28.2,38.89,38.43,37.43,31.56,38.75,47.69,36.13,36.02,36.24,50.61,32.4,45.73,51.87,35.53,42.85,27.29,37.51,29.6,39.89,29.22
1927,15.51,53.56,51.08,45.97,44.36,30.89,37.82,43.7,59.82,53.23,-999.0,36.72,31.26,41.72,41.29,41.45,45.2,58.18,37.05,43.56,29.76,33.1,28.05,43.84,54.31,27.79,48.18,27.05,34.93,31.62,40.7,39.08,36.27,34.44,40.36,48.56,35.2,38.12,39.07,52.1,30.83,47.69,53.55,35.55,44.35,30.63,35.77,30.96,41.23,27.7
1928,18.6,50.73,48.92,45.59,44.43,30.11,38.08,43.48,58.59,51.33,-999.0,37.22,30.28,41.06,40.0,41.49,43.62,55.09,37.11,43.24,29.26,33.0,29.59,43.27,51.31,29.17,46.88,28.76,35.38,31.78,40.92,37.97,35.85,34.64,39.62,48.02,35.02,37.86,38.98,50.56,32.41,45.56,52.06,35.06,43.38,30.97,36.27,31.95,39.94,27.2
1929,19.82,52.0,48.59,44.32,43.58,29.0,37.18,44.1,60.3,52.49,-999.0,34.37,28.23,39.43,39.07,40.34,43.82,55.64,36.27,43.36,28.64,31.18,26.24,41.86,52.3,26.53,47.71,25.21,33.92,30.78,40.77,37.05,34.76,33.86,38.76,47.04,32.62,37.27,38.47,51.48,30.03,46.42,51.43,33.63,43.82,29.88,33.5,29.03,39.94,26.13
1930,17.41,51.38,48.94,44.61,43.84,29.43,38.11,43.91,58.96,51.38,-999.0,37.32,29.54,41.51,40.64,41.67,44.4,55.31,37.18,43.3,30.07,33.52,29.82,43.43,52.08,29.73,46.86,29.36,36.01,31.71,40.93,37.2,35.04,34.67,39.83,47.65,33.69,37.45,39.51,50.66,33.27,46.07,51.8,33.43,43.42,30.99,34.85,32.22,39.26,27.33
1931,18.86,51.68,50.47,45.87,45.53,30.78,39.43,45.66,59.03,51.82,-999.0,40.95,30.06,44.66,43.67,43.8,46.59,55.63,38.38,45.32,31.89,36.9,33.87,46.32,52.43,31.22,47.45,32.21,37.93,33.07,43.13,38.38,36.4,36.45,42.65,49.6,35.01,39.97,40.65,50.96,35.43,47.48,52.7,34.66,45.17,32.07,36.19,36.61,42.31,28.29
1932,15.91,52.57,49.66,44.33,43.82,29.53,38.42,44.49,60.37,53.27,-999.0,36.08,28.94,41.3,40.88,40.98,45.17,56.17,37.2,43.97,30.39,34.02,28.36,43.32,52.98,28.86,48.42,27.97,34.92,32.08,41.68,37.06,34.27,35.22,40.29,47.53,34.12,38.34,39.6,52.57,31.68,47.25,51.6,33.1,44.55,31.41,35.46,31.24,40.79,26.43
1933,14.72,53.19,50.97,44.38,43.56,30.9,38.52,44.71,60.12,53.11,-999.0,37.8,30.13,42.7,42.13,43.02,45.92,57.86,37.04,44.36,29.05,33.83,28.75,44.89,54.22,30.03,48.68,28.48,36.9,31.56,41.83,37.58,34.25,35.04,41.42,49.45,34.58,38.77,39.25,52.29,33.29,47.83,53.5,33.74,45.08,30.72,35.52,32.3,41.63,28.71
1934,18.43,51.64,49.82,46.89,46.85,33.15,36.87,43.11,58.97,51.6,-999.0,38.22,34.37,42.15,40.86,43.94,44.77,56.07,35.48,42.88,27.82,32.66,29.83,44.59,52.62,32.27,47.51,30.19,37.81,29.89,40.07,39.52,38.34,32.8,39.66,49.28,38.13,36.96,37.52,50.94,34.31,46.58,53.22,37.8,43.88,28.64,38.71,32.52,39.93,31.05
1935,17.64,51.91,49.86,45.31,44.18,31.25,37.2,43.49,58.83,52.06,-999.0,37.23,29.53,41.6,40.89,42.9,45.04,56.27,35.82,43.06,28.57,32.95,29.0,44.0,52.57,28.28,47.51,27.49,36.27,30.38,40.43,38.78,35.22,33.29,40.09,48.78,33.98,37.26,37.95,51.21,32.56,46.9,53.11,35.23,43.88,29.31,35.11,31.83,40.94,27.95
1936,18.06,51.81,48.82,46.17,45.41,31.22,37.48,43.53,59.58,52.1,-999.0,35.57,30.33,40.58,39.92,41.85,44.09,54.95,36.18,43.0,29.27,31.62,26.47,43.11,51.89,28.12,47.41,25.74,34.61,30.8,40.52,38.47,36.17,33.68,39.25,48.1,34.92,36.93,38.64,51.17,30.61,46.32,51.41,36.14,43.68,29.8,35.24,29.99,39.88,28.08
1937,18.78,52.03,49.12,45.0,44.51,30.15,38.65,44.33,59.44,51.92,-999.0,35.34,29.78,40.36,39.9,41.34,44.3,55.58,37.54,43.75,31.43,33.21,27.37,42.5,52.3,27.96,47.46,26.95,34.8,32.5,41.53,37.87,34.65,35.42,39.8,47.89,35.05,38.18,39.78,50.78,30.97,46.48,52.03,34.35,43.95,31.86,35.37,30.58,40.4,27.43
1938,19.04,52.32,50.58,45.14,44.96,31.52,38.69,44.89,59.13,52.26,-999.0,38.97,32.14,43.58,42.41,43.69,45.85,56.25,37.52,44.34,30.38,35.06,30.61,45.52,53.1,30.62,48.41,29.48,37.55,32.23,41.79,38.13,36.18,35.2,41.41,49.42,36.0,38.52,39.71,51.72,34.01,47.62,53.08,36.13,44.88,31.4,36.67,33.97,41.61,29.46
1939,16.8,51.98,49.92,45.62,45.05,30.68,37.37,44.75,59.58,52.33,-999.0,37.83,31.32,42.22,41.48,42.98,45.14,56.03,36.08,44.4,28.53,33.93,29.66,44.48,52.7,30.34,48.14,28.57,36.7,30.31,41.4,37.46,36.38,33.8,40.88,48.76,35.88,38.34,38.43,51.6,33.52,46.76,52.5,35.16,44.73,29.35,36.96,32.77,41.1,28.61
1940,20.71,49.37,47.07,47.31,46.52,31.84,35.99,41.87,57.24,49.57,-999.0,35.94,33.22,40.02,39.23,41.22,42.47,53.83,34.74,41.73,28.61,32.89,29.22,41.62,49.89,30.5,45.57,29.02,35.98,29.58,39.1,38.47,37.93,32.35,38.53,46.52,37.51,36.14,36.98,48.88,32.74,43.92,50.87,37.26,42.12,28.53,38.22,31.41,39.05,29.79
1941,18.8,51.8,50.15,45.23,45.38,31.82,37.61,43.88,59.2,51.84,-999.0,39.38,32.5,43.25,41.98,43.83,45.11,56.28,36.4,43.43,29.93,35.13,32.06,45.43,52.61,31.13,47.01,30.78,37.77,30.99,40.98,38.76,36.4,34.33,40.76,49.43,37.17,37.68,38.83,50.72,34.71,46.8,53.02,35.75,43.64,29.89,38.17,34.4,40.44,29.57
1942,19.57,50.33,49.03,44.41,44.18,29.87,38.23,44.5,58.05,50.72,-999.0,37.26,29.6,41.65,41.0,41.94,44.51,54.71,36.93,44.06,30.35,34.08,30.12,43.62,51.29,29.07,47.44,28.98,35.91,31.82,41.34,37.28,35.06,35.08,40.27,47.8,35.21,38.11,39.12,50.68,32.78,45.72,51.3,33.89,44.23,31.12,36.27,32.61,40.93,27.23
1943,19.68,50.78,48.77,46.16,44.98,31.09,36.98,43.37,57.85,50.71,-999.0,35.44,30.32,40.23,39.63,40.97,43.7,54.91,35.73,42.88,28.33,32.06,27.73,42.27,51.52,28.01,46.44,27.37,34.87,29.78,40.2,37.99,36.58,33.2,38.98,47.52,34.99,36.77,38.29,50.0,31.23,45.48,51.38,36.17,43.23,29.02,35.13,30.38,39.61,28.23
1944,20.23,51.73,49.66,44.0,43.58,29.94,37.73,44.07,58.93,51.55,-999.0,37.85,29.58,41.91,41.2,42.42,44.62,56.05,36.58,43.52,29.57,34.46,31.07,43.82,52.47,28.79,46.82,28.83,35.61,30.46,41.04,37.04,33.53,34.34,40.11,48.48,34.51,37.92,39.3,50.5,32.08,46.45,51.98,33.52,43.67,29.82,36.22,33.54,40.12,26.47
1945,18.29,52.08,49.43,44.12,44.72,30.3,37.99,44.51,59.76,52.1,-999.0,35.87,30.92,40.64,40.32,41.04,44.44,56.38,36.84,43.72,30.0,32.76,28.49,42.88,52.54,28.53,48.07,26.88,34.98,31.34,41.3,37.02,35.36,34.53,39.49,47.34,35.61,37.68,39.55,51.82,31.07,46.52,52.14,34.66,44.38,30.94,36.43,30.67,40.5,27.55
1946,16.79,52.6,50.65,44.88,43.91,31.42,37.93,44.51,60.78,52.57,-999.0,38.12,31.15,42.73,41.73,43.84,45.44,56.98,36.72,43.89,29.42,33.97,29.57,45.26,53.23,29.92,48.26,28.37,37.18,30.96,41.78,38.27,35.28,34.73,40.46,49.54,35.02,38.14,39.66,51.92,33.09,47.23,53.22,35.57,44.59,30.49,35.9,32.53,40.9,29.25
1947,18.3,51.1,48.53,44.73,44.54,30.93,37.52,43.78,60.3,51.43,-999.0,37.02,31.53,41.23,40.38,41.74,43.68,55.08,36.73,43.07,29.96,33.59,29.26,43.32,51.52,29.47,46.7,28.31,35.83,31.35,41.02,37.28,35.24,34.67,39.81,47.26,36.08,37.76,39.27,50.6,32.2,45.32,51.25,35.31,43.32,30.6,36.91,32.04,40.09,28.33
1948,15.56,51.67,48.46,43.75,42.77,29.74,37.12,43.93,61.2,52.33,-999.0,36.54,29.72,41.03,40.52,41.06,43.97,55.23,36.04,43.3,28.64,32.93,28.77,42.76,52.08,28.38,47.75,27.59,35.18,30.27,40.96,37.31,33.45,33.99,39.66,46.82,33.84,37.32,38.98,51.45,31.82,46.2,51.68,33.46,44.02,29.63,34.77,31.2,40.74,27.26
1949,18.05,52.87,49.63,43.92,43.21,30.35,39.86,46.21,60.9,53.08,-999.0,36.63,29.02,42.19,42.32,41.43,45.68,56.9,38.93,45.52,31.16,34.96,29.6,43.52,53.76,26.91,49.4,26.79,34.88,33.55,43.31,37.15,33.27,36.44,41.75,47.06,33.35,39.52,41.6,52.65,31.18,47.64,52.19,32.76,45.61,32.86,34.1,32.78,42.57,27.11
1950,18.1,51.51,48.87,44.85,45.35,30.73,37.67,43.84,59.1,51.56,-999.0,33.52,30.85,39.52,39.56,39.79,43.66,56.11,36.65,43.24,29.42,31.62,25.56,41.61,52.42,26.48,47.58,23.79,32.97,31.33,41.04,37.68,36.34,33.91,38.95,46.49,35.34,37.18,39.33,50.87,28.46,46.09,52.29,34.43,43.73,30.61,34.63,28.68,40.61,27.23
1951,17.43,51.42,48.57,44.52,44.56,29.82,38.75,44.12,59.23,51.47,-999.0,34.22,29.64,39.82,39.66,39.83,43.49,55.46,37.86,43.35,30.7,32.83,27.12,42.0,52.12,25.72,47.07,24.57,33.23,32.23,41.72,37.34,35.28,35.02,39.2,46.78,34.48,37.63,40.55,50.64,28.91,45.97,52.02,34.12,43.39,31.77,34.98,29.86,40.08,26.18
1952,18.15,50.9,48.48,44.69,44.41,30.28,39.29,44.82,59.35,51.66,-999.0,36.7,29.01,41.6,41.44,41.48,44.74,54.57,38.19,44.32,31.22,34.49,30.11,43.23,51.47,28.31,47.53,28.32,35.48,32.72,42.39,37.55,34.9,35.82,40.72,47.6,34.2,38.56,40.91,51.0,31.91,46.26,51.88,34.16,44.21,32.13,35.47,32.17,40.98,27.24
1953,18.35,51.43,49.18,44.11,44.34,31.79,39.96,45.41,60.44,52.02,-999.0,37.7,32.19,42.34,41.76,43.13,44.51,55.86,39.01,44.79,32.32,35.63,31.11,44.32,52.27,31.44,48.07,30.55,37.29,33.71,42.82,37.47,35.82,36.68,40.98,48.59,36.28,39.09,41.57,51.52,33.92,46.35,52.78,35.2,44.68,33.3,37.61,33.28,40.95,29.94
1954,16.55,51.07,50.12,45.95,44.73,32.97,38.57,44.61,58.96,51.33,-999.0,38.35,30.88,42.94,42.15,43.72,45.09,55.52,37.42,43.82,30.69,34.28,30.76,45.13,52.3,29.48,46.85,29.58,37.62,32.23,41.62,39.26,35.77,35.02,40.92,49.34,34.71,38.12,39.98,50.69,33.56,46.79,53.4,36.07,43.61,31.43,35.53,33.12,40.83,29.55
1955,15.84,51.19,49.08,43.82,43.46,30.02,38.53,44.42,58.98,51.4,-999.0,36.24,28.73,41.53,41.04,41.47,44.42,55.77,37.45,43.73,30.14,34.69,28.75,43.26,52.12,26.65,47.13,26.72,35.15,32.15,41.8,37.15,33.88,35.05,40.42,47.66,33.58,38.04,39.82,50.82,31.31,46.26,52.41,33.17,43.65,31.2,34.02,31.92,40.4,26.93
1956,14.36,51.25,49.16,44.16,43.91,30.45,37.62,44.45,58.62,51.56,-999.0,36.35,29.91,41.57,41.26,42.07,44.76,55.35,36.17,43.76,28.72,33.23,28.41,43.62,52.12,28.69,47.88,27.35,35.77,30.38,41.4,36.96,34.63,33.89,40.32,48.23,34.8,37.69,39.01,51.21,31.74,46.75,52.43,34.23,44.3,29.83,35.52,31.18,41.03,27.74
1957,20.72,52.91,50.2,46.33,45.13,31.44,38.44,45.05,60.69,53.03,-999.0,37.18,30.33,41.88,41.32,42.14,45.1,57.0,37.25,44.3,30.16,33.45,29.45,43.96,53.53,29.12,48.39,28.93,36.14,31.46,42.13,39.18,35.24,35.02,40.33,48.09,35.03,38.07,39.93,52.01,32.74,47.58,53.08,35.6,44.75,30.99,35.73,31.75,41.35,28.38
1958,19.63,49.65,48.08,46.28,46.43,31.75,37.11,42.88,58.72,50.18,-999.0,35.75,32.6,39.88,39.12,41.4,42.02,54.69,36.02,42.27,29.75,32.41,29.26,42.27,50.63,30.6,45.87,28.39,35.49,30.61,40.49,38.73,36.84,33.33,38.23,47.25,37.87,36.2,38.62,49.36,32.1,44.22,51.91,36.1,42.23,29.63,38.98,31.16,38.8,29.08
1959,16.87,51.43,48.88,45.85,45.57,30.94,38.93,45.37,60.71,52.23,-999.0,36.51,30.77,41.63,41.32,41.08,44.42,55.26,37.58,44.61,30.27,33.72,29.3,43.23,51.86,28.47,47.94,27.84,35.18,32.14,42.64,37.57,35.83,35.25,40.4,46.84,35.18,38.48,39.96,51.64,31.72,46.27,51.34,35.33,44.41,31.33,36.0,31.62,40.64,27.93
1960,19.38,49.72,47.84,45.14,45.29,30.43,37.57,43.4,58.59,50.12,-999.0,35.51,30.12,40.27,39.68,40.69,42.55,54.27,36.51,42.62,30.71,33.24,28.88,42.12,50.47,28.73,45.92,27.48,34.43,31.46,40.89,37.16,36.22,34.19,38.86,46.69,34.97,36.75,39.0,49.42,31.18,44.48,51.61,35.12,42.48,30.82,35.68,31.73,39.07,28.03
1961,16.44,50.13,48.1,45.03,45.08,30.41,38.18,44.11,58.86,50.57,-999.0,36.09,31.92,40.8,40.42,40.41,43.45,54.4,37.05,43.43,30.57,34.08,30.11,42.4,50.73,30.56,46.66,28.59,35.02,31.78,41.57,37.17,36.27,34.93,39.76,46.41,36.31,37.67,39.78,49.93,32.23,45.27,51.12,35.11,43.28,31.19,37.02,32.38,40.3,28.59
1962,19.57,50.82,49.19,45.52,44.62,30.79,36.18,42.91,58.67,50.97,-999.0,36.04,30.54,40.52,39.93,41.93,43.47,55.23,35.07,42.24,28.7,32.71,29.48,42.98,51.69,29.63,46.51,28.48,35.51,29.74,39.98,38.11,35.54,33.0,38.92,47.73,35.08,36.14,37.66,50.15,32.21,45.53,52.41,34.64,42.59,28.97,36.44,31.53,39.6,28.16
1963,19.36,49.27,47.97,45.43,45.13,32.01,36.3,42.2,58.25,49.66,-999.0,36.58,31.98,39.35,37.78,42.62,41.36,54.17,35.41,41.32,28.78,31.87,30.12,42.62,50.24,30.34,44.9,29.58,37.08,30.01,39.57,38.07,36.32,32.47,36.91,47.6,36.17,34.94,38.31,48.7,33.74,43.56,52.18,35.61,41.1,29.07,37.06,30.78,37.13,29.46
1964,15.79,50.67,48.82,43.42,43.93,29.58,37.01,43.47,59.73,51.12,-999.0,37.29,28.98,41.5,40.48,41.73,43.4,55.27,35.9,42.88,29.46,34.12,29.58,43.49,51.54,28.6,46.81,27.63,35.27,30.53,40.74,36.42,34.37,34.12,39.48,47.57,34.06,36.61,38.75,50.39,31.78,45.38,52.01,33.24,42.88,30.24,35.15,32.53,39.15,26.73
1965,17.56,51.17,49.6,44.62,44.65,30.99,36.91,43.24,59.57,51.4,-999.0,36.18,31.02,41.57,40.98,41.84,44.09,56.02,35.67,42.82,28.88,33.03,27.87,43.83,52.1,28.18,46.77,26.44,35.24,30.38,40.55,37.75,35.44,33.48,39.85,48.12,35.48,36.99,38.35,50.67,31.22,45.93,52.99,35.07,43.07,29.64,36.79,31.12,39.93,28.02
1966,16.25,50.09,47.85,45.1,45.26,30.38,37.31,43.1,58.65,50.32,-999.0,35.01,31.16,39.98,39.39,40.33,42.61,54.78,36.3,42.37,30.79,33.2,27.8,41.9,50.88,28.63,45.6,26.41,34.43,30.88,40.77,37.36,35.88,33.74,38.66,46.1,35.74,36.49,39.18,49.24,30.71,44.74,51.25,34.87,41.98,30.25,37.08,30.74,38.63,27.95
1967,19.67,49.9,48.43,44.52,45.19,30.98,37.14,42.28,59.04,50.2,-999.0,35.53,32.04,40.34,39.86,41.02,43.08,54.62,35.98,41.98,29.15,32.53,27.73,42.57,50.75,29.68,45.56,27.21,34.93,30.6,40.23,37.75,36.37,33.85,39.09,47.06,36.2,36.7,38.53,49.09,31.64,45.05,52.2,34.92,41.88,29.99,37.53,30.31,39.16,28.52
1968,17.6,48.62,47.74,44.46,45.16,29.72,37.29,43.46,57.3,49.31,-999.0,36.6,30.96,40.83,40.39,40.76,42.7,53.53,36.1,42.8,29.42,33.95,30.03,42.47,49.8,28.85,45.42,28.03,35.0,30.7,40.94,37.17,36.17,33.73,39.37,46.43,36.09,37.08,38.78,48.72,31.79,44.3,51.36,34.06,42.27,29.92,36.7,32.68,39.04,27.17
1969,19.42,49.43,48.17,45.84,45.32,31.62,38.17,43.73,58.53,50.03,-999.0,35.82,30.73,40.45,39.92,41.77,42.74,54.62,37.28,43.16,31.09,33.47,29.13,42.73,50.6,27.59,46.02,27.42,35.62,32.09,41.48,38.69,36.55,34.34,39.17,47.38,35.13,37.2,39.88,49.32,31.65,44.61,52.43,35.67,42.69,31.25,35.71,31.28,39.32,28.15
1970,17.84,50.24,48.71,44.55,45.31,30.61,37.69,44.03,58.57,50.9,-999.0,36.27,31.18,41.23,40.65,40.96,43.96,54.73,36.52,43.58,29.92,33.56,28.3,43.2,51.13,28.6,46.88,26.98,35.03,31.3,41.54,37.01,36.02,34.05,40.36,46.97,35.32,38.1,39.14,50.41,31.2,45.62,51.27,34.93,43.58,30.15,35.86,31.53,40.83,27.82
1971,14.6,50.92,49.02,43.76,43.81,30.41,38.09,44.75,59.28,51.67,-999.0,36.7,30.5,41.61,40.97,41.41,44.27,55.63,36.62,44.07,29.3,33.65,28.93,43.57,51.78,28.47,47.81,27.78,35.62,30.85,42.2,37.03,35.22,34.26,39.99,47.35,34.95,37.96,39.83,51.26,31.58,46.15,52.46,34.27,44.1,30.03,35.72,31.48,40.6,27.75
1972,15.87,51.24,48.86,45.14,44.88,31.14,37.51,44.22,60.29,51.88,-999.0,35.27,30.83,40.46,40.38,40.95,44.2,55.74,36.22,43.45,28.18,31.88,27.32,42.99,51.93,27.98,47.05,26.54,34.82,30.61,41.32,37.94,36.11,33.43,39.67,47.06,34.98,37.29,39.02,50.69,30.77,46.13,51.93,35.58,43.62,29.61,35.47,29.72,40.54,27.81
1973,17.08,51.58,50.16,44.13,45.21,30.13,39.89,45.8,59.66,52.0,-999.0,39.1,31.25,43.66,43.19,42.48,45.64,56.0,39.02,45.2,32.78,36.18,32.07,45.07,52.52,29.82,47.76,30.3,36.89,33.98,43.45,36.38,36.38,36.55,42.43,47.73,36.22,39.74,41.54,51.07,33.95,47.27,51.58,33.97,44.78,33.12,36.68,34.75,42.07,27.54
1974,15.62,51.23,49.51,45.05,45.06,30.21,37.94,44.28,59.81,51.88,-999.0,37.05,31.03,41.78,41.36,41.7,44.82,56.05,36.81,43.88,29.51,33.25,29.41,43.51,52.02,30.15,47.76,28.03,35.86,31.38,41.86,37.63,36.37,34.22,40.32,47.45,35.35,37.78,39.63,51.16,32.58,46.53,52.13,34.64,44.12,30.57,36.77,31.83,40.97,27.97
1975,15.27,51.57,48.98,43.28,43.82,29.51,39.23,45.5,60.41,52.36,-999.0,36.97,30.36,42.22,42.13,41.21,45.15,55.63,38.01,44.88,30.32,34.67,29.58,43.77,52.28,28.07,48.2,28.43,35.13,32.39,43.18,35.98,35.16,35.71,41.25,46.73,35.22,38.97,40.87,51.89,31.93,46.78,51.14,33.17,44.54,31.82,35.74,32.08,41.57,26.87
1976,17.94,48.41,46.88,44.48,44.4,30.36,36.95,43.13,57.96,49.32,-999.0,35.31,29.92,38.95,38.68,40.46,41.52,52.94,35.88,42.46,29.09,31.79,28.18,41.39,49.28,30.2,45.32,28.38,35.48,30.37,40.52,36.43,35.3,32.88,37.85,45.41,34.67,36.01,38.52,48.85,32.57,43.41,50.22,33.89,41.94,29.49,36.04,29.39,38.01,28.02
1977,19.28,50.55,49.38,45.92,45.38,32.23,38.01,44.48,58.28,50.79,-999.0,37.5,31.19,41.24,40.67,42.87,43.67,55.19,37.02,43.6,30.52,33.89,30.63,44.08,51.68,29.53,46.94,29.54,37.29,32.02,41.61,38.55,36.47,34.76,39.53,48.4,35.74,37.48,39.82,50.38,33.58,45.75,52.63,35.67,43.5,31.6,36.35,32.41,39.67,28.79
1978,21.45,49.79,47.62,46.31,45.63,31.03,36.34,42.93,59.0,50.61,-999.0,34.73,31.04,39.38,38.65,40.23,42.52,54.18,35.13,42.38,28.54,32.02,28.09,41.68,50.44,27.43,46.19,26.68,33.68,29.68,40.17,38.9,36.4,32.57,38.11,46.39,35.68,36.12,37.79,49.92,30.23,44.65,51.81,35.61,42.55,28.77,36.47,30.15,39.12,26.61
1979,20.02,49.99,47.17,44.44,45.26,29.91,39.27,44.16,59.18,50.84,-999.0,34.57,30.14,39.11,39.04,39.67,42.9,54.01,38.23,43.32,32.47,32.59,27.54,40.9,50.62,27.58,46.52,25.81,34.12,33.23,42.02,36.82,36.12,34.87,38.98,45.39,35.82,37.51,40.86,50.0,30.29,45.12,50.66,33.8,43.15,32.3,36.27,30.2,39.64,27.0
1980,19.07,50.49,48.66,45.97,45.64,31.82,37.4,44.1,59.1,51.18,-999.0,37.08,32.05,41.07,40.32,42.16,43.47,54.89,36.11,43.3,29.39,33.06,29.51,43.27,51.41,29.91,46.49,28.95,36.4,30.63,41.24,38.36,37.03,33.49,39.25,47.68,36.12,36.87,38.92,50.13,33.18,45.61,52.32,35.93,43.14,29.88,36.84,31.67,39.52,29.15
1981,21.91,49.63,48.94,47.28,46.98,33.37,38.15,43.63,57.51,50.03,-999.0,37.95,32.73,41.55,40.59,43.18,43.24,54.97,36.99,42.92,31.99,34.09,31.88,43.88,51.15,31.65,45.42,31.27,37.53,32.61,41.33,39.41,38.24,34.88,39.52,48.5,36.72,37.29,39.38,48.84,34.7,45.13,53.08,37.5,42.31,31.86,37.62,33.04,38.82,30.73
1982,18.05,51.92,49.13,45.43,44.73,30.88,37.33,43.89,61.12,52.71,-999.0,36.08,30.15,40.65,40.4,40.67,44.31,56.1,36.27,43.41,29.17,33.24,28.77,42.72,52.66,27.36,47.76,26.73,34.85,30.64,41.17,38.28,35.79,33.89,39.85,46.93,34.86,37.38,39.01,51.68,31.33,46.52,52.56,34.6,43.82,30.02,35.82,31.17,40.37,27.63
1983,19.58,49.88,48.12,46.09,46.49,31.68,39.2,44.97,58.88,50.48,-999.0,38.12,32.25,42.24,41.67,41.85,44.18,53.87,38.36,44.07,32.2,35.17,31.87,43.48,50.81,30.1,46.73,30.43,36.54,33.29,42.47,38.28,37.73,35.57,40.87,46.62,36.95,38.43,40.98,49.72,33.55,45.54,51.23,36.45,43.45,32.26,37.38,33.89,40.17,28.93
1984,17.61,50.77,49.03,45.61,46.03,30.72,38.89,44.97,59.15,51.28,-999.0,37.48,29.91,41.92,41.32,41.78,44.5,55.68,37.76,44.28,31.12,34.32,30.89,43.47,51.96,29.84,47.39,29.66,36.37,32.52,42.32,38.01,36.12,35.33,40.32,47.16,35.18,38.09,40.65,50.54,33.15,46.12,52.48,33.82,44.15,31.78,35.93,33.06,40.78,27.51
1985,18.75,51.52,48.93,45.7,44.69,30.93,38.44,45.33,60.02,52.39,-999.0,35.33,27.67,40.52,40.95,40.63,44.55,56.03,36.9,44.56,29.34,33.7,28.01,42.46,52.27,27.16,48.07,26.47,34.41,31.34,42.36,38.28,35.12,34.77,40.16,47.13,32.92,38.13,39.63,51.57,30.52,46.38,52.5,34.6,44.38,30.93,33.91,30.9,40.72,26.0
1986,19.22,52.37,50.53,46.73,46.49,32.95,38.35,44.95,60.79,53.35,-999.0,38.67,32.49,42.78,42.53,43.77,45.8,56.96,37.02,44.32,29.51,34.68,31.22,45.18,53.2,31.37,48.68,30.59,38.03,31.91,42.11,39.32,37.98,35.47,41.85,49.25,37.0,38.77,39.56,52.44,34.48,47.6,53.81,36.95,44.69,31.31,37.78,33.17,41.51,29.81
1987,19.95,51.0,49.47,45.39,45.75,31.6,38.45,44.79,59.53,51.49,-999.0,40.48,31.91,43.59,42.79,43.4,44.95,54.87,36.97,44.3,30.67,36.77,34.41,45.27,51.65,31.83,47.2,33.44,38.07,32.09,42.25,37.14,37.33,35.66,41.87,47.93,36.33,38.87,39.55,50.66,36.22,46.63,51.57,35.89,43.98,31.46,37.87,35.88,41.0,29.32
1988,19.68,50.03,47.75,45.9,45.77,31.1,37.76,43.73,58.83,50.32,-999.0,36.62,31.78,40.52,39.86,41.44,42.57,54.62,36.66,43.0,30.56,33.82,29.88,42.28,50.84,30.99,45.57,29.46,36.12,31.58,40.99,37.58,36.86,34.47,39.2,46.56,35.97,37.17,39.36,49.03,33.38,44.5,51.32,35.41,42.06,30.9,37.33,31.93,38.8,29.16
1989,19.24,51.07,48.01,46.16,45.1,31.21,37.72,44.8,59.96,51.96,-999.0,35.27,30.97,39.95,40.08,40.02,43.62,55.18,36.4,43.88,28.56,32.24,27.62,41.6,51.59,28.97,47.57,27.17,34.52,30.62,41.72,38.18,36.01,33.7,39.58,45.92,34.98,37.46,39.08,51.18,31.67,45.87,51.62,35.18,43.73,29.86,36.92,30.06,40.23,28.09
1990,17.45,52.47,50.49,45.68,45.04,31.95,40.88,46.95,61.38,53.27,-999.0,38.78,31.42,43.32,43.11,42.85,46.06,56.88,39.5,46.08,32.31,35.52,31.13,44.98,53.19,30.16,49.43,29.92,36.96,34.07,44.23,38.46,36.24,37.34,42.56,48.51,35.8,40.36,42.06,52.88,34.03,47.77,53.43,35.86,45.85,33.6,37.61,33.83,42.55,28.81
1991,19.26,53.05,50.87,45.36,45.52,31.47,40.43,46.62,61.64,53.68,-999.0,38.35,31.59,43.69,43.73,43.12,46.71,57.17,39.01,45.85,31.14,35.82,31.32,45.15,53.78,30.96,49.35,30.92,37.48,33.29,43.77,38.11,36.57,36.8,42.9,48.62,36.25,39.9,41.44,52.8,34.78,48.44,53.14,35.07,45.69,32.68,37.52,33.41,42.68,29.11
1992,17.53,50.99,49.24,46.13,47.05,31.88,37.75,44.38,59.93,51.79,-999.0,38.02,32.84,42.05,41.63,42.44,44.62,55.64,36.4,43.83,29.65,33.95,31.08,43.89,51.88,31.02,47.57,29.92,36.8,31.12,41.47,38.03,38.02,34.13,40.72,47.88,37.68,37.97,39.11,51.0,33.77,46.37,52.65,36.43,44.02,30.22,38.79,33.14,40.91,29.41
1993,22.35,50.91,48.69,45.93,45.51,30.69,38.27,44.97,59.6,51.62,-999.0,36.53,29.58,41.74,41.39,40.77,44.35,55.22,36.94,44.18,29.16,33.71,28.95,43.06,51.79,28.18,47.59,27.26,34.73,31.29,42.09,38.25,35.53,34.04,40.73,46.7,34.55,37.99,39.8,51.07,31.16,46.18,51.93,34.44,44.09,30.39,36.19,32.07,41.06,26.52
1994,18.74,52.0,49.69,46.37,45.39,32.6,38.38,44.7,61.52,52.64,-999.0,36.82,32.17,41.58,40.98,42.23,44.07,56.44,37.18,43.88,30.07,33.46,30.55,43.74,52.79,30.24,47.84,28.71,36.54,31.62,41.61,39.19,37.23,34.04,39.82,47.68,36.08,37.24,39.92,51.6,33.01,46.48,53.34,36.92,43.88,30.59,37.98,32.49,40.35,29.74
1995,20.38,51.49,49.24,46.77,46.87,32.15,38.75,45.04,60.44,52.08,-999.0,37.37,32.38,41.38,41.14,41.48,44.22,56.07,37.55,44.26,30.53,34.52,30.31,43.26,52.18,29.85,47.57,29.02,36.24,32.5,42.28,39.09,37.65,35.14,40.23,47.28,37.17,38.14,40.43,51.25,33.63,46.16,52.82,36.43,44.03,31.86,37.98,32.89,40.62,29.31
1996,17.07,50.58,48.68,47.37,47.16,31.79,38.63,44.51,59.03,50.9,-999.0,35.05,31.49,40.03,40.13,40.45,43.71,55.57,37.64,43.65,31.37,32.75,27.24,42.17,51.74,27.38,46.93,25.64,34.41,32.72,41.92,39.38,37.95,35.05,39.71,46.6,36.33,37.78,40.09,50.26,30.19,45.62,52.54,36.56,43.44,32.2,36.02,30.23,40.23,28.1
1997,20.26,51.25,48.95,46.54,46.75,31.58,38.5,44.73,60.68,52.02,-999.0,37.13,31.73,41.22,40.68,41.8,43.76,55.88,37.34,43.72,29.58,33.87,30.43,43.31,52.11,30.33,46.83,29.38,36.44,31.57,41.71,38.51,37.28,34.38,40.08,47.34,36.6,37.69,40.02,50.89,33.38,46.04,52.24,35.73,43.3,30.49,37.8,32.76,40.18,28.64
1998,21.29,53.9,52.57,45.33,45.16,32.85,41.58,47.33,62.18,54.46,-999.0,41.52,33.16,45.84,45.11,44.62,47.55,58.49,40.52,46.79,33.68,38.23,34.96,47.24,55.0,31.99,49.85,32.59,38.78,35.47,45.11,39.23,36.67,38.65,44.16,50.45,37.14,41.58,42.81,53.44,36.17,49.5,54.81,36.09,46.39,35.08,39.05,37.23,43.43,30.31
1999,16.31,51.88,50.37,45.89,45.08,32.63,40.12,46.08,60.13,52.32,-999.0,38.98,31.45,42.78,42.09,43.36,45.15,56.39,39.17,45.02,33.34,35.88,33.24,45.07,52.89,31.82,48.17,31.78,38.0,34.17,43.53,38.65,36.29,36.37,41.13,49.01,35.57,39.06,41.77,51.44,35.57,47.18,53.62,35.8,44.57,33.37,37.27,34.76,40.85,29.96
2000,21.13,51.16,49.78,47.28,46.32,33.02,38.45,44.7,59.09,51.12,-999.0,37.96,32.07,41.95,41.18,42.75,44.51,56.11,37.6,43.9,30.99,34.96,31.17,44.2,52.1,29.84,46.98,29.52,36.91,32.42,42.25,39.89,37.83,35.15,40.59,48.3,36.08,38.18,40.15,50.26,33.48,46.52,54.11,37.48,43.68,31.72,36.57,33.48,40.66,29.34
2001,19.93,51.43,50.28,46.93,46.52,32.92,39.61,45.64,60.12,51.99,-999.0,38.85,32.02,43.1,42.85,43.44,45.2,56.2,38.46,44.68,31.82,37.08,32.67,44.98,52.31,31.11,47.69,30.78,38.02,33.01,43.09,39.48,37.75,36.76,42.21,49.02,36.04,39.3,41.47,51.27,34.56,46.86,53.84,37.01,44.0,32.79,37.18,35.02,41.18,29.96
2002,22.53,52.41,50.0,46.28,45.71,31.6,40.17,46.88,60.79,52.92,-999.0,38.38,30.97,43.06,42.99,42.31,46.11,56.56,39.14,45.82,31.63,36.02,31.99,44.27,53.15,29.29,48.82,29.68,36.88,33.83,43.96,39.07,36.52,36.91,42.5,47.71,35.59,39.83,41.66,52.32,33.8,47.84,53.1,35.41,45.35,33.26,36.97,34.71,42.29,28.09
2003,21.47,51.63,49.56,47.64,46.99,33.07,38.42,45.18,60.53,52.28,-999.0,36.93,33.45,41.32,40.99,42.29,44.85,55.93,37.4,44.56,30.22,33.7,30.68,43.64,52.25,31.01,48.28,29.03,36.93,31.82,42.49,40.07,38.69,34.66,40.5,47.72,37.57,38.23,40.0,51.47,33.71,46.88,53.26,37.7,44.72,30.99,38.22,32.37,41.49,30.17
2004,21.57,52.37,50.72,46.58,46.29,32.24,38.9,46.36,60.27,52.81,-999.0,38.14,32.65,42.57,42.28,42.96,45.82,57.15,37.88,45.61,30.28,34.65,30.91,44.57,53.26,30.8,48.77,29.12,37.23,32.35,43.48,39.17,37.59,35.39,41.62,48.83,37.18,39.24,40.22,52.14,34.04,47.98,53.99,36.25,45.52,31.32,38.73,33.22,42.26,29.73
2005,21.52,51.93,50.62,47.18,46.37,32.94,39.24,45.93,60.68,52.62,-999.0,39.11,31.61,43.38,42.69,43.53,45.78,56.59,38.29,45.18,31.81,35.93,32.82,45.31,52.82,30.79,48.54,31.16,37.96,33.33,43.4,39.93,37.49,36.06,41.76,48.66,36.16,39.04,40.88,51.88,35.03,47.61,53.48,36.69,45.05,32.92,37.46,34.57,41.92,29.7
2006,18.95,51.74,50.39,46.55,45.99,32.48,41.14,47.18,60.28,52.34,-999.0,39.98,32.12,43.92,43.49,43.51,45.88,56.68,40.38,46.23,34.47,37.37,34.05,45.51,52.68,31.99,48.34,32.07,37.91,35.73,44.84,39.51,36.94,38.12,42.89,49.16,36.2,40.6,42.77,51.75,35.67,47.48,54.07,36.1,45.18,35.46,37.48,35.91,42.04,29.93
2007,20.49,52.02,51.02,47.31,45.83,32.34,39.23,46.14,61.07,52.61,-999.0,38.73,32.45,43.23,42.75,43.29,46.05,57.02,38.1,45.31,30.35,35.94,32.06,45.43,53.25,31.62,48.6,30.11,37.76,32.3,43.53,39.23,37.25,35.45,41.89,49.05,35.77,38.93,40.77,52.13,34.77,48.04,53.21,36.48,45.26,31.69,37.07,34.38,41.84,30.09
2008,17.48,51.07,48.9,46.29,45.95,30.87,39.51,45.98,60.15,51.68,-999.0,35.68,30.34,40.8,40.68,41.23,43.98,55.86,38.59,44.95,31.53,33.98,28.77,42.81,51.82,28.81,47.93,27.28,35.18,33.14,43.29,38.22,36.35,35.76,40.3,47.09,34.9,38.37,41.35,51.26,31.66,46.19,52.31,34.83,44.48,32.62,35.92,31.13,40.52,27.64
2009,18.92,52.05,49.73,46.63,45.93,31.56,39.13,46.01,60.66,52.46,-999.0,36.54,30.97,41.77,41.44,41.3,45.04,56.66,38.09,44.99,30.78,33.83,29.86,43.71,52.8,28.94,48.32,27.69,35.4,32.37,43.27,38.92,36.57,35.14,40.48,47.48,35.5,38.42,40.83,51.77,32.07,47.11,52.96,35.33,44.68,32.06,36.44,32.02,41.22,28.11
2010,19.95,50.71,49.98,46.53,45.68,32.3,41.45,46.85,58.3,51.05,-999.0,38.02,31.92,42.67,42.12,43.16,44.92,55.6,40.49,45.82,35.2,37.28,32.48,44.64,51.71,29.84,47.77,30.41,37.27,35.81,44.67,39.23,37.01,37.71,41.52,48.62,36.24,39.8,42.7,50.84,33.93,46.68,52.72,35.77,44.79,35.23,37.97,35.1,41.28,29.03
2011,19.27,51.72,50.56,45.91,44.86,31.38,40.97,47.39,60.57,52.35,-999.0,38.15,30.77,43.38,43.29,42.08,46.33,56.47,39.81,46.58,32.97,35.98,31.76,44.93,52.72,29.8,48.98,30.05,36.29,34.49,45.02,38.93,35.83,37.48,42.72,48.56,35.01,40.54,42.38,52.11,33.19,47.94,53.76,34.85,46.04,34.32,36.08,34.25,42.88,28.36
2012,16.77,53.32,52.05,47.41,46.51,33.69,42.65,48.39,61.37,53.92,-999.0,40.51,32.92,44.67,44.1,44.38,46.81,58.18,41.48,47.29,33.79,38.17,34.33,46.71,54.27,31.9,49.62,32.11,38.32,36.03,46.02,40.14,38.14,38.91,43.38,50.26,36.31,41.44,43.62,53.17,35.86,48.79,54.94,37.59,46.39,35.49,37.48,36.56,42.93,31.09
2013,20.14,51.87,49.03,46.33,46.08,31.25,39.98,46.41,61.58,52.68,-999.0,36.43,31.67,41.08,41.31,41.17,44.62,56.03,38.83,45.18,32.12,34.44,29.1,43.05,52.29,30.46,48.17,27.97,36.01,33.61,43.63,38.66,36.57,36.06,41.26,46.9,35.78,39.18,41.38,51.58,32.43,46.8,52.61,35.08,44.84,33.15,37.52,31.63,41.54,28.9
2014,22.83,50.36,48.12,48.01,48.68,32.42,38.72,44.86,60.12,51.33,-999.0,35.2,33.38,39.5,39.32,40.95,43.4,54.75,37.69,43.56,31.16,32.14,28.55,42.11,51.07,30.05,47.43,27.97,35.18,32.51,41.92,39.82,39.36,34.69,39.05,46.76,38.12,37.2,40.27,50.83,31.67,45.75,52.56,37.67,43.64,31.68,38.77,30.22,39.88,29.4
2015,22.7,53.79,50.94,48.02,48.09,34.11,39.21,46.57,63.58,54.64,-999.0,39.08,34.43,42.88,42.07,43.88,45.72,58.02,37.73,45.4,30.82,34.96,33.18,45.35,54.51,32.37,49.99,31.63,38.28,32.28,43.63,40.66,39.51,35.15,41.35,49.2,38.53,38.88,40.62,53.65,35.23,48.33,54.21,38.18,45.92,31.53,39.93,34.67,42.18,31.26
2016,24.48,53.41,52.08,47.91,47.72,33.27,41.34,47.54,62.12,53.87,-999.0,40.83,33.43,45.01,44.18,44.36,46.81,58.64,39.83,46.43,33.03,37.73,34.88,46.77,54.46,32.64,49.99,33.28,38.95,34.71,44.57,40.46,38.42,37.26,43.23,50.04,37.43,40.18,42.5,53.6,36.14,48.93,55.16,37.53,46.39,33.98,39.2,36.56,42.97,30.87
2017,21.72,53.91,51.79,48.54,47.99,34.09,41.2,48.13,62.49,54.52,-999.0,39.66,32.72,44.01,43.77,43.72,46.94,58.81,39.85,46.9,32.29,36.78,32.49,46.11,54.96,30.98,50.09,30.54,37.97,34.56,44.88,41.12,38.75,37.25,43.17,49.57,36.8,40.56,42.43,53.84,34.48,49.11,54.9,37.74,46.5,33.63,37.19,34.89,43.18,30.42
2018,23.36,53.69,50.8,47.97,47.49,33.02,41.56,48.0,62.24,54.26,-999.0,37.78,32.82,42.6,42.95,42.06,46.86,57.88,40.13,46.77,31.7,35.68,30.58,44.62,54.22,29.49,50.15,28.66,36.37,34.38,44.9,40.31,38.31,36.92,42.88,48.16,36.72,40.52,42.76,53.6,32.68,48.95,53.91,37.51,46.61,33.38,38.37,33.34,43.26,29.36
2019,24.84,54.1,50.85,46.36,46.43,31.48,40.16,47.71,63.07,54.78,-999.0,37.11,31.57,42.41,42.38,41.95,46.47,57.65,38.72,46.68,30.64,34.54,29.63,44.85,54.5,28.39,50.57,27.73,35.88,32.67,44.5,39.73,36.94,35.38,42.41,48.3,36.04,39.8,41.5,53.86,31.85,48.95,53.77,35.47,46.77,31.37,37.22,32.54,43.07,27.82
2020,19.97,54.05,51.02,47.52,47.45,32.75,41.86,48.3,63.17,54.71,-999.0,38.78,32.22,43.45,43.29,42.9,46.68,58.39,40.96,47.52,33.35,37.02,31.97,45.29,54.94,30.96,50.6,30.55,37.49,35.18,45.82,40.41,38.06,38.05,43.24,48.66,36.95,41.0,43.49,54.24,34.43,48.86,54.24,36.84,47.11,34.32,38.31,34.92,43.38,29.1
2021,19.05,53.45,50.68,47.72,47.6,33.42,41.89,47.67,62.24,53.28,-999.0,39.65,33.45,43.98,43.5,43.5,46.28,57.68,41.27,46.96,34.38,37.58,33.57,45.9,54.33,31.23,49.22,31.4,38.25,35.97,45.4,40.27,38.89,38.31,43.32,48.82,37.38,41.32,43.67,52.7,35.5,48.5,54.04,37.75,46.16,35.1,38.35,35.32,42.72,30.4
