Year,AL,AZ,AR,CA,CO,CT,DE,FL,GA,ID,IL,IN,IA,KS,KY,LA,ME,MD,MA,MI,MN,MS,MO,MT,NE,NV,NH,NJ,NM,NY,NC,ND,OH,OK,OR,PA,RI,SC,SD,TN,TX,UT,VT,VA,WA,WV,WI,WY,AK,HI,PR,VI
1900,49.255,53.156,83.077,41.262,42.093,10.0,-999.0,90.524,71.111,27.031,41.073,38.579,32.347,69.627,59.065,90.221,10.792,-999.0,14.531,13.601,13.001,80.921,54.72,24.467,51.36,37.151,15.006,27.413,94.423,10.213,61.007,20.094,30.266,-999.0,10.082,21.983,13.0,67.643,37.528,43.216,92.434,60.134,4.946,39.069,14.248,45.584,20.027,13.797,-999.0,-999.0,-999.0,
1901,65.467,64.654,95.992,48.136,46.735,5.0,-999.0,70.011,47.339,29.075,57.76,52.288,51.309,84.958,56.983,91.385,10.046,-999.0,11.56,14.679,20.773,81.411,81.399,21.453,57.004,43.966,13.72,14.511,94.423,8.967,36.198,17.598,28.664,-999.0,21.179,10.688,5.0,42.888,39.745,44.619,104.587,65.944,5.503,20.406,18.389,23.723,27.354,18.414,-999.0,-999.0,-999.0,
1902,89.2,58.304,72.448,42.603,41.508,0.0,-999.0,99.083,88.51,27.823,20.863,27.396,9.716,52.202,54.218,104.097,1.305,-999.0,2.314,2.773,4.756,90.159,33.535,9.415,22.732,48.473,1.354,6.725,90.835,1.293,47.719,7.765,17.446,-999.0,20.912,2.222,2.0,62.614,15.075,48.732,112.307,60.801,0.0,24.164,16.715,10.647,4.368,6.194,-999.0,-999.0,-999.0,
1903,65.157,65.799,58.157,52.911,33.455,2.0,-999.0,68.248,60.515,22.078,21.903,27.563,10.585,48.863,43.662,83.511,3.882,-999.0,5.74,3.049,2.108,77.28,31.396,8.832,20.432,45.029,5.038,10.645,78.767,2.372,34.764,9.314,19.872,70.158,12.547,4.452,5.0,45.978,13.284,44.689,82.597,58.146,3.503,16.059,15.205,16.216,5.023,7.347,-999.0,-999.0,-999.0,
1904,87.268,58.278,62.684,58.571,23.352,1.0,-999.0,81.452,78.379,30.612,13.465,15.101,8.633,38.777,40.002,100.044,0.713,0.0,3.686,2.763,2.967,88.372,20.047,10.78,19.114,52.486,3.053,7.077,84.19,2.321,33.684,5.472,9.476,77.351,24.299,2.968,1.0,44.524,16.033,37.171,105.546,51.507,3.009,13.624,24.566,12.003,4.347,9.186,-999.0,-999.0,-999.0,
1905,68.665,59.937,61.264,53.61,33.703,2.0,-999.0,97.651,76.358,31.506,24.954,18.708,18.325,59.724,36.327,102.848,2.645,0.0,7.917,4.022,7.156,78.757,29.096,15.826,29.214,51.361,7.697,9.643,63.975,3.209,33.338,7.965,11.668,86.599,18.779,5.019,2.0,41.477,20.259,33.25,104.383,55.468,5.01,13.841,19.757,12.355,7.685,4.598,0.0,-999.0,-999.0,
1906,60.447,47.237,64.414,63.61,25.246,0.0,-999.0,81.523,71.632,29.741,38.14,30.912,22.478,46.46,36.962,104.388,3.558,0.0,4.822,8.551,10.042,83.201,34.255,17.791,30.809,55.801,8.024,11.398,60.077,4.24,38.067,19.548,18.888,53.717,28.514,4.61,1.0,40.91,20.645,36.128,96.642,45.928,11.85,19.672,28.659,15.739,9.505,5.875,0.0,-999.0,-999.0,
1907,66.188,45.556,76.873,39.034,31.505,1.0,-999.0,102.819,77.067,16.547,18.374,16.371,13.442,67.842,38.953,99.798,4.021,0.0,7.647,2.823,3.817,85.453,40.089,6.091,40.349,38.579,7.377,6.965,71.09,4.898,36.223,6.818,6.51,-999.0,14.341,2.096,0.0,49.737,13.488,46.744,111.483,40.943,6.786,13.937,17.782,5.665,3.17,7.152,0.0,-999.0,-999.0,
1908,76.127,48.473,67.348,55.893,32.309,2.0,-999.0,87.955,76.816,31.162,39.047,49.508,18.016,55.526,48.506,80.724,7.947,4.0,10.119,10.922,10.133,78.127,43.554,20.911,36.321,50.939,13.374,17.481,67.816,8.245,37.291,15.48,31.347,81.462,26.694,13.323,3.0,39.992,25.765,41.525,103.514,44.824,10.838,22.225,27.599,29.461,13.641,5.875,0.0,-999.0,-999.0,
1909,66.049,54.562,86.543,54.69,35.539,2.0,-999.0,89.621,60.12,29.159,30.501,23.008,22.827,65.7,39.29,98.093,7.465,0.0,11.394,6.57,7.698,88.358,53.442,15.523,42.427,53.43,9.37,15.581,74.863,5.604,28.591,13.512,8.315,115.371,12.607,5.648,6.0,39.484,26.218,41.557,122.49,43.066,12.113,17.78,15.423,13.069,11.554,12.65,0.0,-999.0,-999.0,
1910,49.341,76.538,63.873,63.868,42.683,3.0,-999.0,75.21,66.562,27.733,31.18,24.293,33.678,66.818,32.337,103.322,2.913,1.0,6.033,9.668,24.746,79.418,34.719,20.584,47.687,53.379,5.988,13.32,83.949,4.797,35.266,26.059,18.86,117.985,16.443,4.883,3.0,43.851,35.614,25.862,127.219,58.76,2.49,21.947,20.266,16.607,27.898,10.982,0.0,-999.0,-999.0,
1911,91.545,53.155,87.749,46.188,38.301,11.0,-999.0,99.271,98.273,18.548,47.05,48.43,42.934,86.565,62.859,122.57,15.927,9.0,16.721,15.566,17.287,94.728,69.098,9.76,55.124,48.467,18.38,18.272,72.026,15.855,60.815,9.179,34.488,123.069,19.997,21.43,5.0,75.001,34.491,61.353,131.415,46.755,18.467,38.969,22.542,37.311,20.64,7.152,0.0,-999.0,-999.0,
1912,55.15,49.672,75.367,45.499,26.276,5.0,-999.0,85.869,66.367,15.614,28.28,23.988,24.876,60.347,37.762,102.103,8.871,0.0,8.791,4.503,9.741,73.024,49.596,9.13,39.416,36.596,9.353,14.225,64.43,7.873,40.701,8.837,13.265,90.206,14.712,7.334,2.0,51.181,20.902,32.308,115.4,33.179,13.876,20.272,19.453,13.307,10.929,3.959,0.0,-999.0,-999.0,
1913,77.473,64.947,88.373,57.257,42.943,4.0,-999.0,82.577,80.693,23.213,59.94,61.65,47.245,85.271,75.731,85.145,6.03,4.0,15.31,13.934,14.126,79.299,80.008,12.768,65.334,37.232,13.703,16.589,69.94,7.823,46.311,18.551,34.863,101.053,16.604,18.386,4.0,62.506,39.133,71.068,104.177,40.624,7.799,19.421,22.613,24.482,17.658,10.344,0.0,-999.0,-999.0,
1914,74.767,59.707,88.61,50.285,33.139,3.0,-999.0,97.073,84.305,30.589,53.942,56.076,36.755,74.001,68.895,100.229,5.015,2.0,10.363,9.677,11.729,92.641,69.672,20.374,47.619,53.114,9.008,17.062,70.226,5.533,56.014,18.461,37.452,99.673,20.943,17.877,2.0,67.084,34.155,75.318,100.803,41.879,9.466,27.765,21.849,33.997,11.312,8.429,0.0,-999.0,-999.0,
1915,81.251,71.886,58.105,56.063,19.795,0.0,-999.0,101.474,86.219,28.1,10.013,13.868,2.766,18.811,30.793,100.523,0.0,0.0,5.348,0.692,1.763,86.297,20.615,7.659,9.523,54.439,3.01,14.229,62.609,3.023,47.404,7.189,6.332,55.561,22.225,6.998,0.0,63.998,2.438,46.176,95.098,40.551,3.478,21.451,27.411,10.985,1.032,4.917,1.0,-999.0,-999.0,
1916,68.503,62.364,88.971,45.708,36.867,4.0,-999.0,76.077,64.416,21.872,48.106,43.733,39.384,71.873,44.08,103.396,7.219,0.0,9.081,18.308,18.589,80.412,59.501,11.099,53.666,44.382,11.113,13.124,73.496,13.929,32.025,17.338,32.597,105.624,13.811,17.938,-999.0,39.657,34.266,48.472,122.217,31.231,15.011,13.867,17.35,17.999,23.933,9.186,3.0,-999.0,-999.0,
1917,54.588,67.795,61.378,67.192,36.839,5.0,-999.0,77.857,70.947,34.34,21.974,20.642,17.146,56.68,28.245,89.176,5.385,1.0,5.707,5.641,9.645,71.559,37.059,20.709,38.547,76.44,7.402,9.434,68.398,7.065,39.267,23.062,11.233,93.373,24.879,7.934,-999.0,49.391,25.64,32.399,117.08,47.067,7.997,13.961,24.779,20.292,8.258,9.386,0.0,-999.0,-999.0,
1918,72.291,58.696,92.018,52.332,39.426,7.0,-999.0,84.942,74.493,28.169,36.118,34.379,28.342,73.678,49.709,104.806,4.834,6.0,11.858,9.295,8.219,90.14,59.473,15.981,52.939,61.844,11.743,15.651,74.098,11.623,38.085,11.528,24.602,114.523,23.857,15.126,10.0,46.717,23.167,56.058,124.217,45.349,15.518,23.235,22.156,23.104,10.679,12.011,3.0,-999.0,-999.0,
1919,58.104,50.606,78.977,56.393,50.645,11.0,-999.0,97.63,69.987,37.254,49.141,48.265,29.753,68.459,61.104,82.968,11.349,5.0,9.856,11.547,8.182,75.153,53.83,36.041,49.93,75.968,9.068,14.791,56.753,11.469,47.337,23.066,32.472,82.55,25.995,16.07,6.0,43.385,30.998,59.792,72.957,67.728,13.556,20.361,23.02,25.969,14.309,15.132,3.0,-999.0,-999.0,
1920,42.791,54.024,60.54,50.694,30.635,-999.0,-999.0,82.875,66.385,34.389,33.142,23.144,19.194,51.715,25.996,92.933,2.721,0.0,3.408,3.076,7.801,69.183,36.74,19.155,39.213,53.977,2.018,3.946,63.356,3.381,32.693,19.607,10.939,65.407,22.597,1.413,0.0,45.682,21.267,36.063,101.797,43.586,4.01,10.67,24.689,11.619,7.487,7.152,0.0,-999.0,-999.0,
1921,84.155,53.754,98.965,59.591,37.23,-999.0,-999.0,97.789,90.653,25.079,57.785,53.237,39.059,70.616,67.724,112.988,11.231,0.0,12.568,17.735,23.915,105.688,66.893,21.731,56.413,61.456,16.637,17.285,62.076,13.975,53.812,23.833,34.68,94.197,15.495,15.886,5.0,72.597,41.297,76.036,119.909,45.655,18.518,26.133,18.79,23.499,29.372,10.344,0.0,-999.0,-999.0,
1922,67.349,78.899,87.047,63.181,48.312,1.0,-999.0,75.869,73.821,35.125,42.06,40.269,22.676,71.082,46.496,84.405,1.626,0.0,7.029,7.164,17.547,85.261,60.213,20.178,57.057,63.03,3.33,7.75,76.522,5.486,41.592,20.939,19.274,95.996,31.273,9.434,0.0,54.615,35.089,57.465,113.683,56.223,4.01,15.703,32.593,14.418,10.434,9.706,0.0,-999.0,-999.0,
1923,45.984,40.146,71.552,46.63,26.008,2.0,-999.0,70.941,61.536,25.876,35.988,27.605,24.541,49.955,39.366,77.101,5.386,0.0,12.748,7.643,14.569,64.533,47.034,12.896,30.052,51.813,7.679,16.426,56.624,6.745,44.846,12.347,20.066,83.484,21.25,13.365,7.0,53.877,19.872,35.811,104.665,37.707,6.504,20.156,24.876,8.919,14.14,4.917,2.0,-999.0,-999.0,
1924,72.005,74.337,76.105,65.467,42.676,2.0,-999.0,95.304,74.488,31.828,18.762,21.251,8.728,54.832,34.074,105.159,1.903,1.0,12.364,2.096,4.762,88.013,29.347,13.695,29.119,68.825,7.231,11.469,69.41,5.414,44.501,6.724,13.65,90.301,23.63,7.303,2.0,56.182,15.272,50.969,107.49,58.844,3.503,12.957,24.249,10.358,2.289,15.132,0.0,-999.0,-999.0,
1925,110.814,51.679,108.665,50.234,37.708,5.0,-999.0,98.25,117.497,32.903,52.464,49.969,32.604,73.604,66.186,115.632,3.281,6.0,8.375,11.679,17.134,114.545,67.064,19.332,50.803,43.687,6.687,18.735,63.846,7.717,76.959,19.181,28.663,101.352,25.795,16.168,6.0,94.339,37.953,95.156,128.793,45.231,3.971,37.782,25.08,28.445,13.063,15.47,0.0,-999.0,-999.0,
1926,81.596,74.343,86.842,62.154,37.675,5.0,-999.0,89.792,83.758,34.481,32.421,29.604,22.421,69.46,46.341,114.729,2.272,5.0,6.913,5.28,11.125,99.755,48.938,20.613,47.022,62.921,3.036,12.353,67.068,5.0,64.094,18.133,13.532,88.236,27.684,8.493,4.0,69.389,35.121,63.544,105.125,55.599,1.49,24.538,24.521,19.601,6.473,10.344,0.0,-999.0,-999.0,
1927,73.141,52.411,73.328,52.113,30.593,1.0,-999.0,115.108,87.095,27.748,25.545,20.511,24.833,47.788,40.147,104.101,2.634,0.0,3.582,6.861,7.052,88.107,29.619,8.629,37.548,55.498,3.002,9.945,70.85,3.523,38.485,4.602,15.487,92.296,20.961,10.365,1.0,55.044,19.442,43.11,126.312,47.778,0.996,18.078,22.194,14.318,9.56,6.513,0.0,-999.0,-999.0,
1928,69.008,70.936,71.968,59.53,29.853,2.0,-999.0,81.084,62.848,29.862,26.669,23.135,15.649,45.574,35.476,95.39,6.576,0.0,12.042,4.218,6.435,82.984,33.025,14.971,36.508,54.537,8.215,13.888,75.485,6.431,40.925,8.626,16.716,97.514,21.059,8.037,9.0,47.941,23.913,42.888,115.177,62.852,4.997,15.168,23.197,13.555,6.439,8.109,0.0,-999.0,-999.0,
1929,76.417,60.0,80.25,59.272,37.873,2.0,-999.0,89.698,76.816,31.914,25.193,20.251,18.567,55.767,47.285,94.914,11.713,2.0,15.345,8.208,16.446,82.525,41.609,27.838,43.382,69.514,10.252,23.943,66.664,7.716,35.868,25.68,14.187,80.498,23.753,11.634,6.0,45.353,36.715,45.503,114.108,50.171,6.504,23.798,20.37,15.857,11.2,11.302,0.0,-999.0,-999.0,
1930,78.231,56.509,87.028,52.938,37.462,3.0,-999.0,85.418,81.586,30.268,47.061,43.155,39.449,64.637,62.572,86.109,7.675,14.0,12.889,13.181,24.021,82.197,60.028,26.016,42.332,46.718,7.56,25.021,76.52,9.452,63.38,24.038,36.384,90.505,18.984,23.967,4.0,66.285,38.406,62.858,111.709,49.194,2.022,65.643,21.879,44.762,23.233,11.816,0.0,-999.0,-999.0,
1931,86.461,60.915,80.612,70.94,59.896,7.0,-999.0,94.833,101.773,39.658,54.94,49.453,51.754,79.677,72.922,99.698,10.062,12.0,13.722,23.792,30.296,90.42,65.372,30.673,70.242,62.714,10.959,25.75,78.82,11.732,67.412,30.86,38.295,108.465,26.998,25.859,14.0,81.887,61.022,78.317,121.11,68.264,9.01,34.56,27.882,37.369,34.301,22.883,0.0,-999.0,-999.0,
1932,70.92,67.148,83.838,57.925,47.054,0.0,-999.0,93.963,74.718,24.921,36.357,30.113,25.676,62.761,49.959,94.881,3.92,2.0,3.881,8.174,16.65,75.321,53.837,19.152,47.235,59.635,4.936,21.853,71.753,4.061,57.11,18.124,24.095,70.951,17.323,14.549,0.0,60.082,37.073,63.313,91.133,54.048,1.503,30.074,21.25,22.777,15.421,15.771,0.0,-999.0,-999.0,
1933,90.653,77.735,85.704,58.609,49.86,10.0,-999.0,101.493,91.741,35.885,60.358,54.494,45.283,83.561,55.224,100.477,4.104,5.0,15.437,19.344,27.184,89.326,66.154,29.739,66.279,63.107,12.382,26.281,76.846,15.343,68.235,31.79,38.377,109.791,20.001,25.123,5.0,87.289,56.737,67.285,125.166,67.793,11.947,25.995,23.569,21.474,25.144,19.105,0.0,-999.0,-999.0,
1934,74.888,65.218,98.692,61.465,64.135,3.0,-999.0,89.869,76.742,36.541,65.405,56.268,58.728,92.78,51.88,101.874,2.818,8.0,7.326,17.996,26.52,85.06,78.255,26.341,81.043,69.43,8.233,23.398,106.352,13.077,54.717,37.833,45.544,102.894,18.773,28.224,1.0,68.531,60.222,62.82,132.655,72.98,7.946,38.61,25.988,38.985,27.559,19.353,2.0,-999.0,-999.0,
1935,77.09,61.541,74.421,54.563,50.657,0.0,-999.0,98.126,68.538,27.951,38.061,34.135,34.221,66.083,45.896,86.561,9.881,2.0,8.869,7.045,15.827,74.839,50.791,21.668,55.112,61.831,9.604,19.699,70.88,6.527,43.03,19.549,19.487,75.495,23.566,11.313,2.0,54.864,48.845,55.97,92.418,63.586,7.491,19.031,24.206,17.333,12.294,12.135,0.0,-999.0,-999.0,
1936,93.418,76.254,103.242,66.059,65.808,4.0,-999.0,85.906,87.426,40.55,69.866,70.158,61.935,91.799,88.792,97.59,1.906,13.0,9.152,18.156,31.573,96.164,89.608,40.089,79.751,62.059,8.914,26.68,87.229,12.508,63.907,50.891,45.148,112.682,16.173,24.285,1.0,82.542,69.281,86.137,111.652,65.039,5.452,41.039,21.59,49.07,31.366,21.198,0.0,-999.0,-999.0,
1937,82.56,69.276,91.243,59.614,52.953,9.0,-999.0,84.727,77.241,32.903,44.159,38.882,44.792,80.69,61.993,103.563,20.707,6.0,15.502,13.184,20.571,83.443,67.022,25.729,66.986,66.502,18.511,25.018,83.891,10.684,47.464,28.048,19.778,102.108,17.473,12.311,4.0,64.433,52.512,57.799,129.528,58.462,15.467,21.365,20.642,14.052,27.88,17.243,3.0,-999.0,-999.0,
1938,77.276,62.875,99.629,55.209,41.557,2.0,-999.0,95.872,71.884,34.527,34.701,34.299,34.631,81.959,45.062,96.184,10.619,0.0,7.34,6.864,10.519,88.66,69.332,17.293,59.958,48.673,10.656,15.511,75.429,8.994,45.745,25.63,17.626,107.951,24.068,11.877,3.0,66.218,44.517,53.065,123.292,53.12,12.466,20.645,30.371,13.848,7.302,10.982,0.0,-999.0,-999.0,
1939,57.92,67.66,102.87,67.344,53.242,0.0,-999.0,96.247,73.099,36.515,42.59,36.372,37.16,89.454,60.203,111.652,7.861,0.0,7.708,10.428,18.503,87.183,65.627,27.595,70.376,61.499,11.001,21.356,90.484,11.428,54.536,33.331,27.755,118.039,27.056,19.958,1.0,75.794,53.757,67.322,136.551,59.819,9.947,19.766,29.268,18.611,18.904,18.076,0.0,-999.0,-999.0,
1940,56.318,63.753,59.426,55.969,49.865,3.0,-999.0,81.492,70.699,40.59,40.653,39.128,28.593,63.992,45.115,69.759,5.657,2.0,4.41,10.172,12.093,57.335,44.808,28.676,58.08,69.564,4.271,15.343,77.248,5.305,41.866,27.777,26.966,78.984,22.04,14.397,2.0,59.204,41.695,49.114,96.732,72.737,2.49,16.272,25.455,18.72,11.257,25.242,1.0,-999.0,-999.0,
1941,92.338,53.83,91.144,42.894,34.089,5.0,-999.0,105.821,93.356,26.32,51.112,48.892,36.063,61.176,60.792,105.735,13.825,3.0,14.874,17.32,14.24,95.79,63.035,17.405,51.986,43.602,17.778,25.602,49.047,11.755,66.892,23.357,32.463,68.624,18.154,22.806,8.0,76.127,42.645,84.802,89.146,37.723,10.998,33.099,23.88,27.932,20.646,8.109,0.0,-999.0,-999.0,
1942,70.061,73.727,73.316,55.355,40.551,2.0,-999.0,108.397,66.503,30.574,33.508,27.95,19.031,57.436,46.1,83.925,8.232,2.0,6.384,5.513,5.15,74.453,46.948,14.495,38.823,55.991,6.273,15.176,66.38,4.164,53.37,7.165,18.751,78.47,25.683,8.08,1.0,68.582,17.426,58.229,90.941,61.775,7.491,21.156,27.514,14.123,7.965,7.471,0.0,-999.0,-999.0,
1943,92.047,76.679,93.552,55.703,47.926,5.0,-999.0,101.627,82.325,23.56,43.362,39.454,24.374,73.345,55.7,103.638,5.85,3.0,13.038,5.942,10.385,100.294,55.965,15.367,56.289,53.085,9.234,26.138,92.153,10.211,63.935,10.887,23.556,93.508,15.963,15.989,5.0,69.521,37.224,72.409,109.339,58.749,3.516,28.055,18.798,24.224,15.44,14.494,0.0,-999.0,-999.0,
1944,93.578,73.956,94.215,48.559,41.177,14.0,-999.0,123.531,77.602,24.394,51.313,54.603,19.217,57.093,71.74,100.667,20.323,7.0,23.228,17.436,6.856,92.388,58.764,8.525,38.585,49.711,21.677,34.544,66.913,18.338,57.739,8.113,39.179,84.068,20.538,21.664,9.0,69.889,19.777,70.131,97.69,53.748,21.025,28.38,24.508,28.707,14.915,14.175,0.0,-999.0,-999.0,
1945,83.327,73.151,64.371,62.361,36.537,4.0,-999.0,120.016,68.956,31.943,24.892,20.313,16.914,54.937,37.137,87.953,6.487,2.0,8.95,4.331,8.422,79.146,37.82,17.307,35.201,60.278,8.68,17.849,84.74,6.402,46.804,14.465,23.078,76.848,23.773,16.04,2.0,60.44,25.366,46.278,110.297,48.302,8.517,18.245,23.662,18.473,7.719,8.429,0.0,-999.0,-999.0,
1946,46.482,63.048,70.642,55.278,46.576,1.0,-999.0,89.127,51.35,26.902,30.058,22.035,16.659,69.479,24.035,68.11,6.757,0.0,6.65,6.401,6.27,51.191,46.676,17.64,47.615,53.621,8.654,8.794,83.232,5.159,32.079,12.549,15.814,88.504,18.089,10.219,0.0,39.286,27.375,32.206,95.34,62.914,8.529,12.3,18.909,12.821,9.11,12.454,0.0,-999.0,-999.0,
1947,64.924,67.292,81.044,60.171,45.258,3.0,-999.0,84.388,65.741,25.433,44.164,31.597,42.266,71.378,37.818,110.659,12.808,1.0,11.555,17.401,20.272,79.072,58.436,18.672,52.995,56.189,11.683,13.995,78.298,8.574,43.684,16.987,19.586,-999.0,10.303,14.729,1.0,56.073,42.155,57.845,121.517,56.492,11.53,13.195,16.969,10.43,22.169,13.217,0.0,-999.0,-999.0,
1948,71.558,73.699,80.031,47.15,48.007,5.0,-999.0,104.206,65.813,20.555,32.73,29.838,27.808,62.258,36.907,108.316,8.961,4.0,10.504,11.884,16.103,87.724,44.236,14.117,49.922,53.317,10.558,13.24,77.154,7.829,44.155,20.522,19.442,99.244,10.906,13.509,4.0,59.565,36.677,52.684,122.672,57.198,9.01,13.216,14.076,11.885,20.887,12.898,2.0,-999.0,-999.0,
1949,59.722,60.821,64.909,54.975,35.77,10.0,-999.0,101.705,55.618,27.387,34.54,34.422,25.467,47.258,34.042,91.06,18.125,1.0,26.61,16.188,16.455,75.902,34.243,20.072,41.076,51.352,23.619,27.945,56.446,16.483,39.068,23.181,29.518,75.901,14.687,25.164,14.0,51.38,41.945,36.238,100.952,50.154,25.468,18.11,19.485,13.311,17.221,13.288,0.0,-999.0,-999.0,
1950,50.453,63.659,39.134,57.057,29.563,0.0,-999.0,105.273,54.182,23.108,9.886,7.505,5.75,28.929,6.256,80.121,1.538,0.0,6.695,1.698,5.34,58.764,12.488,9.286,21.592,57.366,6.231,6.81,63.138,2.207,33.554,8.595,5.301,52.344,21.215,3.094,0.0,50.74,18.782,19.518,100.921,51.046,4.76,9.097,20.835,1.914,3.415,6.513,0.0,-999.0,-999.0,
1951,95.79,65.084,77.885,57.843,39.03,0.0,-999.0,113.783,85.42,23.345,15.745,20.735,6.877,39.61,40.325,107.77,0.894,0.0,3.587,1.579,2.806,101.317,28.079,14.738,20.677,49.94,4.565,9.151,83.624,2.81,52.51,9.497,13.86,84.961,20.394,9.095,0.0,68.531,14.637,63.169,120.52,52.672,3.035,19.304,23.981,10.365,1.921,11.178,0.0,-999.0,-999.0,
1952,86.89,59.994,102.004,58.914,56.547,2.0,-999.0,104.897,81.766,25.881,46.99,50.432,23.884,88.967,69.81,102.723,17.942,7.0,14.862,12.844,9.085,101.793,71.074,14.623,57.109,50.851,17.941,20.777,80.163,11.065,60.155,24.512,38.258,113.522,25.367,26.177,11.0,74.792,40.415,74.548,117.689,51.403,12.517,27.101,27.771,24.715,13.312,17.367,0.0,-999.0,-999.0,
1953,92.513,65.371,107.777,52.032,49.804,11.0,-999.0,89.262,75.503,25.566,54.976,56.52,32.484,88.29,69.658,110.305,9.051,14.0,17.946,14.952,9.365,105.103,85.186,18.806,56.15,63.512,21.366,23.996,82.573,16.27,60.718,11.368,34.83,114.063,14.933,25.858,7.0,71.431,31.435,79.945,122.604,59.018,17.48,32.421,18.45,33.099,16.379,14.884,0.0,-999.0,-999.0,
1954,114.628,60.416,111.129,49.441,62.985,0.0,-999.0,98.784,109.329,18.975,52.771,54.056,28.936,95.138,70.369,118.701,1.995,3.0,3.303,6.642,6.683,114.924,84.271,19.068,56.147,49.488,3.692,13.683,84.99,5.084,69.095,10.1,26.367,117.632,6.139,12.163,1.0,94.174,30.232,92.721,129.42,57.805,2.503,29.134,10.979,14.228,8.116,25.118,0.0,-999.0,-999.0,
1955,77.146,52.174,81.206,56.571,50.927,6.0,-999.0,106.179,75.885,31.544,48.774,47.573,45.71,79.424,56.629,95.253,13.09,3.0,23.884,26.916,18.158,81.166,60.821,20.965,65.61,59.793,25.881,24.753,67.566,21.249,40.238,22.606,33.015,98.565,17.227,23.998,11.0,59.015,49.139,61.566,125.843,57.661,21.506,22.889,21.34,17.936,26.063,21.606,2.0,-999.0,-999.0,
1956,83.493,74.599,93.538,55.283,53.599,2.0,-999.0,93.023,81.626,23.969,28.408,23.455,32.099,100.522,42.005,99.356,2.54,0.0,8.376,5.472,7.493,86.114,64.595,16.265,63.623,46.643,6.998,10.649,90.846,3.948,47.479,8.358,9.757,127.747,20.283,5.206,3.0,74.164,34.412,57.481,141.695,61.236,2.503,21.112,22.812,3.769,8.444,12.898,0.0,-999.0,-999.0,
1957,73.093,54.794,61.174,54.776,35.283,5.0,-999.0,82.174,69.928,20.013,26.242,22.516,22.304,56.529,38.985,83.84,4.286,5.0,13.249,6.574,8.213,66.994,42.152,16.862,38.835,59.998,11.96,20.493,70.839,6.491,47.698,16.488,17.614,77.09,11.216,10.838,5.0,57.378,27.031,47.741,93.423,46.019,7.504,25.156,12.496,16.468,7.59,10.663,0.0,-999.0,-999.0,
1958,66.903,69.168,68.528,62.674,48.228,0.0,-999.0,105.012,76.523,39.313,13.375,10.887,14.294,53.483,24.89,88.14,0.532,0.0,2.499,1.506,8.965,67.459,33.396,17.364,34.072,58.326,3.356,7.718,72.893,1.645,37.325,16.05,3.08,92.154,32.722,1.726,0.0,59.391,33.668,42.846,103.61,64.403,1.49,13.575,40.738,2.849,5.992,15.718,3.0,-999.0,-999.0,
1959,68.82,58.556,66.977,62.906,51.613,3.0,-999.0,97.3,76.43,28.11,38.605,35.307,23.301,65.175,41.311,94.94,6.033,5.0,13.071,11.232,17.578,71.705,46.175,19.4,51.833,69.383,14.644,20.863,70.944,10.281,35.863,26.116,23.837,93.235,20.324,20.426,3.0,53.701,52.43,44.127,105.158,61.826,19.467,24.059,18.628,20.763,9.161,18.715,0.0,-999.0,-999.0,
1960,76.391,75.5,75.228,66.157,56.745,0.0,-999.0,91.872,83.257,34.355,25.099,22.093,17.263,59.807,35.866,98.122,1.445,0.0,2.66,4.514,11.113,82.924,44.398,26.723,41.345,72.404,4.012,8.277,73.032,2.408,36.549,21.083,7.524,77.604,23.407,1.734,0.0,62.885,35.474,48.423,113.633,68.46,3.503,15.719,24.282,4.475,7.199,37.409,0.0,-999.0,-999.0,
1961,42.815,66.499,53.353,66.072,36.88,0.0,-999.0,106.008,55.305,39.885,24.113,20.822,13.741,49.942,24.265,61.071,2.733,0.0,9.185,3.865,15.336,51.546,28.704,33.457,41.558,63.249,7.403,14.222,69.327,3.971,34.327,34.408,8.825,66.055,28.511,6.045,1.0,50.226,39.479,33.052,94.462,61.765,4.529,17.088,31.322,4.757,7.659,13.288,0.0,-999.0,-999.0,
1962,87.34,63.901,75.067,55.366,40.617,1.0,-999.0,119.893,87.231,22.055,25.556,23.221,10.389,59.252,36.821,106.723,2.176,0.0,4.179,5.045,2.865,91.143,43.868,10.021,28.683,55.722,2.708,8.119,79.738,4.063,33.533,7.259,16.279,80.713,16.897,12.397,0.0,67.38,14.128,58.864,117.284,54.208,4.465,13.122,16.511,6.448,3.897,8.624,0.0,-999.0,-999.0,
1963,57.585,56.828,82.695,45.181,50.063,8.0,-999.0,114.445,59.347,27.791,30.846,22.566,22.308,85.087,22.818,105.591,11.256,0.0,13.759,6.777,9.052,81.966,55.477,22.191,51.517,54.087,15.402,17.056,78.504,8.266,32.627,17.533,11.35,108.005,14.375,10.798,9.0,60.478,30.023,34.241,133.186,56.593,13.543,20.98,17.968,5.346,10.29,12.898,0.0,-999.0,-999.0,
1964,57.815,57.101,76.871,56.535,48.786,4.0,-999.0,97.924,43.87,18.396,42.787,42.148,27.922,72.354,55.528,88.876,2.911,2.0,10.632,14.758,19.437,77.549,48.398,19.882,50.299,52.22,12.382,18.903,81.978,9.65,25.68,15.407,25.108,86.963,13.127,15.158,5.0,42.587,40.353,50.267,107.361,55.675,8.01,24.681,12.921,13.773,20.983,16.604,0.0,-999.0,-999.0,
1965,44.013,53.729,67.255,48.644,28.512,0.0,-999.0,95.448,45.309,19.076,18.408,17.002,13.172,53.277,28.651,77.578,4.38,3.0,10.154,5.254,5.329,67.885,29.154,11.549,25.053,31.089,10.674,15.446,71.737,5.394,25.959,5.614,11.0,81.66,19.399,8.079,1.0,47.227,19.403,32.762,107.034,30.691,8.453,22.376,20.647,10.82,7.325,7.347,0.0,-999.0,-999.0,
1966,43.776,56.512,52.544,58.376,40.34,2.0,-999.0,76.152,44.724,29.543,34.16,30.713,21.17,57.273,34.768,65.992,1.995,2.0,11.461,13.066,13.152,59.08,34.355,25.006,41.475,69.473,11.071,24.848,68.497,10.291,33.841,16.479,18.282,72.926,17.998,17.29,2.0,40.543,34.435,35.579,92.163,60.065,3.49,28.248,16.837,17.607,14.093,22.44,0.0,-999.0,-999.0,
1967,24.814,45.367,42.754,66.496,31.025,1.0,-999.0,88.416,31.645,41.558,12.923,12.24,10.504,44.355,13.219,53.023,1.629,0.0,5.503,1.702,5.475,38.366,20.71,25.453,30.563,68.554,3.045,4.758,59.245,2.802,17.683,18.837,7.652,66.408,39.685,5.357,2.0,34.678,24.577,15.095,95.594,51.061,0.0,10.277,34.158,4.444,2.921,9.581,2.0,-999.0,-999.0,
1968,57.573,51.094,58.575,53.72,36.424,3.0,-999.0,95.95,62.538,24.165,30.484,27.091,22.686,59.481,41.689,62.304,2.453,0.0,11.943,9.565,8.566,63.471,34.745,13.396,42.62,57.024,8.016,16.391,66.958,5.348,40.175,8.687,13.767,60.239,22.078,12.464,3.0,61.313,26.635,46.611,81.993,45.712,6.01,22.069,20.068,10.713,9.754,12.579,0.0,-999.0,-999.0,
1969,55.296,65.537,73.276,56.311,40.349,2.0,-999.0,82.721,55.109,27.464,20.137,20.328,11.684,54.968,44.187,92.989,4.47,1.0,11.489,6.46,10.236,76.945,41.321,22.107,35.972,63.852,9.285,10.698,76.281,4.125,31.608,20.105,7.728,79.739,18.726,6.938,3.0,50.396,26.987,48.905,103.566,60.539,5.023,16.997,18.465,11.855,6.311,24.603,4.0,-999.0,-999.0,
1970,64.054,60.956,72.063,66.977,45.732,2.0,-999.0,102.309,70.361,39.36,25.035,23.185,25.811,76.534,40.974,76.052,8.781,0.0,12.667,6.511,18.331,76.231,45.068,29.183,57.808,58.352,13.081,12.198,75.954,2.922,43.223,25.816,10.405,88.638,29.791,4.242,0.0,68.084,46.699,47.771,96.839,58.892,11.011,21.856,26.565,7.016,12.83,15.203,0.0,-999.0,-999.0,
1971,41.438,61.484,67.168,59.943,42.002,0.0,-999.0,97.83,44.992,35.39,30.842,18.759,23.27,62.199,28.366,67.031,0.987,0.0,8.839,6.733,8.975,61.315,44.467,29.91,41.612,57.475,8.327,8.663,71.151,3.81,22.368,13.541,8.456,81.794,24.028,6.446,0.0,41.092,32.586,31.646,96.373,58.489,4.01,10.297,26.005,5.366,8.124,12.65,0.0,-999.0,-999.0,
1972,64.173,54.344,80.897,54.851,37.834,-999.0,-999.0,89.656,61.09,25.913,23.625,19.18,20.304,61.093,32.803,90.064,2.318,0.0,4.514,2.834,7.768,77.242,47.719,11.948,37.1,49.588,3.692,8.973,57.45,2.492,23.044,15.579,7.054,91.127,26.394,6.249,0.0,46.617,23.0,31.654,109.492,49.263,3.009,12.202,23.315,6.512,7.32,13.164,2.0,-999.0,-999.0,
1973,56.734,63.418,61.769,55.786,37.17,4.0,-999.0,101.674,53.172,32.544,22.538,22.336,18.614,60.061,37.499,69.459,4.239,3.0,16.211,8.407,9.943,67.191,41.232,22.029,43.326,59.545,11.692,18.164,65.433,6.78,28.271,19.264,12.891,71.787,25.846,13.167,10.0,44.348,35.92,35.856,87.738,52.369,7.465,19.177,23.479,10.522,9.697,11.302,0.0,-999.0,-999.0,
1974,48.034,65.475,50.697,58.623,44.628,2.0,-999.0,96.473,38.591,26.237,20.606,14.918,22.562,55.945,17.669,63.017,0.216,0.0,9.043,6.07,14.172,51.835,36.605,21.109,45.886,68.789,5.66,9.297,71.883,3.565,19.672,17.362,8.585,72.627,27.61,4.687,4.0,34.484,39.388,23.005,91.416,65.43,4.022,11.413,22.729,2.839,7.743,12.579,0.0,-999.0,-999.0,
1975,52.858,54.389,58.216,51.031,40.796,3.0,-999.0,110.563,40.449,19.909,27.211,25.82,29.199,67.273,44.825,67.44,5.759,0.0,13.108,5.455,14.482,55.732,50.846,11.428,46.013,43.03,10.751,9.762,63.894,7.04,37.3,11.814,9.119,66.945,15.834,8.098,4.0,53.68,37.81,41.034,88.871,46.462,16.095,14.1,16.222,5.753,12.728,13.217,1.0,-999.0,-999.0,
1976,41.956,49.916,47.163,51.826,43.309,2.0,-999.0,68.561,42.593,16.537,21.712,14.592,24.798,66.529,18.082,60.27,3.1,0.0,13.941,5.15,23.33,57.59,38.576,14.986,49.471,40.134,8.561,8.651,62.742,2.339,26.086,24.009,6.662,72.328,12.096,3.219,1.0,40.063,51.286,26.909,73.619,51.149,5.516,14.328,12.916,3.621,16.081,18.467,0.0,-999.0,-999.0,
1977,81.834,59.356,81.573,51.835,46.055,2.0,-999.0,104.923,80.43,28.774,28.587,28.561,25.054,60.372,42.749,99.609,7.928,0.0,12.809,8.421,9.07,84.647,45.592,14.401,35.076,65.269,9.604,14.815,84.713,5.931,51.91,11.594,15.666,93.588,24.086,10.775,7.0,77.227,27.178,55.183,113.58,54.767,9.023,24.884,26.397,12.507,9.846,15.132,1.0,-999.0,-999.0,
1978,83.074,67.238,80.948,57.75,46.227,1.0,-999.0,94.721,75.222,19.029,28.132,24.143,24.124,80.857,40.66,97.832,6.218,0.0,10.941,4.842,13.288,81.522,54.111,14.616,51.497,44.609,9.949,5.769,74.856,4.452,39.773,17.617,9.988,95.183,19.099,4.806,2.0,58.695,33.796,54.544,109.808,60.246,7.036,18.003,21.086,7.293,6.515,19.034,0.0,-999.0,-999.0,
1979,42.465,64.578,48.396,59.898,46.742,1.0,-999.0,91.079,48.419,28.927,16.272,10.168,12.99,62.505,17.985,69.422,2.642,0.0,10.926,1.653,4.287,49.319,30.44,18.829,36.158,60.525,10.093,6.709,71.265,4.41,24.052,12.178,2.057,85.149,18.092,4.171,3.0,44.642,23.257,21.386,96.17,61.229,8.529,12.295,21.765,5.535,1.469,18.91,0.0,-999.0,-999.0,
1980,86.811,63.098,99.564,48.28,55.219,4.0,-999.0,105.168,90.394,13.226,39.975,38.521,32.954,91.053,58.447,110.038,3.647,2.0,9.36,3.381,17.731,96.636,73.974,13.422,61.059,49.812,13.703,18.902,84.306,5.206,59.152,25.269,13.474,106.057,12.677,10.43,8.0,82.444,43.99,73.608,116.372,57.183,3.478,30.395,13.375,20.529,8.837,19.353,0.0,-999.0,-999.0,
1981,71.336,58.053,59.407,63.824,41.95,2.0,-999.0,116.707,73.512,27.574,10.811,13.864,12.647,54.455,22.307,93.555,1.538,0.0,5.966,2.917,5.669,74.708,28.934,20.687,32.761,75.232,4.676,12.151,61.161,3.088,40.832,16.076,6.419,83.581,23.335,7.371,5.0,66.595,27.123,35.734,99.529,62.908,3.997,16.609,27.365,6.115,3.344,16.232,0.0,-999.0,-999.0,
1982,57.797,50.064,60.147,41.755,36.878,3.0,-999.0,94.574,53.29,19.25,10.268,11.102,11.744,49.562,18.939,93.228,4.102,0.0,7.021,1.413,6.868,68.592,27.808,13.194,29.084,40.229,7.083,7.494,69.466,3.68,25.965,12.741,5.577,86.096,17.064,4.878,3.0,47.786,23.147,32.978,106.095,45.975,4.01,11.293,21.439,6.177,4.046,13.164,0.0,-999.0,-999.0,
1983,61.39,62.274,74.675,48.365,46.102,12.0,-999.0,87.905,63.853,18.628,53.361,52.831,46.78,75.558,63.815,70.743,3.837,-999.0,14.735,13.606,23.508,64.92,61.646,23.668,59.114,41.07,24.914,29.587,75.339,8.962,55.187,33.98,29.597,85.448,11.766,20.732,14.0,62.711,46.003,58.547,96.364,47.895,10.023,36.068,15.933,20.964,17.55,15.333,1.0,-999.0,-999.0,
1984,57.046,47.996,64.277,63.922,41.943,4.0,-999.0,84.907,56.934,24.068,25.668,22.375,21.35,73.146,33.905,62.972,5.488,0.0,8.371,3.163,10.673,60.75,45.041,24.292,43.146,52.516,9.37,12.616,61.14,2.498,28.711,21.5,9.757,86.56,17.551,6.688,4.0,48.272,24.042,39.048,113.013,52.437,3.997,14.192,18.283,13.975,6.945,8.949,0.0,-999.0,-999.0,
1985,52.501,61.211,68.452,52.271,45.845,0.0,-999.0,100.59,52.136,30.685,15.653,14.127,17.675,58.453,27.187,80.129,0.255,0.0,2.74,1.788,6.148,63.324,32.773,24.026,35.513,56.716,7.193,11.484,69.018,1.931,38.729,10.539,5.206,88.37,24.538,3.343,2.0,64.87,25.959,40.421,103.39,61.204,0.0,13.959,26.427,7.397,7.3,36.913,0.0,-999.0,-999.0,
1986,78.341,48.526,72.184,48.341,32.869,1.0,-999.0,116.16,75.974,28.926,22.113,22.854,15.937,57.417,40.962,97.143,0.436,0.0,2.361,4.617,6.821,82.571,38.495,15.659,33.905,64.445,6.832,13.74,55.883,2.554,54.373,10.509,9.586,77.55,28.067,5.618,2.0,78.935,18.299,51.886,96.391,57.428,0.0,27.964,25.002,19.224,6.733,12.65,2.0,-999.0,-999.0,
1987,74.79,47.414,75.851,51.03,38.016,2.0,-999.0,98.136,65.236,27.986,39.769,29.02,29.526,58.641,42.361,81.553,4.843,1.0,15.495,15.133,19.477,74.261,51.199,14.088,42.684,51.222,17.298,20.523,54.589,6.095,47.59,18.728,18.505,78.01,27.772,16.385,7.0,62.793,36.683,50.535,86.638,53.44,8.061,28.947,24.239,20.72,14.085,11.621,1.0,-999.0,-999.0,
1988,69.252,54.655,75.592,58.494,50.758,5.0,-999.0,89.535,53.403,34.694,56.451,51.552,46.492,72.192,50.085,76.778,10.255,20.0,27.821,26.929,34.406,69.898,55.459,37.691,54.661,73.331,28.982,33.172,56.671,16.076,46.973,43.054,39.76,82.419,25.846,35.754,10.0,58.466,49.083,56.069,103.626,70.752,14.011,37.255,26.736,34.983,33.638,30.315,0.0,-999.0,-999.0,
1989,44.018,72.877,42.276,50.169,38.848,0.0,-999.0,123.714,40.745,18.555,21.414,16.386,17.221,47.394,23.342,66.425,3.278,0.0,12.231,5.339,13.288,41.523,31.211,17.69,34.835,47.608,13.285,10.528,77.952,3.772,30.19,25.192,6.669,64.353,13.208,4.06,1.0,50.061,33.846,27.11,102.97,60.467,5.555,13.865,13.93,5.401,7.609,15.665,0.0,-999.0,-999.0,
1990,78.945,53.099,68.316,53.234,47.542,1.0,-999.0,120.1,81.353,35.128,20.496,17.661,16.56,68.083,32.752,97.813,0.713,0.0,9.961,2.424,5.734,79.754,39.586,22.523,46.232,62.481,5.694,10.24,67.365,3.084,40.227,16.077,4.733,88.558,29.559,3.024,2.0,72.75,34.119,46.414,101.576,64.164,4.035,15.506,25.364,5.212,4.95,11.887,1.0,-999.0,-999.0,
1991,52.482,50.192,63.034,56.088,33.474,5.0,-999.0,100.818,49.245,24.565,40.252,39.217,22.08,68.875,36.415,76.811,4.936,2.0,16.626,9.528,9.735,57.285,48.114,24.022,44.33,58.382,10.942,25.171,58.081,9.006,38.923,17.066,21.194,79.551,26.029,19.266,10.0,57.078,31.013,39.545,93.503,55.654,9.036,21.746,18.988,18.067,9.177,11.763,1.0,-999.0,-999.0,
1992,28.922,46.839,31.408,57.906,24.123,1.0,-999.0,85.124,35.514,28.708,7.953,6.122,3.106,31.931,14.202,60.983,3.004,-999.0,3.397,1.511,1.937,36.255,13.086,13.399,11.52,54.716,2.035,8.182,69.441,1.676,24.588,8.432,1.172,43.257,29.885,0.371,2.0,38.874,7.782,14.618,82.089,57.592,1.009,9.486,25.41,3.416,2.058,4.598,1.0,-999.0,-999.0,
1993,73.585,58.135,65.966,45.451,29.639,5.0,-999.0,102.464,78.405,9.216,16.793,21.039,3.977,45.79,41.213,89.616,6.577,2.0,15.089,3.481,1.78,73.234,28.326,3.951,16.269,33.009,12.168,24.843,75.463,8.336,51.345,2.576,15.167,73.574,14.644,17.124,8.0,68.188,5.959,52.076,99.748,46.852,6.516,26.395,13.36,27.193,1.186,5.236,1.0,-999.0,-999.0,
1994,29.747,70.747,44.537,53.795,47.105,1.0,-999.0,88.705,17.413,32.568,21.114,18.529,10.535,61.893,27.036,61.196,3.188,0.0,11.219,3.883,2.376,34.676,26.419,24.358,32.844,71.865,8.258,13.207,82.091,6.047,23.534,7.085,11.253,86.909,26.371,8.637,3.0,35.298,15.134,17.968,95.708,79.42,6.035,11.605,24.216,8.592,3.728,7.471,0.0,-999.0,-999.0,
1995,75.23,64.995,65.723,51.783,42.121,-999.0,-999.0,102.682,57.305,16.394,33.711,30.953,24.522,58.179,44.668,93.308,6.676,1.0,14.962,10.139,10.924,73.271,37.834,15.317,41.776,49.451,12.219,20.704,72.596,10.657,34.342,13.753,17.003,75.088,20.512,17.237,10.0,47.811,25.34,44.716,94.037,56.63,16.915,20.642,17.606,12.156,13.001,10.982,0.0,-999.0,-999.0,
1996,51.112,76.343,49.7,62.367,40.806,-999.0,-999.0,80.105,49.536,25.321,19.578,17.019,8.682,42.586,24.335,72.171,1.077,0.0,2.64,3.719,4.888,52.596,24.556,23.33,19.892,62.521,2.044,6.453,78.161,1.746,26.481,11.135,5.72,73.654,29.221,3.157,2.0,46.204,14.95,28.435,103.121,73.448,0.0,9.679,23.588,4.82,3.258,8.109,0.0,-999.0,-999.0,
1997,52.312,68.219,56.817,51.957,37.114,1.0,-999.0,89.275,46.027,16.683,20.706,16.138,15.662,51.426,24.63,84.171,1.354,0.0,13.664,3.775,4.347,53.691,30.925,10.455,36.095,43.424,9.562,17.919,76.592,3.838,32.337,9.466,6.813,77.604,17.277,7.117,7.0,44.986,17.418,31.99,97.356,49.22,0.0,18.354,16.975,4.689,2.874,7.79,0.0,-999.0,-999.0,
1998,91.326,63.834,90.612,44.892,44.244,-999.0,-999.0,109.338,71.883,35.425,22.512,19.597,15.053,72.027,42.854,108.289,2.182,1.0,6.219,7.906,6.381,95.276,41.463,27.405,42.11,52.118,4.987,15.044,90.742,1.977,50.157,11.337,10.315,113.008,29.879,6.681,3.0,84.802,21.601,52.517,128.304,52.599,0.708,19.555,28.993,6.704,3.893,14.122,0.0,-999.0,-999.0,
1999,59.118,45.621,69.945,47.519,35.388,-999.0,-999.0,85.826,62.241,20.949,31.141,34.13,18.188,52.773,56.372,85.307,5.583,2.0,22.466,8.881,9.541,71.287,41.511,17.957,33.211,52.341,20.028,32.846,70.638,9.449,41.757,7.289,23.236,78.443,21.526,20.278,16.0,58.738,21.684,56.446,108.129,52.234,9.825,23.229,19.193,22.985,9.269,7.79,1.0,-999.0,-999.0,
2000,73.321,80.759,71.282,53.952,56.996,-999.0,-999.0,89.881,66.211,26.501,11.882,9.441,14.208,78.629,27.223,95.061,0.0,0.0,3.794,0.925,5.57,80.18,41.686,28.134,53.508,63.534,1.985,9.52,97.439,1.869,30.943,8.015,1.6,99.052,18.816,2.267,2.0,56.773,29.558,44.176,116.672,73.945,0.0,9.741,17.602,2.849,1.713,14.689,0.0,-999.0,-999.0,
2001,35.936,70.841,59.483,59.54,52.208,-999.0,-999.0,85.825,34.605,27.674,26.805,21.082,19.324,66.294,25.409,63.398,6.496,0.0,17.143,10.706,14.889,44.201,34.928,27.078,45.216,77.415,16.666,16.077,83.5,9.472,21.732,14.604,11.903,85.176,20.819,11.251,8.0,55.458,33.643,25.123,92.15,70.256,12.517,11.006,21.841,5.491,11.602,18.591,0.0,-999.0,-999.0,
2002,66.938,78.42,63.319,56.842,56.363,-999.0,-999.0,87.432,69.841,23.581,38.903,39.215,26.735,73.415,52.381,79.508,11.991,0.0,29.675,12.546,11.538,61.12,43.522,19.458,57.927,69.078,27.648,33.135,90.245,13.609,51.7,14.357,30.893,87.53,24.851,26.946,18.0,62.486,39.606,53.95,99.165,72.108,12.453,28.993,22.176,17.215,10.388,22.688,0.0,-999.0,-999.0,
2003,34.256,80.274,47.683,61.307,53.735,1.0,-999.0,70.84,25.686,43.035,19.472,16.234,17.075,60.316,16.677,68.217,3.188,0.0,10.443,3.38,9.225,44.785,33.666,38.405,39.198,68.195,8.974,13.777,83.607,2.429,21.654,19.364,5.102,80.498,35.075,1.816,5.0,27.19,29.213,22.335,88.287,73.261,3.503,13.616,30.057,3.007,6.585,19.744,0.0,-999.0,-999.0,
2004,33.686,61.335,34.028,54.49,36.384,0.0,-999.0,87.994,44.54,29.472,7.239,5.944,3.547,43.017,10.457,70.252,0.255,0.0,3.024,1.028,2.844,42.017,11.432,13.284,26.16,56.014,2.993,8.305,70.374,1.134,26.071,4.487,2.061,72.493,26.342,0.46,0.0,47.049,17.422,13.497,77.201,54.274,0.0,12.621,26.986,1.507,0.746,8.429,1.0,-999.0,-999.0,
2005,55.722,59.345,87.368,46.073,51.05,1.0,-999.0,82.093,50.338,28.918,43.087,30.182,24.384,64.345,47.321,103.735,3.831,-999.0,19.087,11.988,11.489,77.473,48.12,23.049,45.646,58.677,15.913,24.579,74.498,11.761,39.34,12.166,21.401,94.021,23.575,21.467,17.0,54.43,31.935,46.15,115.012,54.078,4.984,17.609,21.921,11.853,14.713,17.19,0.0,-999.0,-999.0,
2006,82.23,51.0,70.652,56.893,47.166,5.0,-999.0,96.251,71.143,37.706,23.191,22.317,18.362,70.441,35.879,93.844,3.278,2.0,9.218,8.785,11.777,91.544,42.224,28.883,43.468,68.701,10.916,17.94,72.702,5.145,36.62,22.668,8.22,102.568,30.553,11.001,7.0,57.801,36.891,46.54,122.111,63.547,3.503,16.853,29.235,10.67,10.986,22.564,0.0,-999.0,-999.0,
2007,74.026,71.042,55.62,53.265,50.299,1.0,-999.0,92.309,66.286,36.918,32.215,37.173,15.342,55.52,64.908,75.054,5.295,1.0,13.239,8.952,10.467,79.294,38.995,36.145,37.714,72.733,14.567,13.091,72.852,7.103,54.419,16.629,17.735,76.442,19.79,17.058,6.0,68.107,31.318,61.947,68.889,72.776,5.984,25.543,21.78,17.825,7.447,18.715,0.0,-999.0,-999.0,
2008,54.692,60.131,44.597,64.206,42.271,2.0,-999.0,75.639,58.199,26.875,8.232,11.664,3.671,42.617,39.015,72.99,0.984,0.0,8.039,1.92,2.805,58.399,17.591,18.294,18.841,78.696,5.997,15.642,64.59,3.918,36.532,8.999,8.673,86.775,24.682,12.355,5.0,60.002,12.215,40.863,106.161,59.91,3.997,15.35,22.544,6.916,1.107,16.61,0.0,-999.0,-999.0,
2009,40.572,65.906,37.385,63.274,30.654,0.0,-999.0,99.519,51.097,29.113,9.747,8.083,5.269,39.679,16.814,74.73,1.719,0.0,6.18,2.089,3.117,51.507,17.31,15.088,16.928,61.124,7.956,5.592,77.662,2.139,25.939,4.758,3.983,75.035,29.621,4.669,7.0,43.998,12.355,17.071,106.194,56.734,0.503,7.922,29.514,2.644,2.054,-999.0,1.0,-999.0,-999.0,
2010,93.225,69.445,88.291,50.611,47.134,7.0,-999.0,104.71,85.551,19.488,30.359,35.375,12.016,66.524,61.717,109.796,6.122,1.0,19.966,5.627,6.484,95.586,43.406,12.342,32.605,63.133,19.684,27.53,80.173,8.889,62.294,8.805,20.035,97.591,17.611,20.12,17.0,85.982,22.068,66.765,103.413,58.637,7.959,31.043,18.658,14.693,3.659,13.418,1.0,-999.0,-999.0,
2011,82.974,71.901,85.228,49.02,51.392,1.0,-999.0,109.781,98.555,24.37,33.094,34.026,22.111,77.93,49.518,101.555,2.823,3.0,8.915,10.206,8.892,86.435,53.972,18.338,34.988,55.94,9.293,14.223,97.233,6.639,52.258,6.231,22.731,117.364,19.115,18.374,8.0,84.024,26.45,57.127,140.631,51.289,6.465,22.236,15.655,12.485,9.0,22.995,0.0,-999.0,-999.0,
2012,54.065,78.114,78.081,65.213,60.29,3.0,-999.0,80.538,58.859,32.694,51.197,48.428,42.201,80.91,54.824,81.749,4.665,5.0,16.111,16.26,17.568,66.353,63.638,30.789,66.131,78.039,13.98,18.834,100.587,8.907,34.462,17.152,30.36,109.331,20.35,16.346,14.0,51.269,49.193,51.588,117.431,65.319,4.465,19.383,20.768,15.628,19.368,34.487,0.0,-999.0,-999.0,
2013,31.874,65.703,57.874,59.027,48.371,2.0,-999.0,73.48,32.603,35.752,19.86,14.536,18.378,59.318,20.292,82.444,6.956,0.0,15.968,6.585,9.37,56.401,29.453,20.447,35.877,69.505,14.989,11.585,80.481,5.854,15.018,9.508,8.168,83.178,23.096,7.309,16.0,33.579,19.695,20.166,108.001,60.12,5.491,10.57,24.083,3.748,7.802,20.773,2.0,-999.0,-999.0,
2014,45.83,64.724,41.602,67.308,35.425,0.0,-999.0,89.737,49.186,29.666,7.929,8.659,3.142,53.031,26.641,67.173,1.54,2.0,2.824,0.523,1.631,52.629,22.659,17.042,22.093,62.138,4.961,8.695,71.207,1.654,26.21,4.239,3.326,85.287,29.784,2.166,0.0,58.977,9.89,21.357,101.081,56.277,2.971,8.59,23.983,2.166,1.343,9.067,0.0,-999.0,-999.0,
2015,59.491,68.671,66.767,65.419,44.254,2.0,-999.0,88.922,61.534,36.806,14.525,13.601,8.336,59.761,25.827,89.997,1.086,0.0,7.674,2.64,4.197,67.841,26.854,25.043,29.847,71.582,11.926,13.756,78.02,3.829,41.189,14.313,7.087,88.857,32.047,9.745,6.0,62.449,19.531,34.614,103.686,60.178,3.971,12.726,30.242,3.962,2.821,13.418,0.0,-999.0,-999.0,
2016,93.293,70.329,72.032,62.867,45.073,3.0,-999.0,98.227,80.573,28.97,23.87,21.723,12.914,62.355,51.767,93.307,3.752,5.0,18.632,6.494,6.01,83.252,39.989,19.633,34.628,73.008,16.267,23.28,81.961,9.84,47.927,8.525,20.825,93.914,24.994,18.597,17.0,73.1,27.161,60.273,97.925,61.69,5.984,22.174,22.092,12.926,3.013,21.718,0.0,-999.0,-999.0,
2017,36.691,81.18,48.336,67.618,42.145,3.0,-999.0,95.671,39.007,42.635,22.533,13.044,17.201,51.058,17.969,64.382,3.739,0.0,7.891,4.537,4.535,43.09,32.157,32.255,34.837,83.283,6.712,10.473,78.911,3.232,31.465,13.584,8.187,74.874,33.173,3.871,9.0,46.302,27.083,25.175,97.764,67.358,7.01,15.283,29.133,4.21,2.738,12.898,1.0,-999.0,-999.0,
2018,72.57,85.091,83.478,54.704,53.496,4.0,-999.0,94.031,62.395,30.75,31.722,30.702,21.729,69.304,40.854,108.16,4.939,1.0,17.842,11.075,8.037,80.15,55.051,18.287,34.999,76.109,15.411,19.712,88.921,9.658,40.714,13.08,19.686,96.755,30.602,11.253,17.0,62.746,23.018,54.147,115.856,74.751,13.492,14.321,22.982,7.915,7.174,14.193,1.0,-999.0,-999.0,
2019,94.937,70.711,66.452,57.571,47.409,3.0,-999.0,101.221,84.916,23.414,20.125,21.507,9.203,56.595,51.152,101.7,2.272,3.0,10.092,2.882,4.158,91.758,33.649,12.485,23.333,65.294,7.023,14.586,84.445,3.662,52.996,4.542,14.907,89.317,16.567,5.725,7.0,76.739,11.452,54.521,111.419,61.641,5.491,20.892,15.716,12.515,2.246,11.491,0.0,-999.0,-999.0,
2020,57.439,101.349,47.593,74.356,56.813,1.0,-999.0,100.474,48.603,26.696,20.278,20.91,20.773,65.63,24.365,79.212,3.739,2.0,14.629,10.627,8.747,56.315,31.369,23.688,44.74,89.472,16.092,16.694,99.51,8.097,32.204,11.626,16.822,90.751,27.694,19.31,17.0,50.503,27.884,34.927,111.037,81.002,15.999,15.109,21.612,13.787,6.003,20.714,0.0,-999.0,-999.0,
