Year,AL,AZ,AR,CA,CO,CT,DE,FL,GA,ID,IL,IN,IA,KS,KY,LA,ME,MD,MA,MI,MN,MS,MO,MT,NE,NV,NH,NJ,NM,NY,NC,ND,OH,OK,OR,PA,RI,SC,SD,TN,TX,UT,VT,VA,WA,WV,WI,WY,AK,HI,PR,VI
1900,48.009,105.964,67.052,36.666,166.7,142.0,-999.0,7.968,41.879,133.438,128.32,108.58,152.029,120.545,97.022,26.774,167.321,-999.0,141.03,151.028,160.061,39.393,104.067,139.235,148.771,173.194,169.582,125.111,-999.0,144.858,80.797,175.759,130.323,-999.0,82.582,131.77,144.0,41.344,157.622,76.487,41.152,146.59,168.416,109.67,83.281,125.696,155.566,210.924,-999.0,-999.0,-999.0,
1901,64.559,111.448,64.178,52.042,167.615,148.0,-999.0,10.694,61.283,141.149,138.003,124.113,155.394,130.892,106.704,30.109,167.789,-999.0,123.382,164.096,170.793,46.373,109.377,166.691,152.542,169.475,155.368,123.988,-999.0,150.616,92.249,187.926,134.697,-999.0,101.588,140.174,137.0,56.64,165.418,80.829,40.175,151.01,149.23,127.532,112.793,145.205,159.572,185.39,-999.0,-999.0,-999.0,
1902,55.263,107.209,75.424,56.977,162.538,127.0,-999.0,7.428,53.962,153.804,114.427,106.663,137.231,117.295,94.724,29.908,155.762,-999.0,124.53,144.826,169.423,45.296,102.253,175.642,143.439,167.872,152.848,103.218,123.51,138.644,78.196,187.011,120.527,-999.0,103.003,122.534,128.0,47.985,167.726,71.646,37.791,153.141,143.221,108.212,99.719,115.94,137.836,204.738,-999.0,-999.0,-999.0,
1903,60.702,116.713,79.363,63.404,175.459,124.0,-999.0,8.096,55.419,165.48,126.837,121.679,145.725,133.328,105.235,30.761,172.497,-999.0,130.689,152.987,173.935,48.656,113.132,177.925,156.281,168.562,161.676,108.442,132.599,140.267,82.453,192.654,121.656,93.932,110.377,124.632,126.0,51.366,172.177,86.194,42.148,154.69,154.088,110.597,107.562,124.05,150.014,230.052,-999.0,-999.0,-999.0,
1904,58.001,109.585,70.614,50.647,170.264,166.0,-999.0,5.104,60.636,156.785,131.408,131.998,158.254,134.76,118.752,30.897,176.493,182.0,161.363,164.963,171.706,46.054,117.569,179.871,162.875,148.988,184.086,137.732,108.74,166.848,103.36,189.554,144.131,93.932,86.812,155.486,169.0,51.476,170.149,86.409,42.998,158.605,173.03,135.901,93.708,151.561,163.634,214.559,-999.0,-999.0,-999.0,
1905,52.146,91.822,76.753,51.572,166.444,145.0,-999.0,8.989,53.177,154.809,132.642,120.207,150.443,123.642,105.894,36.185,173.736,162.0,151.663,161.343,172.122,45.664,113.372,176.409,158.298,181.899,177.677,137.732,103.913,147.969,83.225,193.543,137.114,89.382,100.421,137.732,149.0,45.229,168.717,76.9,49.496,138.594,154.147,125.481,114.92,122.136,161.863,216.818,209.0,-999.0,-999.0,
1906,48.959,96.866,67.895,48.094,161.515,140.0,-999.0,6.658,47.126,150.518,126.932,119.81,151.109,122.731,105.287,22.14,174.333,149.0,144.873,156.558,169.961,41.928,116.013,170.142,156.292,142.596,175.037,112.533,112.467,148.861,85.316,186.699,129.968,70.269,86.676,142.854,137.0,36.141,165.405,79.177,41.927,140.069,175.235,121.952,97.861,132.827,157.923,205.706,240.0,-999.0,-999.0,
1907,50.067,80.988,50.506,40.12,158.498,145.0,-999.0,1.809,42.026,143.96,136.415,129.245,168.735,125.603,96.349,13.179,189.245,161.0,159.328,182.3,198.464,32.37,108.932,181.763,171.435,127.98,169.461,129.698,106.893,156.808,77.479,225.55,140.453,-999.0,88.177,145.875,154.0,33.761,188.53,65.416,26.802,131.387,174.021,123.433,108.956,132.713,179.568,213.588,203.0,-999.0,-999.0,
1908,50.818,104.26,56.096,51.164,175.989,127.0,-999.0,5.256,40.627,162.822,122.106,115.55,156.103,122.032,93.699,22.72,175.985,158.0,146.693,157.513,174.555,35.441,99.376,173.432,161.637,192.969,170.415,127.996,109.61,153.663,73.752,197.825,131.236,86.651,100.037,140.434,141.0,33.964,173.966,68.727,35.21,169.189,147.314,119.125,107.586,127.974,159.565,217.727,229.0,-999.0,-999.0,
1909,53.744,118.316,60.198,43.916,173.467,140.0,-999.0,8.422,45.218,160.854,121.389,113.242,156.506,127.657,97.318,31.56,170.965,155.0,144.539,162.831,183.808,40.526,99.534,190.65,169.498,167.323,161.121,121.458,111.02,150.641,75.966,201.246,128.861,98.483,102.335,137.04,137.0,36.328,178.181,68.159,44.53,151.046,146.444,119.803,114.15,131.246,166.316,218.286,231.0,-999.0,-999.0,
1910,66.12,90.496,73.337,48.297,154.657,130.0,-999.0,9.044,63.2,149.864,131.127,123.597,145.632,125.038,109.923,31.759,171.896,161.0,135.396,151.096,168.065,49.429,113.205,164.34,148.148,161.134,165.726,123.355,91.616,143.049,94.624,184.861,139.295,86.708,86.775,141.884,128.0,52.329,142.569,89.759,42.253,131.561,153.544,126.282,95.916,144.305,154.564,190.903,228.0,-999.0,-999.0,
1911,36.975,106.766,50.479,64.071,162.844,140.0,-999.0,4.195,35.623,182.092,125.705,110.418,156.704,126.569,90.574,22.916,187.398,152.0,153.356,155.983,178.196,30.77,102.27,185.558,161.884,179.505,184.408,128.51,95.58,156.295,67.692,185.754,128.607,77.307,121.954,139.229,155.0,31.634,173.179,59.686,35.482,155.007,170.173,120.942,129.437,118.355,161.409,212.672,216.0,-999.0,-999.0,
1912,68.506,134.911,88.783,54.386,178.038,133.0,-999.0,4.51,59.043,175.496,135.616,127.824,155.762,139.46,116.363,41.108,179.724,157.0,142.049,157.279,179.373,58.114,122.395,182.959,163.766,181.952,167.174,121.047,136.14,140.266,90.051,194.111,134.101,98.059,96.971,134.832,139.0,50.958,178.195,94.589,56.762,164.023,170.379,125.413,109.251,137.852,161.07,229.443,226.0,-999.0,-999.0,
1913,46.6,127.743,65.966,58.861,167.416,103.0,-999.0,2.28,36.618,170.794,115.045,104.404,140.144,121.753,86.94,18.63,154.485,145.0,119.114,142.213,169.168,40.391,101.266,186.833,152.456,181.611,154.301,96.378,116.087,126.337,59.895,199.119,116.09,88.304,112.741,120.096,122.0,25.133,166.874,68.937,47.274,164.33,147.314,99.915,120.357,123.206,151.488,204.441,249.0,-999.0,-999.0,
1914,65.454,99.387,72.975,44.21,159.466,138.0,-999.0,4.249,55.372,150.489,120.93,117.584,142.051,122.893,109.049,32.429,181.01,164.0,152.444,146.521,165.842,52.831,106.812,172.571,151.644,173.297,172.24,124.438,109.43,153.498,90.678,186.236,130.049,95.983,91.711,136.103,159.0,55.326,161.136,89.343,48.64,139.324,167.69,118.865,93.699,136.921,151.165,194.237,245.0,-999.0,-999.0,
1915,59.333,123.575,72.522,47.933,163.221,132.0,-999.0,4.321,52.393,144.609,127.517,121.964,142.28,125.151,107.195,32.158,170.655,162.0,135.462,148.243,161.746,43.473,111.433,164.007,152.015,162.65,159.173,130.841,115.231,151.585,95.472,182.246,136.901,96.594,90.925,142.365,149.0,47.234,158.899,88.747,48.173,142.34,142.678,136.394,93.937,140.535,150.03,194.388,234.0,-999.0,-999.0,
1916,57.799,115.375,65.776,63.87,170.554,134.0,-999.0,5.052,46.912,181.273,127.116,118.551,155.802,129.373,99.877,34.724,176.639,163.0,141.757,147.501,181.803,48.975,107.674,186.481,161.72,190.129,172.162,125.633,109.317,142.639,80.657,205.976,132.175,92.698,122.416,140.906,-999.0,40.661,181.592,82.055,47.654,152.295,152.573,120.979,131.11,139.535,162.999,228.191,237.0,-999.0,-999.0,
1917,63.219,147.956,72.389,68.737,178.799,159.0,-999.0,10.169,54.332,161.976,135.677,128.929,163.995,135.797,108.173,35.007,184.698,170.0,157.987,169.678,193.343,52.1,118.99,187.724,169.098,178.729,179.142,143.847,125.928,163.314,84.324,212.514,151.778,100.677,100.43,159.32,-999.0,48.31,186.507,84.882,49.992,153.818,173.092,131.644,104.709,137.699,179.074,221.869,236.0,-999.0,-999.0,
1918,43.093,105.282,63.941,61.571,162.693,130.0,-999.0,8.194,36.562,154.68,114.646,104.867,140.851,114.413,88.841,33.896,172.417,151.0,145.375,144.304,167.025,43.71,98.352,164.567,145.872,175.298,171.186,116.828,106.311,144.935,69.331,187.872,120.571,83.099,99.574,126.656,133.0,33.492,160.6,74.197,48.778,138.544,162.648,110.168,100.73,128.591,150.792,190.298,245.0,-999.0,-999.0,
1919,50.224,122.847,62.032,63.974,169.15,128.0,-999.0,4.441,36.828,171.648,124.25,110.843,147.157,128.463,95.23,21.999,168.123,154.0,131.431,148.669,173.777,38.346,112.32,184.099,158.779,183.033,157.331,104.02,122.026,145.478,74.713,198.32,127.736,97.193,111.465,133.782,129.0,36.412,167.269,78.199,43.563,153.931,156.456,112.755,116.12,125.342,153.816,219.6,222.0,-999.0,-999.0,
1920,56.129,123.679,64.151,53.969,177.534,-999.0,-999.0,6.494,48.098,164.572,130.596,113.718,143.91,129.636,99.393,27.352,167.713,162.0,138.46,147.53,169.285,41.418,113.255,180.822,161.694,186.361,161.227,121.085,126.027,146.532,85.365,192.211,128.79,90.168,119.431,136.066,125.0,45.799,171.864,82.287,45.781,157.912,159.734,121.652,116.982,136.317,155.889,219.293,248.0,-999.0,-999.0,
1921,33.364,112.52,40.213,47.393,159.521,-999.0,-999.0,1.424,20.609,152.49,104.433,88.993,139.523,114.819,69.385,10.51,156.737,150.0,125.429,132.307,167.303,20.448,92.95,174.751,145.411,157.949,142.417,106.972,95.636,134.906,59.584,189.855,111.376,69.672,93.755,118.117,112.0,23.782,164.399,57.293,29.84,134.653,147.472,91.987,106.668,106.485,149.155,201.613,240.0,-999.0,-999.0,
1922,27.498,130.603,54.769,64.531,162.969,165.0,-999.0,3.027,27.305,175.562,112.27,100.993,133.821,118.655,78.899,13.463,171.136,158.0,149.294,146.044,158.035,25.476,100.794,175.728,148.729,175.897,164.911,127.069,113.728,147.022,58.842,187.494,122.68,60.813,123.002,136.571,134.0,28.797,158.908,65.725,37.553,152.602,161.678,102.012,125.479,121.447,145.781,220.104,244.0,-999.0,-999.0,
1923,41.44,119.369,50.156,56.667,175.76,152.0,-999.0,2.409,28.746,165.57,125.14,106.876,157.318,125.461,85.685,15.809,166.584,170.0,141.218,159.928,179.359,27.502,109.707,177.781,162.665,176.043,168.09,124.628,110.729,152.57,60.856,191.51,135.898,63.014,103.172,145.452,128.0,30.621,173.435,74.048,29.943,159.347,157.791,110.565,105.091,131.391,165.554,218.234,221.0,-999.0,-999.0,
1924,61.84,137.118,72.933,58.073,177.848,154.0,-999.0,3.396,51.5,157.16,130.503,121.076,149.314,132.046,107.262,30.115,173.135,176.0,145.852,155.053,174.357,48.611,114.121,179.266,158.091,187.367,168.911,130.372,119.492,152.228,87.101,196.005,135.409,94.083,100.199,144.733,141.0,46.249,167.635,91.29,56.751,161.308,165.501,122.945,108.948,134.679,161.443,228.737,231.0,-999.0,-999.0,
1925,47.82,130.528,66.784,44.021,162.385,152.0,-999.0,3.834,34.596,142.46,136.881,120.464,161.823,124.592,93.597,18.449,175.862,158.0,136.504,162.385,185.598,37.723,113.571,170.931,151.518,164.198,165.643,115.829,111.215,149.002,67.565,190.398,141.649,89.868,77.976,142.988,130.0,36.372,171.358,73.934,49.657,144.43,150.321,117.504,86.162,117.232,170.895,216.011,217.0,-999.0,-999.0,
1926,50.916,114.843,66.42,44.338,164.288,168.0,-999.0,4.785,46.442,145.54,140.573,127.384,165.144,129.644,105.116,17.693,182.777,162.0,158.37,172.932,186.279,41.526,115.983,170.231,163.065,156.094,179.214,137.65,112.845,164.773,87.07,191.514,145.241,85.274,80.549,152.94,151.0,45.846,169.632,86.025,40.9,129.459,167.686,125.333,95.769,137.0,176.962,217.929,211.0,-999.0,-999.0,
1927,39.024,111.355,50.112,43.932,164.598,145.0,-999.0,7.264,34.719,147.842,105.873,92.743,135.017,112.776,75.654,15.04,159.7,143.0,135.913,144.712,167.839,30.758,95.464,181.476,148.473,171.07,154.329,109.11,94.702,144.538,55.471,185.006,109.3,77.85,97.965,121.202,125.0,36.637,168.103,59.764,39.776,141.87,158.218,98.0,101.771,112.485,147.33,216.213,248.0,-999.0,-999.0,
1928,55.349,122.298,63.649,48.795,162.589,155.0,-999.0,8.902,42.99,161.506,125.499,115.573,151.085,116.695,98.141,21.098,183.089,161.0,145.56,149.551,178.508,43.119,106.016,185.04,157.296,172.253,171.924,117.05,114.121,152.764,81.1,202.257,128.89,75.774,96.144,134.897,137.0,46.369,174.919,83.58,40.081,146.538,155.483,111.508,106.335,130.934,154.308,203.126,244.0,-999.0,-999.0,
1929,47.76,139.001,73.028,67.447,177.432,146.0,-999.0,4.388,41.048,178.588,117.029,106.485,149.398,127.911,88.384,29.996,174.892,143.0,132.592,156.303,181.395,46.02,106.38,187.762,155.485,191.645,169.216,115.507,125.246,146.923,68.204,193.293,119.593,95.927,121.852,130.509,131.0,40.28,167.101,73.723,54.003,164.65,130.042,100.271,122.533,114.351,154.111,216.717,224.0,-999.0,-999.0,
1930,53.028,130.609,67.472,50.696,170.7,142.0,-999.0,3.554,47.45,153.653,126.545,111.395,144.552,123.289,92.723,25.424,173.024,158.0,136.836,151.9,171.519,42.456,111.914,171.25,148.154,175.297,159.589,115.637,117.212,140.883,81.127,184.963,127.984,83.953,110.17,135.003,141.0,45.748,162.692,82.494,45.706,151.207,159.675,119.746,111.473,125.117,155.057,205.807,235.0,-999.0,-999.0,
1931,44.267,123.312,40.6,47.549,169.085,144.0,-999.0,2.948,36.432,157.517,102.611,90.613,135.148,109.184,65.773,9.195,153.241,149.0,127.106,143.477,161.323,21.967,87.243,168.643,146.894,177.335,159.722,107.074,107.405,132.457,68.914,177.791,114.084,58.962,99.329,123.08,133.0,38.007,163.299,63.233,27.46,148.044,147.715,89.17,104.48,102.501,142.139,205.098,248.0,-999.0,-999.0,
1932,43.519,133.012,61.438,57.99,173.588,139.0,-999.0,3.283,32.951,150.153,122.885,103.697,156.77,126.836,80.387,19.526,167.66,153.0,139.302,154.506,178.609,34.832,110.555,168.152,154.466,179.405,171.763,110.097,114.141,148.367,56.776,188.358,119.191,83.398,92.909,127.568,128.0,28.941,166.774,68.253,49.916,156.306,159.857,91.796,95.538,115.58,164.998,209.54,222.0,-999.0,-999.0,
1933,37.234,138.33,41.299,56.645,158.226,143.0,-999.0,1.867,30.651,154.624,118.26,100.391,152.851,109.214,75.306,10.14,170.352,152.0,143.209,157.174,182.225,24.964,95.177,168.718,146.402,189.047,175.769,114.33,111.05,151.861,60.524,193.278,117.49,66.885,97.868,128.468,140.0,31.955,167.09,62.036,27.231,161.013,163.499,93.843,97.069,117.369,165.507,222.774,267.0,-999.0,-999.0,
1934,50.827,106.533,61.345,30.936,145.643,136.0,-999.0,6.501,48.175,120.197,124.618,113.74,143.673,114.396,95.067,16.12,173.766,167.0,140.657,153.555,172.005,38.122,110.384,155.906,147.375,156.728,165.931,116.806,97.802,154.249,85.558,186.856,132.623,77.239,60.754,137.793,142.0,50.175,158.931,82.515,35.11,124.666,155.608,118.14,71.615,134.103,154.011,209.544,242.0,-999.0,-999.0,
1935,52.987,108.353,55.911,56.697,165.333,132.0,-999.0,7.523,49.642,174.835,114.321,101.182,147.7,108.34,84.277,23.495,180.924,147.0,131.662,159.105,179.98,41.839,96.772,179.251,155.312,189.627,173.666,110.353,101.178,147.6,70.375,196.42,116.601,67.041,116.061,127.726,137.0,49.34,174.95,69.446,31.25,150.339,167.081,104.183,121.16,117.433,160.412,221.366,244.0,-999.0,-999.0,
1936,42.621,111.198,70.644,50.099,164.92,136.0,-999.0,4.004,43.029,166.568,136.301,123.352,157.775,129.965,102.551,25.878,174.935,158.0,134.707,162.903,184.972,46.01,120.255,168.226,162.761,175.901,165.97,115.461,111.357,151.062,74.185,198.774,137.001,87.238,105.313,137.764,130.0,43.427,172.004,84.489,49.242,152.847,162.287,112.437,113.259,128.728,169.011,220.104,238.0,-999.0,-999.0,
1937,42.764,116.644,68.629,60.669,167.939,148.0,-999.0,4.331,39.415,149.057,136.563,121.307,156.733,127.384,93.761,19.153,172.023,159.0,142.259,160.525,176.16,39.516,123.107,172.857,150.497,183.507,174.875,117.568,111.682,150.834,68.019,187.981,133.646,95.173,91.583,137.26,140.0,39.242,169.278,74.481,49.109,150.244,161.982,109.942,94.54,121.274,168.343,208.939,243.0,-999.0,-999.0,
1938,42.295,113.324,56.014,46.023,157.991,125.0,-999.0,4.646,37.9,143.176,111.181,101.003,139.293,108.879,77.02,17.829,164.003,149.0,122.722,139.104,163.576,37.719,96.18,166.46,138.17,165.819,161.221,111.881,102.745,140.633,61.308,175.177,118.32,73.954,97.91,128.88,124.0,33.739,155.479,64.989,39.016,142.704,151.6,104.448,104.338,117.144,142.785,190.599,230.0,-999.0,-999.0,
1939,38.656,112.926,54.806,49.794,161.681,156.0,-999.0,3.478,37.118,149.174,126.217,110.32,149.106,115.405,94.115,12.004,189.619,160.0,150.658,161.765,181.259,32.602,105.713,162.013,147.266,164.548,182.898,123.099,112.161,155.937,73.094,190.544,130.47,76.429,92.562,136.111,148.0,39.824,167.091,74.473,36.89,137.561,178.677,114.824,94.205,129.26,164.913,218.38,243.0,-999.0,-999.0,
1940,62.931,96.283,71.04,37.965,152.977,155.0,-999.0,12.114,57.439,127.831,129.504,110.715,148.248,118.994,98.231,33.721,179.421,173.0,149.363,161.956,175.093,52.572,118.323,159.795,148.033,147.684,174.703,131.055,110.382,158.526,86.297,178.978,135.199,85.218,78.271,140.481,142.0,57.07,168.711,83.001,49.581,128.593,143.217,120.625,85.368,135.934,160.485,205.199,240.0,-999.0,-999.0,
1941,61.234,95.27,62.685,37.286,155.847,150.0,-999.0,3.89,54.628,136.009,116.221,111.528,134.722,112.203,98.24,15.597,165.544,173.0,137.17,146.402,161.677,43.77,105.834,171.641,142.578,163.7,174.17,126.181,101.44,150.371,92.271,180.988,125.178,71.435,80.698,134.073,142.0,54.255,158.317,84.222,30.804,139.326,167.14,120.572,88.171,139.677,145.461,213.025,240.0,-999.0,-999.0,
1942,54.571,112.909,65.532,50.211,163.774,152.0,-999.0,5.545,51.201,162.51,122.61,111.619,149.772,122.34,96.642,24.257,168.613,161.0,135.588,162.151,178.927,46.277,113.361,173.839,153.462,186.931,163.783,120.189,115.435,146.702,82.461,188.356,126.062,84.152,94.688,127.699,148.0,49.866,170.299,84.168,46.923,158.077,163.135,112.212,105.256,132.263,162.995,221.414,218.0,-999.0,-999.0,
1943,60.217,105.503,70.29,46.12,162.0,160.0,-999.0,7.672,52.067,157.355,134.813,122.63,156.657,132.026,99.699,25.346,182.808,175.0,150.031,169.686,184.851,49.161,122.701,172.244,153.856,160.142,175.835,136.294,120.385,159.139,88.506,193.152,138.599,87.038,105.371,141.465,157.0,53.583,175.319,90.646,52.884,138.295,163.558,118.998,109.063,144.011,169.731,218.692,224.0,-999.0,-999.0,
1944,49.641,123.498,59.646,50.353,174.593,156.0,-999.0,4.138,43.308,163.788,122.687,114.143,145.036,122.813,94.184,18.905,183.472,167.0,147.404,163.485,171.276,39.263,107.583,174.556,154.049,182.223,176.173,128.587,124.542,161.555,82.963,185.915,134.88,72.744,108.85,135.681,152.0,44.406,170.668,77.553,43.323,149.349,173.76,121.707,107.848,142.789,160.955,218.335,231.0,-999.0,-999.0,
1945,48.719,129.508,59.411,49.745,171.875,134.0,-999.0,3.71,40.014,157.05,115.985,108.327,140.028,124.433,92.189,15.428,169.066,159.0,127.004,154.287,181.811,37.522,108.851,185.246,150.567,175.863,156.071,110.85,118.989,139.621,64.817,203.504,122.319,86.926,89.652,126.115,140.0,39.001,174.753,71.018,38.38,153.124,149.9,104.89,97.422,126.705,155.03,218.737,236.0,-999.0,-999.0,
1946,40.243,116.264,46.689,58.986,164.861,133.0,-999.0,1.315,31.322,156.887,98.665,90.983,125.113,98.804,75.378,11.976,179.981,140.0,122.988,138.221,161.319,28.551,83.781,178.831,137.853,180.649,153.413,106.429,99.161,137.518,59.816,186.373,110.098,63.344,97.073,114.426,138.0,29.16,158.752,60.984,33.03,145.324,152.085,93.065,106.668,113.841,136.6,217.37,221.0,-999.0,-999.0,
1947,58.456,108.403,74.606,60.679,169.624,161.0,-999.0,5.938,47.271,145.114,128.916,121.542,149.976,127.298,108.939,23.46,188.804,155.0,150.204,165.103,174.371,48.204,111.462,167.058,155.245,170.847,171.329,132.606,128.623,160.488,83.849,192.695,135.266,-999.0,81.638,142.945,160.0,44.559,167.124,93.513,46.071,145.281,173.03,118.339,90.281,136.804,159.272,209.138,247.0,-999.0,-999.0,
1948,48.435,119.129,74.909,74.699,169.179,138.0,-999.0,3.568,39.662,166.317,116.566,102.377,140.307,127.413,93.932,31.407,177.153,137.0,126.721,144.168,168.152,48.612,110.684,183.752,153.19,180.574,158.64,119.051,113.236,135.315,66.939,180.889,118.824,87.394,113.631,126.481,142.0,39.886,165.336,75.043,57.246,164.043,148.382,98.291,113.031,118.152,150.969,218.583,257.0,-999.0,-999.0,
1949,43.101,122.85,58.866,81.213,165.022,131.0,-999.0,2.062,37.762,162.929,120.427,106.662,147.613,119.578,87.452,15.787,170.281,143.0,111.297,152.567,170.098,33.37,111.999,176.328,149.287,176.644,153.391,104.658,100.532,141.826,56.608,184.902,112.474,84.208,114.253,123.826,126.0,30.801,165.631,69.153,41.479,151.495,153.239,86.594,117.331,112.705,155.956,207.877,238.0,-999.0,-999.0,
1950,57.353,93.749,72.846,52.163,168.045,146.0,-999.0,5.6,47.261,151.288,132.37,124.28,160.57,133.184,109.459,20.174,177.256,154.0,134.48,160.984,182.06,42.734,122.715,183.4,162.694,166.184,162.84,114.937,94.416,148.292,75.017,193.661,127.199,97.536,94.165,136.025,136.0,45.43,179.25,83.845,46.303,144.258,159.453,106.301,98.279,120.625,167.434,211.515,250.0,-999.0,-999.0,
1951,55.395,106.115,69.528,53.077,179.481,135.0,-999.0,5.094,47.174,169.504,130.892,122.758,156.534,137.088,100.407,29.309,165.708,149.0,121.236,150.168,179.224,47.609,117.917,191.776,166.365,176.585,156.149,112.843,108.987,144.868,80.144,196.499,130.693,91.121,107.935,130.392,125.0,44.711,182.783,79.166,54.18,152.189,152.814,108.999,113.743,124.225,161.494,237.322,225.0,-999.0,-999.0,
1952,46.516,111.788,67.267,53.651,172.542,141.0,-999.0,3.775,38.094,167.354,131.976,118.694,162.289,133.139,95.084,17.399,179.843,149.0,128.209,154.882,182.121,36.546,117.513,177.976,165.658,176.418,162.23,115.276,103.165,143.972,75.659,190.592,128.523,83.797,117.989,131.153,142.0,36.776,178.585,74.272,38.602,155.261,160.705,107.513,111.86,124.499,171.241,208.24,240.0,-999.0,-999.0,
1953,53.07,107.655,59.017,50.961,166.547,118.0,-999.0,2.25,38.145,143.493,117.505,112.132,144.834,119.025,95.406,16.894,155.035,154.0,108.652,139.97,167.974,33.486,109.467,168.961,153.814,180.383,146.522,114.863,100.385,126.323,70.675,182.591,119.238,70.114,78.948,115.513,119.0,38.61,166.2,76.843,37.412,147.725,143.524,103.255,72.72,122.761,154.855,218.129,214.0,-999.0,-999.0,
1954,66.957,95.915,62.618,50.425,156.36,132.0,-999.0,4.857,55.484,158.74,123.935,125.417,142.499,116.053,99.074,21.484,167.624,157.0,128.0,154.283,174.218,43.159,103.166,171.897,147.751,181.662,153.502,126.872,95.488,146.806,85.477,191.918,133.058,78.049,109.342,135.849,126.0,51.321,163.933,87.524,38.417,139.703,163.803,118.181,108.539,128.458,160.553,224.441,231.0,-999.0,-999.0,
1955,68.897,115.354,79.071,60.186,170.649,138.0,-999.0,6.335,56.588,175.227,121.343,118.882,147.869,129.129,104.183,27.659,171.7,151.0,127.138,148.787,168.197,49.842,113.61,187.28,156.086,185.319,159.789,120.519,108.531,150.154,85.25,178.917,126.468,98.346,115.411,131.761,129.0,48.218,163.051,87.052,51.511,157.37,160.223,115.487,125.331,128.759,153.67,223.934,239.0,-999.0,-999.0,
1956,61.427,114.243,62.229,58.633,164.587,145.0,-999.0,6.567,50.339,165.822,128.999,119.429,155.042,131.404,92.377,24.135,195.618,155.0,147.926,163.665,180.665,37.933,114.974,180.49,161.399,176.595,182.366,126.071,114.99,162.476,72.907,194.979,129.725,94.662,105.622,137.582,147.0,41.001,173.3,74.003,48.358,148.596,181.834,104.483,100.854,127.673,166.663,219.792,233.0,-999.0,-999.0,
1957,48.116,80.128,53.91,48.279,161.826,128.0,-999.0,5.822,37.56,155.789,120.896,115.597,150.15,118.31,95.264,14.842,168.187,154.0,132.356,154.732,172.349,31.424,106.108,176.765,150.339,165.087,159.384,124.542,90.492,148.121,61.339,187.115,131.154,75.93,98.787,139.521,137.0,31.883,164.885,68.022,35.482,132.479,166.476,97.204,100.004,122.309,162.899,229.342,232.0,-999.0,-999.0,
1958,78.216,105.405,77.659,38.233,167.398,140.0,-999.0,14.141,65.971,143.845,129.251,127.739,150.91,128.004,111.583,33.852,175.26,156.0,131.082,158.064,167.78,59.281,115.567,164.666,155.481,178.788,161.831,118.706,114.648,154.067,87.619,185.048,132.636,90.467,77.5,142.202,131.0,61.017,162.785,95.546,52.732,138.387,169.873,119.727,80.648,134.251,160.409,213.333,229.0,-999.0,-999.0,
1959,62.429,99.594,69.41,47.423,177.092,144.0,-999.0,8.092,51.434,163.656,125.685,124.852,154.203,128.317,102.858,33.045,179.276,150.0,136.742,159.435,179.871,49.109,113.761,182.435,159.861,187.053,163.212,124.617,119.544,156.969,77.703,198.727,132.947,93.097,101.244,139.673,128.0,38.885,178.118,86.093,55.269,149.136,165.988,116.904,103.342,131.551,164.286,222.222,240.0,-999.0,-999.0,
1960,82.663,114.384,86.842,47.83,164.241,138.0,-999.0,10.508,72.331,165.169,132.31,133.003,153.956,131.332,124.319,37.84,178.016,158.0,134.226,150.063,176.789,64.899,125.782,178.807,156.495,175.739,166.386,132.472,117.863,148.847,102.629,193.04,137.525,99.612,102.425,141.055,146.0,64.186,170.292,111.406,55.813,145.429,159.007,127.984,105.174,140.767,160.487,217.37,230.0,-999.0,-999.0,
1961,64.851,112.103,60.628,48.602,172.943,146.0,-999.0,6.642,53.945,165.368,123.615,123.24,157.361,130.092,94.136,30.309,172.797,164.0,139.339,155.736,181.386,45.727,109.892,181.351,162.72,183.053,167.696,119.987,115.241,151.153,82.69,197.242,131.728,83.554,91.495,123.389,138.0,48.519,177.724,78.54,46.777,156.723,163.196,111.684,92.01,131.11,166.495,212.879,230.0,-999.0,-999.0,
1962,66.336,104.515,61.58,52.652,159.733,153.0,-999.0,9.681,57.585,148.662,132.655,132.455,153.78,117.32,105.713,26.708,182.006,169.0,154.739,159.742,169.383,47.835,113.128,157.425,149.966,171.196,174.043,133.212,103.266,163.703,90.657,178.049,140.304,81.69,97.064,144.264,148.0,49.831,163.119,87.726,47.742,142.297,175.158,123.117,89.008,139.644,163.162,207.317,241.0,-999.0,-999.0,
1963,83.494,110.198,81.599,52.07,150.089,130.0,-999.0,5.467,78.848,145.2,123.644,129.472,137.161,119.085,113.68,46.241,181.774,176.0,140.722,149.508,158.545,68.144,113.17,156.82,141.283,157.538,167.745,128.954,107.088,150.658,91.101,174.713,136.494,92.842,95.718,145.722,144.0,67.096,154.305,101.308,60.98,139.371,164.653,124.452,91.144,140.324,152.491,196.915,228.0,-999.0,-999.0,
1964,65.52,139.638,70.759,56.626,174.6,124.0,-999.0,4.683,61.349,182.364,128.321,129.066,145.581,128.629,103.04,29.172,189.336,166.0,140.723,149.384,166.818,49.592,116.548,183.88,161.124,176.924,169.094,129.213,120.564,153.613,80.849,185.955,128.082,96.725,113.616,137.378,136.0,45.781,170.469,90.813,53.943,158.183,170.359,113.371,110.284,138.598,161.226,224.344,234.0,-999.0,-999.0,
1965,63.827,108.811,62.855,47.06,158.756,140.0,-999.0,4.58,65.119,162.156,119.153,119.951,144.643,116.787,98.215,24.501,195.564,146.0,160.613,152.888,173.881,48.58,103.818,184.241,151.647,184.015,169.166,125.785,102.351,153.184,86.089,196.932,130.452,83.198,102.365,135.785,151.0,52.17,169.553,87.871,44.5,136.643,178.07,109.366,97.508,125.898,162.211,210.449,229.0,-999.0,-999.0,
1966,59.779,118.206,71.915,47.729,163.707,135.0,-999.0,8.316,67.006,160.646,130.491,127.863,153.429,130.168,103.636,31.24,181.257,169.0,148.96,164.158,183.216,51.877,117.031,179.629,163.168,170.257,172.179,130.298,108.624,156.612,94.309,194.081,136.044,88.858,89.098,146.919,131.0,55.307,177.745,94.379,57.86,144.757,173.76,123.515,90.296,140.647,170.877,213.029,231.0,-999.0,-999.0,
1967,58.815,121.34,68.049,49.595,164.573,141.0,-999.0,4.123,64.126,160.971,118.153,118.659,151.134,120.24,97.173,26.185,193.441,154.0,154.268,158.396,183.117,52.202,107.602,174.682,161.023,172.562,175.452,133.01,108.75,155.732,84.367,198.099,127.637,79.87,93.751,129.289,154.0,42.471,172.473,88.499,48.731,147.092,172.423,113.047,99.0,128.522,169.772,192.022,240.0,-999.0,-999.0,
1968,89.038,107.159,80.332,48.347,176.091,128.0,-999.0,10.257,91.479,163.648,123.29,119.03,146.472,121.526,107.494,35.789,175.828,152.0,135.634,144.147,166.729,67.965,115.844,180.309,153.979,159.907,163.195,121.193,107.695,145.407,101.555,185.451,126.071,87.849,90.366,129.077,115.0,72.343,166.96,104.542,55.507,148.986,156.945,120.358,95.774,133.545,153.71,221.058,244.0,-999.0,-999.0,
1969,79.949,110.06,72.631,46.816,166.724,138.0,-999.0,3.258,78.59,168.773,137.739,133.888,152.066,129.368,112.026,23.507,182.871,164.0,141.406,157.349,172.127,56.052,118.618,180.133,159.59,168.251,162.651,126.45,110.23,156.928,97.796,188.816,142.197,87.138,107.502,145.696,148.0,64.936,170.033,100.965,42.938,145.429,163.501,120.764,113.865,142.558,167.149,203.382,238.0,-999.0,-999.0,
1970,71.436,125.121,68.154,41.896,180.577,137.0,-999.0,10.982,66.183,165.974,125.232,119.49,148.85,134.737,102.128,30.812,165.141,143.0,143.421,152.777,180.271,53.706,114.137,194.493,173.453,183.065,158.24,123.837,125.552,151.104,83.652,200.363,127.321,95.061,105.752,129.713,144.0,58.521,181.623,86.112,51.415,155.778,158.22,112.581,120.575,120.925,157.936,224.344,242.0,-999.0,-999.0,
1971,61.423,118.111,60.93,59.583,167.614,115.0,-999.0,7.522,60.344,160.74,123.365,117.571,147.453,124.39,98.497,20.193,183.707,153.0,155.642,155.775,175.348,41.004,109.032,178.602,153.291,180.595,167.307,116.345,99.334,154.462,78.631,184.749,136.498,86.483,105.141,137.792,145.0,48.07,167.56,81.922,40.309,155.098,164.471,114.524,109.291,122.269,159.287,210.603,233.0,-999.0,-999.0,
1972,52.606,104.857,63.897,56.225,152.155,-999.0,-999.0,2.89,49.285,149.92,131.573,121.913,153.81,123.568,93.537,21.915,208.272,152.0,161.691,167.462,178.331,41.698,111.771,180.709,155.917,162.639,175.119,125.778,120.399,161.197,71.031,195.17,136.082,92.998,96.029,140.074,150.0,35.144,172.291,78.546,55.003,140.56,181.107,107.482,103.54,122.524,167.863,198.733,242.0,-999.0,-999.0,
1973,62.787,111.476,52.992,41.713,159.981,114.0,-999.0,8.738,55.959,159.234,100.686,100.071,121.953,110.217,86.569,25.344,184.121,138.0,125.392,134.133,163.793,44.859,92.41,176.903,143.798,166.647,148.692,103.347,125.607,128.977,78.418,187.083,108.551,69.116,87.555,107.895,114.0,50.945,158.307,75.037,48.4,152.891,148.202,104.151,97.471,109.097,144.405,219.142,235.0,-999.0,-999.0,
1974,55.979,108.719,54.647,45.189,154.146,134.0,-999.0,5.965,50.866,155.901,118.275,113.212,145.794,114.574,94.43,16.248,205.089,157.0,147.476,160.059,180.25,41.991,100.274,168.725,145.818,162.75,170.425,127.107,119.046,159.938,70.685,195.079,130.332,75.974,90.574,141.368,139.0,36.534,169.657,77.479,45.394,144.2,160.408,113.44,92.983,123.698,168.342,220.908,-999.0,-999.0,-999.0,
1975,63.028,131.553,66.646,55.173,174.745,137.0,-999.0,6.23,55.496,166.994,125.916,116.952,152.197,132.629,97.429,24.385,182.588,148.0,143.747,154.308,168.946,46.151,116.397,183.52,157.651,172.349,158.962,114.455,134.291,146.328,77.783,180.697,130.875,87.948,103.696,136.788,129.0,39.567,165.243,83.066,50.004,166.613,162.933,111.286,116.791,127.115,160.586,221.156,239.0,-999.0,-999.0,
1976,84.838,113.877,71.375,59.236,174.741,146.0,-999.0,9.781,71.885,172.954,141.573,136.218,157.71,133.908,123.91,31.269,184.942,160.0,145.571,175.346,183.226,58.776,121.553,173.834,158.227,177.577,171.673,134.281,122.086,163.982,97.036,196.788,142.276,87.736,106.733,151.31,155.0,54.346,174.588,104.53,52.861,155.846,175.035,128.003,112.056,147.531,180.484,199.893,228.0,-999.0,-999.0,
1977,75.804,106.001,69.455,41.628,160.488,129.0,-999.0,16.647,73.796,159.937,117.068,109.631,130.199,118.568,100.719,32.87,175.496,152.0,130.779,147.197,149.813,55.969,103.029,166.254,143.459,167.131,155.771,116.278,122.216,145.913,88.843,173.271,123.016,82.843,98.411,132.302,129.0,66.949,153.579,93.798,46.428,142.036,155.851,109.621,109.427,125.549,147.383,194.944,228.0,-999.0,-999.0,
1978,86.359,89.194,86.758,41.996,155.844,135.0,-999.0,10.05,71.037,153.534,131.727,122.115,148.18,129.196,107.614,40.138,202.996,170.0,154.942,168.59,168.053,68.144,114.85,173.018,151.639,150.615,183.07,132.239,104.282,161.973,90.732,176.877,136.436,106.126,99.705,145.998,162.0,62.914,164.469,100.53,62.965,130.966,180.439,130.11,105.966,132.347,166.736,206.814,224.0,-999.0,-999.0,
1979,73.785,119.265,82.745,42.702,167.56,129.0,-999.0,8.538,65.5,153.707,127.379,124.531,154.287,130.859,107.255,36.865,175.834,156.0,111.885,157.705,183.579,64.419,123.916,180.416,162.039,154.719,149.595,111.734,121.59,137.738,88.618,198.185,127.66,94.107,89.023,129.963,114.0,53.198,179.263,99.741,60.05,150.943,145.592,114.985,103.45,135.15,164.335,207.726,228.0,-999.0,-999.0,
1980,69.914,97.748,75.662,36.966,168.666,124.0,-999.0,7.752,65.563,147.064,134.283,127.348,154.771,126.852,108.13,32.027,194.037,156.0,149.836,163.003,176.73,54.233,118.03,158.687,154.874,143.417,157.862,125.659,116.179,157.481,90.986,185.774,137.328,85.972,85.379,140.689,146.0,54.301,170.549,96.455,49.652,137.57,167.749,116.629,100.753,139.483,170.487,197.065,249.0,-999.0,-999.0,
1981,67.529,92.329,69.483,31.268,146.684,136.0,-999.0,17.962,72.307,154.095,124.326,122.796,134.645,108.559,106.876,26.639,180.719,161.0,143.677,160.043,162.685,55.281,103.025,163.816,138.981,160.562,149.267,123.502,106.25,144.746,104.876,179.156,132.941,66.785,77.202,140.319,143.0,64.242,155.576,96.765,36.253,131.175,158.522,123.866,99.595,152.31,159.614,186.712,229.0,-999.0,-999.0,
1982,52.749,91.051,64.865,48.671,159.682,122.0,-999.0,6.57,50.469,166.979,121.391,113.516,139.92,125.698,95.911,22.622,189.46,150.0,149.434,152.103,165.089,46.31,105.079,182.7,154.749,167.062,155.172,122.265,113.228,139.474,78.863,178.839,124.045,80.524,105.915,134.712,137.0,38.169,161.693,84.457,46.569,150.061,163.989,114.724,113.981,127.935,154.26,201.11,222.0,-999.0,-999.0,
1983,60.226,88.883,67.322,32.914,161.082,112.0,-999.0,7.558,68.422,140.604,117.691,110.01,147.116,122.634,94.814,25.478,169.62,-999.0,135.3,156.583,171.85,47.435,102.788,175.325,152.305,131.622,151.044,111.614,116.54,136.121,85.254,184.187,122.83,72.632,74.475,129.8,120.0,48.535,169.286,87.829,52.156,136.496,161.136,118.352,84.958,133.533,156.605,213.317,232.0,-999.0,-999.0,
1984,59.479,103.097,63.766,39.257,172.419,117.0,-999.0,5.118,63.825,171.636,119.866,109.934,151.011,127.354,91.501,25.241,179.575,133.0,141.413,153.222,172.315,49.249,102.161,182.002,161.77,175.108,151.188,114.357,124.887,135.288,80.803,184.432,122.08,75.263,90.725,132.484,125.0,45.994,168.591,86.464,44.062,163.034,151.966,105.684,103.356,115.569,156.407,219.986,235.0,-999.0,-999.0,
1985,73.14,87.245,71.253,55.371,154.635,122.0,-999.0,12.507,64.23,178.411,116.651,105.15,143.415,121.414,90.039,36.915,179.574,134.0,142.17,147.323,167.583,56.558,105.87,177.684,156.332,182.918,157.557,114.168,112.577,138.469,78.945,177.732,115.887,86.839,132.083,133.853,135.0,53.714,160.142,87.717,55.038,141.992,157.611,104.272,131.807,110.254,148.018,200.159,226.0,-999.0,-999.0,
1986,58.879,80.962,56.754,31.869,145.85,135.0,-999.0,5.431,52.188,142.658,115.744,102.617,138.767,111.15,80.814,20.67,187.59,146.0,150.102,153.257,162.45,44.926,100.061,158.951,143.17,167.123,161.331,124.096,99.708,144.267,76.352,168.65,121.027,64.011,80.451,137.44,146.0,40.492,150.801,73.99,35.911,123.674,156.881,112.032,89.959,115.235,152.629,188.683,220.0,-999.0,-999.0,
1987,63.892,100.237,56.861,44.395,158.654,105.0,-999.0,5.065,56.956,151.286,117.193,112.324,136.895,108.706,94.142,23.3,177.784,162.0,147.558,143.956,159.834,46.078,102.478,157.891,146.945,155.74,168.799,127.665,119.275,137.375,92.234,167.262,128.106,70.825,89.807,146.293,145.0,45.497,158.737,80.518,42.312,133.314,142.011,127.864,95.592,137.487,149.504,191.717,226.0,-999.0,-999.0,
1988,70.528,99.247,70.127,40.707,163.13,131.0,-999.0,6.667,70.803,145.823,138.301,125.922,158.184,121.692,108.672,30.836,170.351,155.0,143.618,154.676,178.064,55.414,126.436,158.022,159.879,172.7,160.332,124.269,122.959,148.457,96.694,187.715,140.542,92.387,91.44,149.595,143.0,57.529,165.796,95.776,51.502,138.11,155.485,135.407,89.97,142.664,165.332,203.689,210.0,-999.0,-999.0,
1989,56.738,90.992,72.719,50.551,162.062,123.0,-999.0,9.101,55.276,150.44,135.991,123.358,160.7,126.445,104.8,35.388,177.408,157.0,138.886,165.345,181.669,52.424,122.21,169.368,159.513,166.977,159.078,131.25,104.194,150.899,81.651,189.369,136.317,85.86,95.676,148.569,146.0,44.198,169.502,87.795,53.845,134.438,157.975,131.548,91.264,131.157,165.773,181.158,213.0,-999.0,-999.0,
1990,50.117,101.09,46.577,61.436,158.034,117.0,-999.0,1.578,40.801,147.737,120.25,103.914,148.927,110.518,80.487,13.44,165.868,133.0,121.553,152.12,177.571,30.399,105.625,171.053,155.82,163.566,144.208,105.235,111.399,126.432,59.138,195.816,115.248,68.051,88.54,122.648,118.0,21.762,171.856,63.747,34.476,127.525,143.83,100.671,88.584,111.33,159.538,193.13,221.0,-999.0,-999.0,
1991,63.22,103.163,58.481,42.733,166.463,117.0,-999.0,3.336,43.768,153.834,118.622,109.395,148.096,118.967,91.745,18.107,174.25,135.0,135.155,150.086,173.24,44.005,105.537,170.83,154.198,175.421,156.393,110.138,111.158,130.631,64.705,190.022,122.545,74.421,86.175,133.964,127.0,33.017,169.801,73.656,34.849,148.088,146.136,113.191,94.567,122.835,160.589,204.444,226.0,-999.0,-999.0,
1992,57.574,96.674,52.985,36.506,154.707,132.0,-999.0,3.578,51.97,141.255,112.593,104.044,143.995,107.184,91.976,15.926,193.54,-999.0,152.302,162.779,175.615,37.029,102.524,170.536,146.037,159.462,175.281,121.555,112.311,143.188,78.539,188.482,121.759,58.862,70.268,131.612,138.0,38.248,170.952,77.343,30.719,124.617,161.435,109.936,77.908,131.147,161.393,178.285,248.0,-999.0,-999.0,
1993,60.584,91.324,73.319,40.569,168.738,99.0,-999.0,4.945,55.954,154.962,123.81,119.131,154.211,131.325,105.425,21.308,183.299,148.0,149.086,163.262,177.862,44.684,115.328,170.439,157.142,157.989,157.919,123.811,113.309,152.69,86.496,193.142,128.203,93.253,102.719,133.589,137.0,40.718,171.042,88.809,44.155,140.571,144.372,123.569,106.37,134.985,164.995,197.929,213.0,-999.0,-999.0,
1994,50.795,96.344,59.117,44.173,157.007,115.0,-999.0,2.413,42.713,146.167,113.886,107.713,141.59,120.045,89.04,22.926,174.297,151.0,136.433,151.501,162.301,40.547,101.272,166.544,150.98,157.495,164.578,121.801,106.383,148.167,71.373,175.328,128.065,79.77,88.721,141.575,136.0,31.851,159.21,75.26,36.688,133.16,150.202,117.335,84.334,142.453,149.198,187.02,229.0,-999.0,-999.0,
1995,66.123,86.75,66.339,27.184,162.152,-999.0,-999.0,6.981,60.459,132.64,127.727,117.01,148.117,120.642,98.847,23.773,186.392,152.0,139.279,159.68,170.858,48.897,112.456,168.075,155.683,146.458,163.862,127.952,102.427,149.674,87.308,187.721,137.305,74.721,72.277,140.447,131.0,47.018,166.697,87.139,36.208,130.435,148.528,128.526,83.252,144.556,164.195,196.817,212.0,-999.0,-999.0,
1996,74.855,95.724,67.601,30.021,168.118,-999.0,-999.0,9.423,63.865,151.034,139.107,126.568,158.252,133.719,107.594,35.489,183.381,145.0,141.535,167.068,178.467,54.035,117.828,180.292,164.887,148.456,164.361,118.825,106.367,152.643,91.109,198.264,140.466,86.328,83.277,137.676,136.0,59.06,178.531,91.831,51.03,137.954,161.881,115.559,97.185,141.265,173.413,188.533,239.0,-999.0,-999.0,
1997,54.627,101.327,55.927,33.409,169.853,122.0,-999.0,3.159,40.534,152.472,130.932,118.996,157.083,125.546,95.355,20.438,190.686,156.0,152.239,164.701,182.054,41.355,111.841,168.997,160.685,160.754,172.074,122.336,113.864,155.641,70.221,186.904,137.129,91.433,89.171,146.604,138.0,38.778,171.176,75.613,43.199,136.429,170.379,118.95,87.679,141.58,169.355,197.02,227.0,-999.0,-999.0,
1998,47.376,105.617,43.323,39.688,156.054,-999.0,-999.0,1.685,35.605,134.546,97.732,89.282,120.359,103.938,74.232,11.132,162.4,127.0,121.041,124.279,141.747,33.856,85.714,167.296,136.981,153.881,132.873,91.719,102.797,123.369,57.234,172.583,105.176,68.362,75.535,111.038,112.0,26.703,148.057,56.225,30.826,131.649,129.104,102.025,71.186,122.679,132.705,190.4,231.0,-999.0,-999.0,
1999,59.779,101.767,51.299,44.328,164.947,-999.0,-999.0,3.908,50.466,159.912,119.614,104.758,139.519,112.675,91.428,19.274,167.088,145.0,132.488,145.714,154.355,39.463,96.058,172.824,151.54,169.998,147.849,114.723,101.466,143.281,77.314,178.755,126.247,62.347,90.849,128.203,126.0,42.336,158.762,75.51,33.625,138.872,153.383,115.256,85.142,136.447,143.551,202.473,229.0,-999.0,-999.0,
2000,69.549,95.415,69.798,35.754,156.319,-999.0,-999.0,6.474,57.4,156.357,123.847,115.14,139.279,125.321,101.699,26.201,164.246,144.0,131.861,142.425,154.629,53.139,109.755,175.659,149.777,161.678,142.959,116.569,106.69,143.412,88.659,178.65,127.409,95.017,93.651,134.304,120.0,51.348,157.692,87.188,42.048,123.402,158.706,126.756,105.088,143.019,147.452,187.226,231.0,-999.0,-999.0,
2001,57.861,94.958,58.155,37.146,152.874,-999.0,-999.0,7.577,48.198,152.867,116.836,101.165,137.09,117.525,90.6,21.578,178.732,139.0,142.758,136.836,153.33,41.793,103.697,170.881,143.974,156.245,155.459,110.747,101.561,141.884,82.481,181.657,120.317,76.185,94.351,134.901,125.0,39.753,156.507,77.412,40.753,123.584,168.906,121.268,97.278,138.622,144.074,182.678,224.0,-999.0,-999.0,
2002,70.277,99.719,73.309,41.548,172.994,-999.0,-999.0,4.562,60.007,160.478,126.773,110.549,159.482,129.442,93.636,26.296,186.551,140.0,142.43,164.874,182.142,51.518,114.157,189.554,162.997,170.623,165.426,116.521,114.285,150.955,82.637,208.781,123.033,86.483,95.631,134.104,131.0,47.627,178.594,86.998,47.71,142.076,176.131,118.083,104.931,129.057,170.677,197.523,226.0,-999.0,-999.0,
2003,64.633,88.593,71.3,34.588,153.232,122.0,-999.0,6.498,54.262,138.942,122.472,109.168,144.176,115.966,87.58,26.607,172.531,134.0,143.414,154.564,162.469,51.332,106.498,165.263,146.708,147.706,147.482,117.443,102.613,149.292,79.837,178.103,124.994,92.144,78.555,132.342,132.0,46.973,153.519,79.291,44.167,125.327,161.013,120.81,85.717,124.464,156.564,176.313,229.0,-999.0,-999.0,
2004,58.752,87.95,59.368,36.373,150.81,112.0,-999.0,3.769,51.333,137.808,112.193,101.844,138.814,107.924,86.723,23.57,175.283,125.0,136.046,143.144,159.656,46.115,92.278,170.457,142.358,145.925,150.729,97.073,95.182,137.577,88.814,186.793,114.278,63.668,75.546,122.442,131.0,51.005,157.517,76.94,36.069,118.293,164.717,104.925,81.264,122.123,148.317,175.551,236.0,-999.0,-999.0,
2005,60.675,71.641,58.88,30.769,157.524,90.0,-999.0,2.656,50.613,141.696,115.745,104.684,146.011,116.297,91.396,18.486,167.96,-999.0,140.356,150.752,157.312,42.18,103.484,162.508,154.788,150.733,154.568,111.892,102.117,144.444,88.044,175.614,120.544,70.781,89.454,129.165,136.0,40.161,159.872,77.119,35.049,119.634,156.399,109.901,92.296,132.158,151.09,179.036,208.0,-999.0,-999.0,
2006,56.371,100.245,58.058,41.337,161.916,97.0,-999.0,2.913,42.939,145.867,108.922,98.128,140.789,114.718,81.37,22.018,163.753,130.0,123.963,139.549,160.626,42.824,95.364,165.869,157.999,165.75,141.596,100.827,103.988,126.07,75.096,184.227,110.362,70.881,83.396,123.472,126.0,33.467,163.676,77.644,39.49,136.842,138.063,114.017,92.875,126.172,148.977,185.908,214.0,-999.0,-999.0,
2007,58.581,96.336,69.047,48.879,153.841,133.0,-999.0,3.144,47.848,147.059,123.752,111.371,143.666,121.42,92.852,20.445,180.245,121.0,142.615,146.415,158.953,47.817,112.387,157.84,144.863,166.268,162.336,111.507,105.925,148.757,79.765,170.857,123.265,87.194,94.435,135.347,144.0,39.687,155.53,80.706,49.518,128.72,161.437,114.194,109.806,123.064,147.752,185.702,224.0,-999.0,-999.0,
2008,69.766,101.902,83.84,41.016,176.882,142.0,-999.0,3.599,54.215,163.364,126.724,117.739,153.47,133.225,98.949,24.993,174.143,123.0,141.615,155.238,173.762,54.567,119.617,180.853,164.435,179.745,162.253,114.413,116.375,146.74,77.381,193.608,133.138,87.325,105.565,136.883,131.0,44.479,177.099,89.317,50.817,146.043,157.733,116.66,111.673,130.492,161.4,192.197,226.0,-999.0,-999.0,
2009,58.108,90.68,71.02,43.146,166.891,120.0,-999.0,6.361,56.169,166.67,113.011,108.958,147.078,125.712,87.011,22.084,173.093,113.0,137.303,151.418,165.068,47.048,104.529,183.399,157.708,169.529,155.278,111.37,114.058,138.758,79.077,185.555,123.326,85.829,110.479,132.286,119.0,45.501,166.058,79.572,45.356,135.295,154.88,112.114,117.814,123.27,159.701,-999.0,222.0,-999.0,-999.0,
2010,78.278,101.868,79.997,33.249,162.873,111.0,-999.0,18.943,81.937,146.726,121.939,116.935,140.492,124.945,97.684,38.255,153.151,158.0,125.884,146.16,149.099,68.492,106.454,172.317,147.833,164.952,145.881,104.818,116.154,140.224,98.809,172.99,130.552,85.031,76.316,136.665,134.0,69.951,153.034,94.442,51.749,133.186,150.388,128.267,83.213,138.172,148.113,184.416,222.0,-999.0,-999.0,
2011,61.094,104.807,64.37,48.269,167.051,124.0,-999.0,3.558,53.704,168.422,115.033,100.829,154.212,127.527,85.296,29.112,158.327,141.0,129.951,145.137,172.996,50.715,101.13,173.647,158.863,166.405,144.204,104.336,116.061,133.532,81.437,185.849,116.608,87.294,98.354,123.023,122.0,40.918,168.717,76.975,50.6,142.081,145.592,114.59,115.232,125.211,159.951,186.639,231.0,-999.0,-999.0,
2012,46.451,103.128,57.647,38.523,146.57,107.0,-999.0,4.926,35.379,143.008,112.743,99.862,136.168,109.715,89.112,18.151,165.266,144.0,124.79,141.12,157.293,38.225,89.464,167.229,142.987,153.12,142.511,91.272,98.282,130.697,65.786,171.431,114.933,67.197,80.246,123.818,115.0,29.993,150.082,70.748,37.241,123.675,143.953,112.201,96.484,124.549,146.148,186.639,237.0,-999.0,-999.0,
2013,61.437,107.878,82.259,53.844,177.205,135.0,-999.0,2.576,52.677,163.067,138.426,131.022,168.126,145.54,111.547,25.601,176.448,159.0,147.934,159.028,189.613,56.811,122.536,179.878,178.791,179.869,162.564,117.179,119.103,147.731,90.615,199.461,140.382,104.305,101.955,141.505,134.0,47.07,187.5,97.685,54.171,143.539,165.505,135.449,110.148,141.28,173.741,182.074,213.0,-999.0,-999.0,
2014,76.153,87.565,89.969,28.436,163.584,134.0,-999.0,3.428,60.521,135.608,134.592,125.558,152.623,134.581,105.459,35.041,167.377,154.0,138.573,162.648,168.771,63.679,118.185,166.32,163.883,152.521,150.806,117.675,106.629,149.382,92.863,185.52,131.378,97.392,73.305,139.534,131.0,52.64,170.238,99.212,54.072,120.283,152.757,131.922,92.847,132.571,165.8,165.558,234.0,-999.0,-999.0,
2015,56.366,92.823,65.868,35.634,144.714,123.0,-999.0,2.687,47.529,131.044,113.686,103.193,134.86,113.708,86.753,23.193,174.193,136.0,130.421,139.437,147.485,46.657,90.577,157.358,145.308,148.639,149.752,110.713,95.058,137.536,71.506,176.727,118.071,76.541,63.124,120.105,123.0,38.582,152.384,77.188,40.657,112.968,148.688,105.372,82.227,116.686,145.495,171.078,231.0,-999.0,-999.0,
2016,56.249,93.98,59.826,33.267,150.565,120.0,-999.0,3.026,48.236,119.944,106.544,102.606,131.468,114.894,87.353,16.9,167.39,129.0,139.432,135.736,149.486,46.584,89.831,151.344,141.676,144.384,151.106,112.731,91.497,144.235,74.933,166.472,121.106,74.022,66.106,124.921,126.0,38.178,151.616,76.806,35.64,115.026,157.37,111.626,74.207,120.84,138.798,169.966,220.0,-999.0,-999.0,
2017,46.754,79.027,53.271,35.542,146.596,115.0,-999.0,1.995,40.175,145.682,106.414,96.459,134.22,110.082,72.542,14.242,167.688,116.0,128.979,137.647,158.961,38.32,88.563,165.994,146.794,156.668,150.44,99.974,80.666,138.013,71.138,180.991,106.916,59.417,90.935,116.979,113.0,32.467,159.693,65.062,29.121,116.862,149.174,97.685,110.11,106.076,146.6,177.169,214.0,-999.0,-999.0,
2018,53.538,95.716,73.964,33.314,168.484,133.0,-999.0,5.21,56.705,150.34,141.645,127.481,164.731,141.111,90.659,24.824,178.046,144.0,146.643,166.68,183.457,54.677,119.202,182.079,168.068,154.865,167.346,121.121,96.626,153.418,77.512,197.79,138.261,100.933,84.889,137.088,123.0,46.097,180.789,78.031,46.858,132.191,167.57,119.357,97.362,133.525,177.79,181.567,224.0,-999.0,-999.0,
2019,48.627,96.719,66.736,35.198,174.368,136.0,-999.0,1.855,37.476,156.239,132.695,116.441,157.339,137.299,80.124,20.131,173.228,144.0,150.159,155.338,176.352,42.907,110.883,182.435,163.264,143.253,159.906,115.023,107.818,143.582,64.915,190.94,122.386,84.065,103.561,127.959,131.0,27.429,173.521,70.443,41.965,140.575,161.984,112.191,113.262,122.958,166.146,184.569,219.0,-999.0,-999.0,
2020,52.348,96.349,55.793,37.027,167.398,118.0,-999.0,3.22,42.113,159.694,123.088,108.232,157.995,127.823,73.251,12.696,179.424,144.0,135.077,161.777,185.163,38.271,104.975,178.46,159.005,169.172,156.593,90.059,95.499,141.462,63.063,196.254,122.644,74.833,91.937,129.227,109.0,30.88,176.911,64.821,35.421,135.145,166.842,91.754,104.089,118.249,167.813,181.842,220.0,-999.0,-999.0,
2021,57.879,95.823,60.471,35.794,164.694,121.0,-999.0,2.456,52.479,151.378,114.443,116.27,140.544,114.961,91.602,16.976,148.59,107.0,131.326,151.471,161.566,43.68,88.798,169.465,146.448,158.291,147.621,100.982,100.053,135.53,76.973,178.276,126.412,68.761,87.648,115.968,127.0,33.11,165.097,74.463,35.636,134.983,155.003,110.232,96.354,125.408,144.062,155.487,231.0,-999.0,-999.0,
