Year,AL,AZ,AR,CA,CO,CT,DE,FL,GA,ID,IL,IN,IA,KS,KY,LA,ME,MD,MA,MI,MN,MS,MO,MT,NE,NV,NH,NJ,NM,NY,NC,ND,OH,OK,OR,PA,RI,SC,SD,TN,TX,UT,VT,VA,WA,WV,WI,WY,AK,HI,PR,VI
1900,49.286,53.151,83.053,41.268,42.075,10.0,-999.0,90.499,71.081,27.08,40.472,38.579,32.341,69.653,59.094,90.184,10.794,-999.0,14.529,13.609,12.987,80.953,54.705,24.396,51.363,37.181,15.005,27.456,-999.0,10.218,61.011,20.113,30.26,-999.0,10.064,21.991,13.0,67.653,37.479,43.205,92.344,60.066,4.958,39.076,14.254,45.563,20.027,13.59,-999.0,-999.0,-999.0,
1901,65.489,64.681,95.973,48.158,46.723,5.0,-999.0,70.054,47.251,29.198,57.625,52.298,51.303,84.941,56.977,91.341,10.048,-999.0,11.559,14.684,20.754,81.488,81.382,21.511,57.01,44.001,13.719,14.552,-999.0,8.971,36.21,17.616,28.655,-999.0,21.17,10.687,5.0,42.893,39.738,44.618,104.598,65.851,5.502,20.407,18.4,23.692,27.351,18.014,-999.0,-999.0,-999.0,
1902,89.218,58.321,72.436,42.605,41.491,0.0,-999.0,99.158,88.476,27.901,19.98,27.37,9.709,52.246,54.202,104.036,1.307,-999.0,2.314,2.768,4.72,90.13,33.543,9.476,22.733,48.504,1.353,6.749,114.199,1.296,47.723,7.786,17.451,-999.0,20.952,2.212,2.0,62.609,15.057,48.719,112.311,60.716,0.0,24.161,16.759,10.619,4.37,6.16,-999.0,-999.0,-999.0,
1903,65.214,65.814,58.139,52.981,33.449,2.0,-999.0,68.042,60.473,22.121,21.241,27.546,10.575,48.902,43.665,83.476,3.883,-999.0,5.739,3.042,2.097,77.259,31.389,8.84,20.44,45.061,5.037,10.664,91.461,2.376,34.766,9.324,19.872,70.181,12.601,4.44,5.0,45.965,13.26,44.658,82.606,58.069,3.502,16.055,15.212,16.203,5.024,7.252,-999.0,-999.0,-999.0,
1904,87.306,58.278,62.648,58.624,23.349,1.0,-999.0,81.399,78.301,30.641,12.979,15.09,8.625,38.81,40.006,99.998,0.713,0.0,3.686,2.757,2.956,88.373,20.055,10.79,19.122,52.506,3.053,7.098,90.703,2.325,33.679,5.482,9.48,77.372,24.341,2.964,1.0,44.505,16.038,37.139,105.56,51.567,3.007,13.618,25.193,11.932,4.351,9.225,-999.0,-999.0,-999.0,
1905,68.688,59.927,61.24,53.645,33.72,2.0,-999.0,97.667,76.263,31.478,24.956,18.697,18.323,59.731,36.316,102.822,2.645,0.0,7.917,4.015,7.158,78.77,29.088,15.843,29.243,51.412,7.698,9.666,65.159,3.213,33.33,7.979,11.671,86.617,18.818,5.014,2.0,41.465,20.251,33.233,104.369,55.495,5.007,13.833,19.753,12.313,7.688,4.539,0.0,-999.0,-999.0,
1906,60.52,47.23,64.375,63.68,25.249,0.0,-999.0,81.47,71.536,29.722,37.219,30.899,22.47,46.528,36.954,104.331,3.557,0.0,4.822,8.548,10.018,83.225,34.238,17.791,30.841,55.756,8.021,11.416,55.927,4.244,38.053,19.563,18.887,53.744,28.525,4.609,1.0,40.89,20.646,36.128,96.646,45.958,11.813,19.661,28.672,15.736,9.504,5.836,0.0,-999.0,-999.0,
1907,66.188,45.537,76.865,39.054,31.52,1.0,-999.0,102.859,77.011,16.52,18.037,16.358,13.439,67.847,38.961,99.735,4.021,0.0,7.646,2.811,3.807,85.509,40.09,6.092,40.382,38.525,7.376,6.985,70.23,4.903,36.218,6.83,6.515,-999.0,14.401,2.097,0.0,49.7,13.505,46.717,111.501,40.973,6.764,13.929,17.828,5.66,3.171,7.133,0.0,-999.0,-999.0,
1908,76.112,48.476,67.319,55.911,32.319,2.0,-999.0,87.895,76.789,31.211,38.001,49.505,18.015,55.522,48.539,80.593,7.946,4.0,10.117,10.917,10.129,78.145,43.554,20.913,36.326,50.923,13.37,17.491,69.201,8.249,37.285,15.48,31.345,81.481,26.756,13.315,3.0,39.965,25.757,41.523,103.531,44.864,10.803,22.217,27.583,29.461,13.643,5.836,0.0,-999.0,-999.0,
1909,66.034,54.481,86.538,54.718,35.555,2.0,-999.0,89.597,60.111,29.172,30.063,22.994,22.825,65.686,39.264,98.042,7.461,0.0,11.393,6.566,7.705,88.368,53.449,15.519,42.44,53.413,9.369,15.587,76.193,5.609,28.586,13.501,8.314,115.381,12.623,5.645,6.0,39.475,26.225,41.536,122.506,43.081,12.086,17.767,15.436,13.055,11.555,12.559,0.0,-999.0,-999.0,
1910,49.346,76.538,63.855,63.895,42.704,3.0,-999.0,75.125,66.549,27.766,31.479,24.292,33.68,66.818,32.314,103.288,2.912,1.0,6.032,9.663,24.719,79.454,34.717,20.556,47.681,53.371,5.988,13.32,82.399,4.801,35.253,26.058,18.857,117.985,16.489,4.879,3.0,43.835,35.633,25.85,127.218,58.801,2.492,21.934,20.277,16.576,27.898,11.025,0.0,-999.0,-999.0,
1911,91.529,53.094,87.747,46.231,38.348,11.0,-999.0,99.169,98.248,18.537,46.701,48.435,42.928,86.568,62.843,122.561,15.926,9.0,16.72,15.56,17.266,94.731,69.095,9.746,55.149,48.459,18.38,18.278,72.784,15.854,60.799,9.196,34.489,123.069,20.057,21.428,5.0,74.972,34.515,61.344,131.421,46.773,18.474,38.967,22.546,37.296,20.637,7.133,0.0,-999.0,-999.0,
1912,55.127,49.683,75.356,45.505,26.275,5.0,-999.0,85.954,66.333,15.584,28.403,23.986,24.869,60.344,37.736,102.096,8.871,0.0,8.789,4.496,9.735,73.083,49.602,9.102,39.443,36.577,9.351,14.217,68.897,7.876,40.691,8.851,13.262,90.205,14.77,7.333,2.0,51.165,20.918,32.28,115.404,33.195,13.833,20.272,19.463,13.286,10.928,3.89,0.0,-999.0,-999.0,
1913,77.46,64.958,88.381,57.261,42.973,4.0,-999.0,82.605,80.687,23.223,59.031,61.653,47.25,85.266,75.728,85.116,6.029,4.0,15.311,13.931,14.118,79.318,80.018,12.752,65.348,37.221,13.702,16.626,76.102,7.825,46.301,18.564,34.863,101.053,16.677,18.384,4.0,62.47,39.143,71.053,104.175,40.655,7.774,19.418,22.603,24.463,17.658,10.376,0.0,-999.0,-999.0,
1914,74.752,59.709,88.598,50.278,33.163,3.0,-999.0,97.139,84.29,30.624,53.43,56.075,36.748,74.003,68.899,100.206,5.015,2.0,10.363,9.673,11.717,92.631,69.681,20.358,47.613,53.1,9.007,17.102,73.31,5.536,56.005,18.485,37.451,99.672,20.94,17.875,2.0,67.071,34.153,75.313,100.804,41.892,9.474,27.768,21.848,33.99,11.314,8.43,0.0,-999.0,-999.0,
1915,81.272,71.868,58.093,56.083,19.772,0.0,-999.0,101.545,86.173,28.101,9.709,13.853,2.761,18.806,30.79,100.455,0.0,0.0,5.348,0.683,1.753,86.291,20.611,7.663,9.535,54.431,3.008,14.239,62.429,3.027,47.396,7.203,6.338,55.561,22.202,6.988,0.0,63.994,2.446,46.168,95.097,40.524,3.483,21.447,27.42,10.965,1.033,4.863,1.0,-999.0,-999.0,
1916,68.499,62.389,88.977,45.715,36.868,4.0,-999.0,76.104,64.43,21.875,47.999,43.746,39.384,71.875,44.104,103.317,7.219,0.0,9.081,18.308,18.565,80.438,59.519,11.09,53.68,44.372,11.109,13.144,76.019,13.927,32.015,17.36,32.591,105.623,13.813,17.933,-999.0,39.623,34.277,48.465,122.234,31.181,15.008,13.869,17.339,17.971,23.931,9.225,3.0,-999.0,-999.0,
1917,54.571,67.764,61.374,66.973,36.805,5.0,-999.0,77.916,70.912,34.361,22.037,20.642,17.145,56.666,28.266,89.141,5.384,1.0,5.705,5.639,9.631,71.591,37.064,20.688,38.559,76.444,7.399,9.446,70.949,7.066,39.26,23.077,11.241,93.375,24.856,7.931,-999.0,49.368,25.619,32.396,117.089,47.025,7.998,13.965,24.791,20.275,8.257,9.403,0.0,-999.0,-999.0,
1918,72.3,58.644,92.003,51.912,39.436,7.0,-999.0,84.992,74.532,28.212,35.928,34.38,28.337,73.671,49.709,104.782,4.834,6.0,11.859,9.29,8.212,90.177,59.469,15.98,52.967,61.837,11.742,15.686,77.765,11.625,38.082,11.538,24.602,114.523,23.895,15.126,10.0,46.694,23.179,56.053,124.24,45.337,15.513,23.22,22.134,23.079,10.678,11.91,3.0,-999.0,-999.0,
1919,58.119,50.536,78.953,56.048,50.602,11.0,-999.0,97.712,69.993,37.276,48.632,48.283,29.749,68.459,61.095,82.964,11.349,5.0,9.855,11.548,8.175,75.125,53.832,36.014,49.93,75.968,9.066,14.804,55.429,11.469,47.33,23.081,32.475,82.545,26.037,16.067,6.0,43.376,31.007,59.784,72.964,67.726,13.542,20.358,23.01,25.94,14.307,15.241,1.0,-999.0,-999.0,
1920,42.764,53.967,60.532,50.681,30.652,-999.0,-999.0,82.836,66.368,34.316,33.383,23.148,19.196,51.706,25.957,92.912,2.721,0.0,3.408,3.069,7.798,69.094,36.736,19.15,39.234,53.981,2.017,3.956,68.364,3.382,32.693,19.6,10.946,65.408,22.566,1.411,0.0,45.671,21.274,36.057,101.804,43.587,4.007,10.668,24.67,11.579,7.486,7.133,0.0,-999.0,-999.0,
1921,84.159,53.734,98.949,59.625,37.235,-999.0,-999.0,97.859,90.649,25.129,57.321,53.239,39.06,70.625,67.706,112.997,11.231,0.0,12.567,17.732,23.911,105.608,66.881,21.735,56.423,61.452,16.633,17.305,62.969,13.973,53.809,23.839,34.675,94.182,15.467,15.887,5.0,72.597,41.28,76.035,119.912,45.644,18.513,26.127,18.779,23.474,29.369,10.376,0.0,-999.0,-999.0,
1922,67.387,78.813,87.042,63.158,48.314,1.0,-999.0,75.779,73.81,35.165,41.525,40.266,22.675,71.082,46.468,84.404,1.626,0.0,7.029,7.159,17.535,85.216,60.217,20.178,57.06,63.02,3.328,7.765,75.848,5.487,41.587,20.933,19.277,95.996,31.258,9.43,0.0,54.602,35.098,57.459,113.672,56.227,4.007,15.697,32.591,14.405,10.434,9.728,0.0,-999.0,-999.0,
1923,46.016,40.132,71.549,46.637,25.993,2.0,-999.0,70.936,61.598,25.879,35.534,27.606,24.541,49.951,39.349,77.091,5.386,0.0,12.747,7.64,14.572,64.526,47.041,12.851,30.073,51.817,7.678,16.453,63.769,6.747,44.843,12.348,20.07,83.466,21.242,13.365,7.0,53.862,19.882,35.802,104.691,37.724,6.503,20.156,24.884,8.902,14.139,4.863,2.0,-999.0,-999.0,
1924,71.997,74.289,76.092,65.473,42.662,2.0,-999.0,95.404,74.509,31.827,18.175,21.246,8.724,54.839,34.047,105.143,1.902,1.0,12.359,2.091,4.759,87.954,29.35,13.668,29.106,68.823,7.232,11.499,71.01,5.42,44.512,6.727,13.654,90.285,23.624,7.298,2.0,56.188,15.28,50.964,107.484,58.861,3.502,12.953,24.24,10.342,2.289,15.241,0.0,-999.0,-999.0,
1925,110.843,51.642,108.662,50.225,37.718,5.0,-999.0,98.347,117.53,32.883,51.536,49.967,32.605,73.606,66.153,115.625,3.281,6.0,8.374,11.679,17.14,114.627,67.07,19.313,50.824,43.678,6.685,18.775,70.043,7.718,76.968,19.187,28.664,101.354,25.837,16.161,6.0,94.335,37.987,95.164,128.786,45.232,3.978,37.778,25.059,28.43,13.062,15.183,0.0,-999.0,-999.0,
1926,81.614,74.25,86.817,62.175,37.678,5.0,-999.0,89.837,83.798,34.43,31.923,29.602,22.419,69.464,46.303,114.697,2.272,5.0,6.912,5.278,11.118,99.707,48.932,20.58,47.043,62.919,3.035,12.365,69.832,5.004,64.095,18.139,13.533,88.239,27.704,8.49,4.0,69.393,35.151,63.548,105.094,55.629,1.492,24.54,24.508,19.589,6.469,10.376,0.0,-999.0,-999.0,
1927,73.145,52.369,73.318,52.114,30.6,1.0,-999.0,115.192,87.091,27.849,25.445,20.512,24.827,47.787,40.133,104.093,2.634,0.0,3.581,6.856,7.052,88.186,29.61,8.617,37.568,55.498,3.001,9.953,80.474,3.528,38.484,4.601,15.488,92.303,20.97,10.358,1.0,55.079,19.484,43.107,126.307,47.779,0.997,18.071,22.191,14.299,9.558,6.485,0.0,-999.0,-999.0,
1928,69.062,70.848,71.953,59.479,29.837,2.0,-999.0,81.107,62.876,29.861,26.163,23.135,15.651,45.575,35.452,95.376,6.576,0.0,12.04,4.211,6.428,82.96,33.019,14.974,36.524,54.537,8.216,13.9,82.788,6.435,40.923,8.641,16.714,97.519,21.072,8.03,9.0,47.942,23.926,42.878,115.144,62.836,4.998,15.167,23.188,13.535,6.439,8.106,0.0,-999.0,-999.0,
1929,76.469,59.949,80.236,59.272,37.885,2.0,-999.0,89.726,76.818,31.94,24.848,20.246,18.569,55.764,47.272,94.893,11.713,2.0,15.343,8.208,16.411,82.517,41.613,27.852,43.369,69.516,10.252,23.957,74.704,7.723,35.864,25.687,14.189,80.499,23.73,11.636,6.0,45.331,36.709,45.489,114.093,50.14,6.503,23.8,20.358,15.836,11.202,11.349,0.0,-999.0,-999.0,
1930,78.25,56.444,87.032,52.924,37.468,3.0,-999.0,85.378,81.629,30.247,46.442,43.163,39.455,64.635,62.58,86.092,7.675,14.0,12.887,13.175,23.991,82.251,60.019,26.012,42.33,46.716,7.561,25.028,83.484,9.458,63.395,24.026,36.391,90.506,18.995,23.965,4.0,66.281,38.437,62.856,111.72,49.19,2.017,65.665,21.858,44.768,23.233,11.792,0.0,-999.0,-999.0,
1931,86.445,60.832,80.625,70.8,59.922,7.0,-999.0,94.916,101.8,39.63,54.588,49.47,51.765,79.673,72.903,99.704,10.062,12.0,13.72,23.794,30.268,90.451,65.367,30.657,70.24,62.717,10.959,25.814,91.304,11.734,67.417,30.805,38.291,108.465,27.004,25.856,14.0,81.88,61.049,78.321,121.111,68.239,9.008,34.56,27.875,37.366,34.3,22.555,0.0,-999.0,-999.0,
1932,70.932,67.125,83.848,57.928,47.066,0.0,-999.0,94.019,74.745,24.932,35.718,30.119,25.68,62.763,49.94,94.872,3.919,2.0,3.881,8.169,16.631,75.372,53.835,19.159,47.224,59.639,4.935,21.915,74.095,4.066,57.125,18.127,24.096,70.952,17.323,14.545,0.0,60.075,37.082,63.309,91.097,54.01,1.502,30.069,21.244,22.756,15.422,15.889,0.0,-999.0,-999.0,
1933,90.655,77.717,85.707,58.506,49.856,10.0,-999.0,101.542,91.772,35.867,59.381,54.515,45.287,83.564,55.197,100.458,4.104,5.0,15.438,19.345,27.172,89.339,66.152,29.731,66.274,63.113,12.379,26.3,78.508,15.347,68.238,31.797,38.374,109.794,20.003,25.127,5.0,87.295,56.749,67.281,125.179,67.767,11.959,25.986,23.552,21.459,25.143,18.957,0.0,-999.0,-999.0,
1934,74.85,65.221,98.705,61.394,64.158,3.0,-999.0,89.916,76.765,36.551,65.193,56.296,58.724,92.778,51.885,101.876,2.818,8.0,7.326,17.989,26.522,85.138,78.252,26.342,81.043,69.434,8.233,23.467,112.095,13.079,54.72,37.808,45.532,102.895,18.757,28.229,1.0,68.537,60.213,62.803,132.681,72.991,7.959,38.625,25.984,38.984,27.558,19.369,2.0,-999.0,-999.0,
1935,77.031,61.522,74.419,54.583,50.654,0.0,-999.0,98.141,68.545,28.013,37.629,34.146,34.224,66.083,45.888,86.588,9.881,2.0,8.87,7.041,15.819,74.934,50.788,21.651,55.11,61.833,9.604,19.727,74.183,6.529,43.032,19.544,19.486,75.495,23.584,11.313,2.0,54.856,48.84,55.969,92.427,63.582,7.493,19.022,24.218,17.327,12.294,12.116,0.0,-999.0,-999.0,
1936,93.402,76.225,103.268,66.091,65.833,4.0,-999.0,85.867,87.433,40.481,69.038,70.169,61.933,91.793,88.823,97.587,1.905,13.0,9.153,18.153,31.552,96.2,89.607,40.05,79.741,62.061,8.914,26.718,95.303,12.512,63.919,50.883,45.144,112.681,16.162,24.282,1.0,82.539,69.263,86.141,111.675,65.062,5.463,41.048,21.57,49.069,31.365,21.403,0.0,-999.0,-999.0,
1937,82.563,69.212,91.257,59.622,52.973,9.0,-999.0,84.634,77.199,32.902,43.519,38.885,44.793,80.69,62.006,103.599,20.707,6.0,15.501,13.183,20.575,83.435,67.019,25.713,66.991,66.505,18.511,25.049,89.675,10.686,47.462,28.045,19.774,102.107,17.503,12.309,4.0,64.433,52.491,57.785,129.521,58.442,15.474,21.354,20.632,14.032,27.878,17.305,3.0,-999.0,-999.0,
1938,77.246,62.871,99.647,55.191,41.569,2.0,-999.0,95.82,71.911,34.477,34.316,34.308,34.626,81.958,45.073,96.207,10.619,0.0,7.34,6.859,10.507,88.669,69.33,17.287,59.97,48.68,10.654,15.536,83.667,8.999,45.742,25.628,17.618,107.952,24.08,11.871,3.0,66.205,44.537,53.05,123.277,53.128,12.474,20.635,30.36,13.83,7.302,11.025,0.0,-999.0,-999.0,
1939,57.866,67.604,102.889,67.395,53.244,0.0,-999.0,96.208,73.158,36.513,41.901,36.383,37.159,89.452,60.197,111.652,7.861,0.0,7.707,10.422,18.49,87.143,65.623,27.584,70.375,61.508,10.999,21.369,100.524,11.431,54.538,33.32,27.754,118.039,27.063,19.962,1.0,75.79,53.745,67.314,136.56,59.807,9.959,19.759,29.26,18.595,18.9,18.072,0.0,-999.0,-999.0,
1940,56.176,63.703,59.438,56.0,49.838,3.0,-999.0,81.473,70.698,40.613,39.941,39.14,28.593,63.989,45.114,69.751,5.657,2.0,4.409,10.167,12.086,57.337,44.795,28.661,58.075,69.573,4.271,15.363,87.644,5.311,41.862,27.782,26.959,78.984,22.052,14.394,2.0,59.198,41.682,49.111,96.747,72.705,2.492,16.268,25.445,18.705,11.257,25.031,1.0,-999.0,-999.0,
1941,92.285,53.87,91.148,42.905,34.082,5.0,-999.0,105.806,93.404,26.351,49.976,48.909,36.066,61.175,60.793,105.742,13.825,3.0,14.873,17.32,14.23,95.741,63.039,17.395,51.996,43.594,17.779,25.618,54.824,11.761,66.887,23.353,32.456,68.623,18.169,22.812,8.0,76.119,42.668,84.8,89.18,37.71,10.998,33.099,23.878,27.926,20.645,8.106,0.0,-999.0,-999.0,
1942,70.031,73.723,73.315,55.391,40.549,2.0,-999.0,108.388,66.521,30.572,32.772,27.955,19.03,57.435,46.107,83.919,8.232,2.0,6.384,5.509,5.145,74.458,46.952,14.499,38.825,56.001,6.273,15.178,71.492,4.168,53.365,7.165,18.753,78.471,25.692,8.078,1.0,68.579,17.431,58.203,90.986,61.786,7.493,21.15,27.5,14.12,7.963,7.458,0.0,-999.0,-999.0,
1943,92.009,76.639,93.554,55.744,47.929,5.0,-999.0,101.616,82.331,23.648,42.699,39.453,24.378,73.343,55.719,103.623,5.85,3.0,13.038,5.936,10.389,100.277,55.964,15.385,56.291,53.094,9.238,26.154,94.128,10.22,63.94,10.892,23.555,93.508,15.953,15.994,5.0,69.513,37.217,72.402,109.367,58.762,3.512,28.049,18.813,24.214,15.439,14.592,0.0,-999.0,-999.0,
1944,93.536,73.916,94.201,48.576,41.163,14.0,-999.0,123.476,77.6,24.366,50.233,54.607,19.217,57.093,71.772,100.636,20.322,7.0,23.227,17.435,6.851,92.359,58.76,8.52,38.589,49.722,21.675,34.586,71.239,18.342,57.748,8.121,39.175,84.068,20.558,21.675,9.0,69.878,19.786,70.122,97.703,53.777,21.019,28.375,24.519,28.702,14.914,14.268,0.0,-999.0,-999.0,
1945,83.299,73.121,64.358,62.391,36.52,4.0,-999.0,119.97,69.032,31.9,24.592,20.316,16.917,54.932,37.147,87.901,6.487,2.0,8.944,4.325,8.415,79.166,37.822,17.312,35.209,60.282,8.677,17.882,86.955,6.409,46.805,14.465,23.088,76.85,23.787,16.033,2.0,60.43,25.359,46.288,110.303,48.312,8.513,18.24,23.666,18.468,7.716,8.43,0.0,-999.0,-999.0,
1946,46.463,63.079,70.621,55.281,46.561,1.0,-999.0,89.154,51.403,26.905,29.021,22.043,16.664,69.478,24.048,68.037,6.757,0.0,6.645,6.392,6.267,51.239,46.682,17.644,47.614,53.626,8.652,8.806,85.935,5.163,32.071,12.535,15.817,88.504,18.108,10.216,0.0,39.272,27.379,32.212,95.35,62.943,8.522,12.292,18.907,12.799,9.105,12.44,0.0,-999.0,-999.0,
1947,64.898,67.341,81.031,60.188,45.259,3.0,-999.0,84.404,65.776,25.502,44.263,31.603,42.27,71.374,37.825,110.605,12.808,1.0,11.55,17.403,20.257,79.081,58.437,18.691,52.996,56.2,11.682,14.016,87.36,8.581,43.687,16.98,19.588,-999.0,10.333,14.728,1.0,56.064,42.164,57.837,121.51,56.523,11.523,13.185,16.976,10.413,22.169,13.295,0.0,-999.0,-999.0,
1948,71.545,73.703,80.023,47.173,47.988,5.0,-999.0,104.163,65.817,20.631,32.528,29.824,27.818,62.248,36.928,108.288,8.961,4.0,10.497,11.886,16.1,87.718,44.231,14.125,49.926,53.327,10.543,13.251,79.533,7.833,44.157,20.511,19.45,99.246,10.935,13.512,4.0,59.562,36.683,52.665,122.664,57.205,9.008,13.213,14.105,11.871,20.886,12.971,2.0,-999.0,-999.0,
1949,59.698,60.808,64.901,54.995,35.753,10.0,-999.0,101.598,55.626,27.337,34.114,34.427,25.475,47.259,34.078,91.077,18.124,1.0,26.598,16.19,16.462,75.895,34.242,20.039,41.076,51.36,23.624,27.966,59.728,16.487,39.065,23.18,29.526,75.903,14.701,25.175,14.0,51.369,41.925,36.243,100.931,50.174,25.475,18.103,19.487,13.299,17.221,13.207,0.0,-999.0,-999.0,
1950,50.45,63.668,39.116,57.054,29.551,0.0,-999.0,105.233,54.162,23.126,9.586,7.515,5.751,28.924,6.254,80.101,1.537,0.0,6.694,1.693,5.33,58.773,12.485,9.274,21.581,57.366,6.233,6.827,64.7,2.211,33.546,8.595,5.3,52.346,21.243,3.093,0.0,50.725,18.787,19.524,100.907,51.044,4.744,9.092,20.852,1.897,3.416,6.485,0.0,-999.0,-999.0,
1951,95.812,65.024,77.878,57.857,39.006,0.0,-999.0,113.781,85.435,23.264,14.828,20.731,6.874,39.605,40.322,107.759,0.894,0.0,3.587,1.574,2.796,101.317,28.08,14.713,20.681,49.929,4.566,9.153,82.941,2.815,52.51,9.499,13.867,84.962,20.423,9.093,0.0,68.525,14.632,63.171,120.513,52.677,3.027,19.298,23.998,10.365,1.92,11.143,0.0,-999.0,-999.0,
1952,86.878,59.997,102.012,58.929,56.559,2.0,-999.0,104.855,81.783,25.883,45.862,50.427,23.878,88.966,69.807,102.758,17.942,7.0,14.86,12.838,9.076,101.789,71.089,14.612,57.103,50.855,17.943,20.774,79.665,11.072,60.165,24.518,38.256,113.522,25.427,26.181,11.0,74.798,40.411,74.55,117.68,51.405,12.513,27.102,27.799,24.708,13.312,17.511,0.0,-999.0,-999.0,
1953,92.512,65.363,107.781,52.029,49.807,11.0,-999.0,89.251,75.536,25.59,53.859,56.511,32.473,88.287,69.644,110.267,9.05,14.0,17.944,14.951,9.367,105.071,85.195,18.816,56.163,63.516,21.367,24.003,82.825,16.274,60.72,11.377,34.826,114.062,14.939,25.863,7.0,71.415,31.447,79.946,122.599,59.021,17.484,32.421,18.459,33.099,16.379,14.829,0.0,-999.0,-999.0,
1954,114.631,60.421,111.114,49.451,63.002,0.0,-999.0,98.773,109.325,19.036,51.394,54.039,28.927,95.137,70.359,118.682,1.995,3.0,3.301,6.636,6.679,114.907,84.278,19.063,56.15,49.498,3.692,13.689,86.3,5.089,69.097,10.107,26.368,117.631,6.133,12.16,1.0,94.165,30.224,92.719,129.413,57.825,2.502,29.137,10.987,14.217,8.117,24.825,0.0,-999.0,-999.0,
1955,77.153,52.152,81.199,56.557,50.906,6.0,-999.0,106.116,75.863,31.584,48.118,47.571,45.713,79.423,56.635,95.226,13.089,3.0,23.883,26.92,18.157,81.148,60.821,20.953,65.621,59.797,25.888,24.769,72.693,21.248,40.238,22.611,33.003,98.565,17.236,24.009,11.0,59.013,49.159,61.565,125.826,57.616,21.504,22.886,21.354,17.92,26.063,21.257,2.0,-999.0,-999.0,
1956,83.497,74.589,93.539,55.314,53.59,2.0,-999.0,92.964,81.619,23.935,28.152,23.435,32.097,100.518,41.967,99.314,2.54,0.0,8.375,5.467,7.487,86.108,64.596,16.282,63.642,46.641,6.997,10.666,88.564,3.953,47.484,8.362,9.756,127.745,20.321,5.207,3.0,74.164,34.446,57.472,141.693,61.283,2.502,21.11,22.829,3.752,8.444,12.971,0.0,-999.0,-999.0,
1957,73.09,54.797,61.178,54.795,35.272,5.0,-999.0,82.148,69.953,20.079,25.61,22.5,22.301,56.529,38.989,83.826,4.286,5.0,13.248,6.57,8.207,66.994,42.152,16.879,38.844,59.99,11.962,20.492,71.593,6.496,47.692,16.487,17.614,77.089,11.247,10.836,5.0,57.367,27.049,47.752,93.405,46.011,7.503,25.15,12.511,16.456,7.591,10.701,0.0,-999.0,-999.0,
1958,66.91,69.074,68.525,62.707,48.203,0.0,-999.0,105.001,76.523,39.169,12.987,10.877,14.296,53.478,24.872,88.122,0.532,0.0,2.498,1.501,8.955,67.472,33.397,17.352,34.072,58.308,3.355,7.733,72.045,1.649,37.318,16.043,3.083,92.153,32.775,1.725,0.0,59.387,33.683,42.842,103.606,64.435,1.492,13.572,40.748,2.832,5.992,15.596,3.0,-999.0,-999.0,
1959,68.815,58.526,66.962,62.935,51.589,3.0,-999.0,97.125,76.431,28.103,37.589,35.312,23.301,65.167,41.316,94.904,6.032,5.0,13.07,11.229,17.555,71.666,46.17,19.383,51.825,69.374,14.645,20.862,71.411,10.286,35.862,26.115,23.832,93.234,20.344,20.429,3.0,53.69,52.438,44.141,105.159,61.797,19.474,24.057,18.628,20.752,9.163,18.72,0.0,-999.0,-999.0,
1960,76.371,75.456,75.225,66.168,56.71,0.0,-999.0,91.837,83.264,34.314,24.188,22.083,17.261,59.809,35.854,98.154,1.444,0.0,2.659,4.509,11.105,82.911,44.399,26.679,41.33,72.386,4.011,8.28,73.279,2.41,36.546,21.081,7.528,77.603,23.415,1.734,0.0,62.864,35.46,48.42,113.632,68.452,3.502,15.72,24.281,4.459,7.2,36.591,0.0,-999.0,-999.0,
1961,42.794,66.467,53.337,66.075,36.872,0.0,-999.0,105.896,55.307,39.8,23.371,20.814,13.737,49.937,24.257,61.118,2.733,0.0,9.185,3.861,15.298,51.552,28.698,33.442,41.559,63.245,7.403,14.219,69.341,3.973,34.322,34.395,8.822,66.055,28.543,6.04,1.0,50.21,39.441,33.045,94.466,61.713,4.522,17.083,31.323,4.741,7.661,13.207,0.0,-999.0,-999.0,
1962,87.325,63.887,75.065,55.394,40.628,1.0,-999.0,119.91,87.128,22.038,25.009,23.209,10.382,59.244,36.803,106.687,2.176,0.0,4.178,5.038,2.856,91.117,43.863,10.002,28.689,55.711,2.708,8.135,79.565,4.068,33.531,7.255,16.269,80.711,16.908,12.399,0.0,67.359,14.121,58.857,117.275,54.227,4.473,13.118,16.51,6.432,3.897,8.549,0.0,-999.0,-999.0,
1963,57.584,56.818,82.705,45.205,50.096,8.0,-999.0,114.417,59.284,27.803,30.273,22.546,22.304,85.077,22.773,105.556,11.256,0.0,13.757,6.772,9.039,81.921,55.483,22.209,51.515,54.078,15.402,17.07,78.475,8.268,32.628,17.522,11.346,108.005,14.393,10.801,9.0,60.452,30.035,34.233,133.178,56.605,13.533,20.978,17.491,5.33,10.291,12.971,0.0,-999.0,-999.0,
1964,57.753,57.09,76.872,56.58,48.805,4.0,-999.0,97.797,43.9,18.422,42.271,42.145,27.923,72.356,55.516,88.864,2.911,2.0,10.63,14.757,19.425,77.582,48.396,19.892,50.292,52.217,12.381,18.916,82.089,9.656,25.679,15.402,25.105,86.964,13.152,15.163,5.0,42.571,40.364,50.268,107.364,55.68,8.008,24.677,12.924,13.76,20.984,16.656,0.0,-999.0,-999.0,
1965,43.963,53.761,67.257,48.676,28.509,0.0,-999.0,95.304,45.301,19.025,18.047,16.984,13.171,53.27,28.641,77.549,4.38,3.0,10.153,5.249,5.315,67.841,29.156,11.533,25.072,31.083,10.674,15.451,71.885,5.4,25.957,5.619,10.998,81.659,19.448,8.078,1.0,47.217,19.407,32.756,107.034,30.689,8.464,22.37,20.64,10.806,7.325,7.252,0.0,-999.0,-999.0,
1966,43.675,56.484,52.541,58.395,40.317,2.0,-999.0,76.073,44.742,29.61,33.526,30.709,21.167,57.266,34.767,65.958,1.995,2.0,11.461,13.069,13.141,59.118,34.354,25.014,41.461,69.468,11.075,24.858,68.566,10.296,33.842,16.476,18.281,72.927,18.021,17.298,2.0,40.528,34.427,35.574,92.147,60.069,3.492,28.249,16.842,17.599,14.094,22.024,0.0,-999.0,-999.0,
1967,24.708,45.364,42.745,66.506,31.02,1.0,-999.0,88.26,31.641,41.538,12.402,12.232,10.501,44.352,13.213,53.002,1.629,0.0,5.503,1.698,5.456,38.421,20.705,25.424,30.556,68.557,3.045,4.764,59.478,2.806,17.686,18.829,7.652,66.409,39.76,5.355,2.0,34.677,24.57,15.094,95.586,51.041,0.0,10.273,34.173,4.426,2.921,9.522,2.0,-999.0,-999.0,
1968,57.582,51.071,58.559,53.739,36.43,3.0,-999.0,95.869,62.499,24.158,29.7,27.086,22.686,59.477,41.683,62.228,2.453,0.0,11.943,9.565,8.562,63.508,34.737,13.366,42.633,57.022,8.015,16.393,66.853,5.353,40.183,8.684,13.766,60.237,22.11,12.463,3.0,61.329,26.643,46.607,81.983,45.721,6.007,22.07,20.075,10.7,9.754,12.646,0.0,-999.0,-999.0,
1969,55.269,65.515,73.299,56.31,40.335,2.0,-999.0,82.687,55.107,27.547,19.801,20.321,11.679,54.962,44.177,92.956,4.47,1.0,11.488,6.458,10.211,76.936,41.324,22.078,35.951,63.847,9.286,10.701,76.391,4.129,31.613,20.104,7.73,79.737,18.75,6.935,3.0,50.388,26.966,48.898,103.543,60.532,5.017,16.994,18.479,11.846,6.31,24.382,4.0,-999.0,-999.0,
1970,64.034,60.946,72.071,67.005,45.746,2.0,-999.0,102.26,70.336,39.329,24.959,23.177,25.813,76.535,40.963,76.013,8.781,0.0,12.666,6.51,18.28,76.246,45.067,29.152,57.808,58.355,13.08,12.196,76.037,2.927,43.215,25.816,10.408,88.637,29.795,4.236,0.0,68.087,46.693,47.766,96.831,58.877,11.008,21.854,26.55,7.003,12.83,15.153,0.0,-999.0,-999.0,
1971,41.456,61.423,67.149,59.952,41.995,0.0,-999.0,97.762,45.002,35.29,31.228,18.752,23.265,62.195,28.354,66.983,0.987,0.0,8.838,6.729,8.967,61.311,44.455,29.854,41.618,57.485,8.327,8.664,71.222,3.816,22.363,13.542,8.452,81.792,24.02,6.442,0.0,41.104,32.572,31.638,96.353,58.484,4.007,10.292,25.983,5.35,8.124,12.559,0.0,-999.0,-999.0,
1972,64.207,54.335,80.897,54.826,37.823,-999.0,-999.0,89.641,61.05,25.971,23.335,19.171,20.301,61.09,32.787,90.069,2.316,0.0,4.514,2.828,7.756,77.224,47.71,11.935,37.112,49.597,3.692,8.981,57.482,2.498,23.04,15.575,7.057,91.126,26.435,6.249,0.0,46.626,22.996,31.644,109.458,49.251,3.007,12.2,23.329,6.498,7.32,13.001,2.0,-999.0,-999.0,
1973,56.768,63.411,61.763,55.799,37.148,4.0,-999.0,101.619,53.121,32.521,22.373,22.329,18.617,60.053,37.505,69.429,4.237,3.0,16.211,8.406,9.934,67.133,41.233,21.972,43.33,59.558,11.69,18.176,65.418,6.782,28.267,19.255,12.891,71.785,25.868,13.159,10.0,44.328,35.915,35.845,87.724,52.378,7.473,19.177,23.465,10.508,9.696,11.349,0.0,-999.0,-999.0,
1974,48.027,65.427,50.699,58.624,44.618,2.0,-999.0,96.475,38.634,26.24,20.452,14.919,22.563,55.945,17.654,62.992,0.215,0.0,9.043,6.066,14.146,51.832,36.606,21.083,45.885,68.804,5.659,9.307,71.675,3.571,19.667,17.36,8.582,72.626,27.621,4.695,4.0,34.473,39.388,23.001,91.403,65.454,4.017,11.388,22.729,2.822,7.742,12.646,0.0,-999.0,-999.0,
1975,52.874,54.38,58.213,51.061,40.81,3.0,-999.0,110.488,40.508,19.866,26.825,25.808,29.2,67.272,44.816,67.416,5.759,0.0,13.108,5.453,14.467,55.746,50.843,11.391,46.01,43.039,10.749,9.775,63.986,7.04,37.297,11.824,9.124,66.941,15.838,8.102,4.0,53.681,37.833,41.029,88.851,46.479,16.145,14.096,16.226,5.735,12.73,13.295,1.0,-999.0,-999.0,
1976,41.959,49.88,47.165,51.844,43.3,2.0,-999.0,68.588,42.622,16.558,21.79,14.589,24.804,66.53,18.076,60.218,3.099,0.0,13.941,5.149,23.295,57.581,38.565,14.985,49.467,40.147,8.562,8.669,62.725,2.343,26.082,24.005,6.664,72.325,12.113,3.218,1.0,40.058,51.3,26.905,73.608,51.153,5.512,14.324,12.912,3.603,16.082,18.308,0.0,-999.0,-999.0,
1977,81.844,59.335,81.584,51.851,46.026,2.0,-999.0,104.965,80.409,28.733,28.025,28.557,25.054,60.37,42.751,99.592,7.93,0.0,12.808,8.417,9.066,84.61,45.592,14.392,35.066,65.281,9.604,14.835,84.62,5.934,51.902,11.594,15.667,93.588,24.088,10.769,7.0,77.239,27.178,55.176,113.564,54.753,9.017,24.883,26.392,12.49,9.846,15.241,1.0,-999.0,-999.0,
1978,83.085,67.19,80.973,57.772,46.201,1.0,-999.0,94.719,75.179,18.975,27.943,24.142,24.124,80.863,40.646,97.814,6.218,0.0,10.941,4.839,13.265,81.54,54.107,14.603,51.477,44.619,9.95,5.783,74.749,4.454,39.768,17.613,9.988,95.182,19.1,4.801,2.0,58.695,33.804,54.533,109.794,60.257,7.027,18.0,21.09,7.278,6.515,19.045,0.0,-999.0,-999.0,
1979,42.45,64.546,48.408,59.922,46.746,1.0,-999.0,91.023,48.425,28.903,16.503,10.159,12.989,62.502,17.977,69.389,2.642,0.0,10.925,1.648,4.275,49.378,30.439,18.785,36.153,60.549,10.11,6.725,71.084,4.414,24.035,12.173,2.061,85.148,18.097,4.168,3.0,44.636,23.25,21.378,96.174,61.221,8.522,12.291,21.77,5.518,1.465,18.839,0.0,-999.0,-999.0,
1980,86.808,63.084,99.571,48.306,55.223,4.0,-999.0,105.229,90.381,13.217,39.612,38.508,32.951,91.049,58.434,110.025,3.647,2.0,9.358,3.376,17.71,96.621,73.989,13.4,61.051,49.829,13.702,18.899,84.126,5.212,59.148,25.259,13.477,106.057,12.682,10.431,8.0,82.445,44.001,73.597,116.366,57.184,3.483,30.394,13.38,20.526,8.838,19.369,0.0,-999.0,-999.0,
1981,71.332,58.036,59.421,63.804,41.924,2.0,-999.0,116.715,73.488,27.604,10.543,13.858,12.647,54.451,22.294,93.519,1.537,0.0,5.965,2.91,5.659,74.708,28.941,20.662,32.735,75.249,4.676,12.163,61.107,3.091,40.827,16.071,6.417,83.581,23.335,7.369,5.0,66.599,27.113,35.73,99.505,62.88,3.997,16.603,27.38,6.099,3.344,16.038,0.0,-999.0,-999.0,
1982,57.798,50.083,60.164,41.748,36.869,3.0,-999.0,94.622,53.3,19.25,10.263,11.093,11.744,49.565,18.915,93.202,4.102,0.0,7.019,1.405,6.856,68.574,27.81,13.215,29.074,40.244,7.08,7.512,69.766,3.683,25.942,12.745,5.579,86.096,17.072,4.873,3.0,47.785,23.141,32.964,106.072,45.974,4.007,11.289,21.429,6.16,4.046,13.001,0.0,-999.0,-999.0,
1983,61.384,62.245,74.675,48.365,46.11,12.0,-999.0,87.951,63.912,18.626,53.165,52.839,46.778,75.56,63.821,70.715,3.837,-999.0,14.732,13.606,23.47,64.92,61.63,23.631,59.117,41.085,24.917,29.586,75.455,8.964,55.182,33.975,29.593,85.449,11.768,20.734,14.0,62.71,45.999,58.536,96.365,47.914,10.018,36.078,15.927,20.956,17.55,15.419,1.0,-999.0,-999.0,
1984,57.063,48.009,64.291,63.961,41.948,4.0,-999.0,84.879,56.978,24.103,25.475,22.373,21.347,73.145,33.869,62.934,5.488,0.0,8.369,3.158,10.634,60.749,45.04,24.329,43.129,52.526,9.369,12.642,61.272,2.5,28.705,21.487,9.761,86.565,17.554,6.687,4.0,48.275,24.048,39.033,112.994,52.467,3.997,14.189,18.285,13.969,6.944,8.933,0.0,-999.0,-999.0,
1985,52.507,61.203,68.468,52.266,45.826,0.0,-999.0,100.582,52.154,30.577,15.217,14.12,17.675,58.453,27.197,80.073,0.255,0.0,2.739,1.782,6.149,63.296,32.776,23.997,35.488,56.721,7.185,11.499,68.96,1.935,38.721,10.538,5.207,88.372,24.543,3.347,2.0,64.899,25.94,40.415,103.371,61.182,0.0,13.953,26.44,7.398,7.298,35.767,0.0,-999.0,-999.0,
1986,78.327,48.537,72.174,48.332,32.835,1.0,-999.0,116.228,75.991,28.903,21.755,22.844,15.936,57.417,40.942,97.139,0.436,0.0,2.361,4.615,6.809,82.506,38.508,15.638,33.904,64.453,6.825,13.73,55.834,2.557,54.369,10.504,9.584,77.55,28.081,5.613,2.0,78.929,18.301,51.887,96.374,57.408,0.0,27.956,25.016,19.229,6.732,12.559,2.0,-999.0,-999.0,
1987,74.781,47.44,75.844,51.049,37.99,2.0,-999.0,98.215,65.258,27.965,38.854,29.024,29.528,58.643,42.366,81.577,4.843,1.0,15.494,15.135,19.452,74.279,51.212,14.103,42.686,51.237,17.289,20.536,54.599,6.098,47.593,18.712,18.498,78.01,27.798,16.389,7.0,62.794,36.711,50.534,86.619,53.465,8.047,28.958,24.257,20.712,14.084,11.674,1.0,-999.0,-999.0,
1988,69.214,54.66,75.597,58.472,50.726,5.0,-999.0,89.549,53.425,34.658,55.826,51.575,46.496,72.188,50.099,76.82,10.255,20.0,27.819,26.934,34.361,69.849,55.463,37.615,54.657,73.341,28.972,33.187,56.745,16.076,46.98,43.032,39.749,82.42,25.874,35.766,10.0,58.449,49.057,56.069,103.617,70.706,14.008,37.273,26.749,35.001,33.637,29.544,0.0,-999.0,-999.0,
1989,43.984,72.936,42.279,50.183,38.865,0.0,-999.0,123.658,40.747,18.523,20.661,16.386,17.221,47.395,23.37,66.436,3.278,0.0,12.23,5.337,13.252,41.521,31.22,17.654,34.819,47.617,13.276,10.52,78.212,3.775,30.194,25.17,6.672,64.355,13.228,4.059,1.0,50.056,33.832,27.109,102.975,60.443,5.542,13.861,13.937,5.398,7.608,15.302,0.0,-999.0,-999.0,
1990,78.939,53.109,68.328,53.18,47.561,1.0,-999.0,120.135,81.304,35.135,20.071,17.658,16.559,68.082,32.778,97.833,0.713,0.0,9.96,2.419,5.722,79.748,39.591,22.516,46.231,62.489,5.694,10.253,67.283,3.089,40.237,16.062,4.733,88.558,29.569,3.024,2.0,72.746,34.107,46.408,101.542,64.123,4.027,15.503,25.359,5.21,4.95,11.704,1.0,-999.0,-999.0,
1991,52.453,50.276,63.046,56.082,33.485,5.0,-999.0,100.871,49.27,24.572,40.151,39.23,22.077,68.87,36.441,76.835,4.935,2.0,16.625,9.528,9.722,57.156,48.126,24.03,44.335,58.395,10.941,25.188,57.995,9.012,38.933,17.059,21.189,79.551,26.089,19.27,10.0,57.08,31.02,39.543,93.488,55.64,9.027,21.73,18.986,18.053,9.177,11.498,1.0,-999.0,-999.0,
1992,28.873,46.93,31.439,57.867,24.116,1.0,-999.0,85.068,35.504,28.633,7.948,6.12,3.102,31.932,14.112,61.008,3.004,-999.0,3.396,1.506,1.934,36.081,13.091,13.379,11.513,54.718,2.034,8.193,69.505,1.68,24.589,8.434,1.173,43.26,29.937,0.369,2.0,38.867,7.771,14.617,82.078,57.588,1.007,9.478,25.424,3.398,2.058,4.539,1.0,-999.0,-999.0,
1993,73.581,58.186,65.973,45.432,29.648,5.0,-999.0,102.528,78.411,9.171,16.574,21.029,3.972,45.789,41.24,89.638,6.577,2.0,15.087,3.476,1.771,73.187,28.333,3.947,16.275,33.004,12.17,24.871,75.304,8.341,51.345,2.575,15.17,73.574,14.689,17.12,8.0,68.172,5.974,52.08,99.735,46.892,6.512,26.39,13.37,27.184,1.185,5.187,1.0,-999.0,-999.0,
1994,29.74,70.752,44.574,53.75,47.096,1.0,-999.0,88.742,17.484,32.509,20.974,18.527,10.53,61.896,27.063,61.224,3.188,0.0,11.217,3.877,2.37,34.486,26.417,24.333,32.814,71.867,8.258,13.229,82.358,6.051,23.534,7.082,11.253,86.91,26.379,8.635,3.0,35.295,15.111,17.965,95.716,79.36,6.027,11.594,24.205,8.575,3.724,7.458,0.0,-999.0,-999.0,
1995,75.229,64.985,65.739,51.787,42.104,-999.0,-999.0,102.806,57.285,16.402,33.732,30.962,24.522,58.182,44.634,93.32,6.676,1.0,14.962,10.138,10.912,73.271,37.839,15.309,41.772,49.451,12.22,20.711,72.726,10.656,34.345,13.751,17.002,75.088,20.563,17.236,10.0,47.797,25.338,44.721,94.026,56.635,16.862,20.64,17.615,12.117,13.002,11.025,0.0,-999.0,-999.0,
1996,51.111,76.345,49.723,62.371,40.801,-999.0,-999.0,80.219,49.522,25.27,18.926,17.018,8.681,42.588,24.262,72.195,1.076,0.0,2.639,3.715,4.884,52.592,24.557,23.322,19.876,62.521,2.042,6.463,78.489,1.744,26.485,11.129,5.723,73.653,29.258,3.156,2.0,46.202,14.94,28.43,103.104,73.462,0.0,9.676,23.593,4.789,3.26,8.106,0.0,-999.0,-999.0,
1997,52.289,68.224,56.821,51.944,37.13,1.0,-999.0,89.281,46.06,16.666,20.47,16.139,15.66,51.434,24.555,84.18,1.353,0.0,13.66,3.771,4.342,53.572,30.925,10.45,36.091,43.422,9.563,17.93,76.889,3.835,32.339,9.461,6.813,77.603,17.318,7.116,7.0,44.979,17.423,31.992,97.336,49.226,0.0,18.354,16.978,4.674,2.873,7.782,0.0,-999.0,-999.0,
1998,91.332,63.842,90.617,44.887,44.247,-999.0,-999.0,109.253,71.941,35.273,22.07,19.6,15.05,72.026,42.807,108.301,2.182,1.0,6.218,7.904,6.374,95.275,41.471,27.381,42.102,52.118,4.985,15.057,90.8,1.976,50.157,11.338,10.314,113.008,29.91,6.677,3.0,84.85,21.586,52.515,128.296,52.573,0.705,19.554,28.973,6.689,3.892,13.974,0.0,-999.0,-999.0,
1999,59.111,45.666,69.946,47.501,35.389,-999.0,-999.0,85.935,62.253,20.911,30.333,34.131,18.183,52.775,56.352,85.341,5.583,2.0,22.465,8.879,9.539,71.201,41.511,17.933,33.203,52.34,20.027,32.873,70.72,9.442,41.755,7.294,23.236,78.444,21.567,20.276,16.0,58.76,21.684,56.436,108.116,52.242,9.793,23.229,19.181,22.973,9.268,7.782,1.0,-999.0,-999.0,
2000,73.339,80.715,71.284,53.941,56.973,-999.0,-999.0,89.878,66.22,26.422,11.705,9.418,14.203,78.63,27.198,95.082,0.0,0.0,3.793,0.92,5.562,80.176,41.698,28.088,53.472,63.544,1.985,9.531,97.782,1.867,30.933,8.017,1.598,99.052,18.825,2.264,2.0,56.785,29.545,44.158,116.673,73.932,0.0,9.736,17.606,2.832,1.714,14.71,0.0,-999.0,-999.0,
2001,35.935,70.83,59.478,59.545,52.196,-999.0,-999.0,85.815,34.644,27.648,26.214,21.068,19.321,66.3,25.38,63.424,6.496,0.0,17.142,10.706,14.878,44.235,34.93,27.088,45.205,77.415,16.665,16.089,83.752,9.464,21.734,14.6,11.896,85.175,20.82,11.251,8.0,55.484,33.628,25.12,92.152,70.263,12.513,11.003,21.839,5.474,11.6,18.514,0.0,-999.0,-999.0,
2002,66.929,78.374,63.308,56.814,56.331,-999.0,-999.0,87.433,69.816,23.543,37.709,39.216,26.731,73.416,52.371,79.529,11.991,0.0,29.673,12.545,11.527,61.094,43.52,19.431,57.917,69.08,27.646,33.164,90.309,13.603,51.704,14.357,30.89,87.53,24.905,26.951,18.0,62.499,39.608,53.952,99.167,72.118,12.464,28.997,22.187,17.199,10.39,22.436,0.0,-999.0,-999.0,
2003,34.269,80.229,47.688,61.295,53.724,1.0,-999.0,70.816,25.622,42.898,19.259,16.214,17.071,60.316,16.659,68.238,3.188,0.0,10.443,3.375,9.209,44.879,33.662,38.344,39.181,68.199,8.974,13.783,83.801,2.426,21.652,19.354,5.102,80.499,35.116,1.82,5.0,27.187,29.188,22.333,88.303,73.258,3.502,13.615,30.053,2.989,6.587,19.605,0.0,-999.0,-999.0,
2004,33.687,61.325,34.017,54.497,36.371,0.0,-999.0,88.013,44.576,29.401,6.834,5.94,3.544,43.016,10.45,70.286,0.255,0.0,3.023,1.023,2.837,42.115,11.431,13.266,26.155,56.015,2.993,8.318,70.58,1.131,26.074,4.489,2.065,72.493,26.357,0.459,0.0,47.067,17.409,13.499,77.203,54.292,0.0,12.622,26.99,1.483,0.743,8.43,1.0,-999.0,-999.0,
2005,55.784,59.286,87.37,46.054,51.056,1.0,-999.0,82.103,50.293,28.891,42.323,30.189,24.378,64.344,47.304,103.734,3.831,-999.0,19.086,11.99,11.469,77.519,48.125,23.058,45.646,58.68,15.916,24.585,74.527,11.755,39.348,12.158,21.396,94.022,23.59,21.466,17.0,54.399,31.917,46.143,115.011,54.025,4.988,17.602,21.935,11.831,14.707,17.011,0.0,-999.0,-999.0,
2006,82.216,50.921,70.656,56.87,47.124,5.0,-999.0,96.236,71.131,37.595,23.067,22.317,18.357,70.441,35.862,93.867,3.278,2.0,9.216,8.786,11.759,91.567,42.232,28.88,43.453,68.757,10.916,17.948,72.534,5.142,36.627,22.659,8.23,102.567,30.585,11.0,7.0,57.828,36.856,46.544,122.124,63.494,3.502,16.849,29.222,10.656,10.985,22.23,0.0,-999.0,-999.0,
2007,73.99,70.976,55.624,53.268,50.253,1.0,-999.0,92.308,66.292,36.794,31.737,37.169,15.334,55.527,64.9,75.043,5.295,1.0,13.236,8.95,10.449,79.331,38.992,36.083,37.687,72.749,14.57,13.087,72.801,7.101,54.424,16.621,17.739,76.443,19.792,17.052,6.0,68.103,31.271,61.953,68.865,72.741,5.988,25.546,21.773,17.817,7.448,18.72,0.0,-999.0,-999.0,
2008,54.661,60.095,44.585,64.202,42.252,2.0,-999.0,75.653,58.238,26.828,7.996,11.656,3.663,42.623,39.04,72.965,0.984,0.0,8.037,1.914,2.799,58.5,17.589,18.281,18.816,78.679,5.996,15.632,64.451,3.921,36.531,8.996,8.684,86.777,24.719,12.346,5.0,60.004,12.2,40.873,106.174,59.922,3.997,15.351,22.556,6.9,1.107,16.716,0.0,-999.0,-999.0,
2009,40.474,65.88,37.392,63.28,30.633,0.0,-999.0,99.448,51.059,29.033,9.561,8.081,5.265,39.686,16.844,74.718,1.718,0.0,6.179,2.083,3.115,51.645,17.316,15.105,16.923,61.135,7.956,5.592,77.789,2.142,25.941,4.759,3.994,75.035,29.635,4.667,7.0,43.996,12.35,17.077,106.201,56.694,0.502,7.918,29.512,2.627,2.054,-999.0,1.0,-999.0,-999.0,
2010,93.255,69.411,88.286,50.586,47.115,7.0,-999.0,104.661,85.534,19.507,29.705,35.375,12.012,66.523,61.734,109.785,6.122,1.0,19.961,5.623,6.476,95.584,43.413,12.366,32.583,63.187,19.673,27.509,80.202,8.889,62.302,8.799,20.046,97.591,17.612,20.112,17.0,85.99,22.072,66.77,103.403,58.61,7.968,31.044,18.66,14.684,3.659,13.473,1.0,-999.0,-999.0,
2011,82.974,71.895,85.233,48.977,51.327,1.0,-999.0,109.747,98.562,24.397,33.032,34.029,22.108,77.934,49.511,101.556,2.823,3.0,8.913,10.206,8.883,86.507,53.982,18.368,34.958,55.961,9.294,14.208,97.238,6.642,52.266,6.237,22.737,117.365,19.096,18.367,8.0,84.063,26.447,57.137,140.65,51.307,6.473,22.24,15.645,12.472,9.0,23.202,0.0,-999.0,-999.0,
2012,53.981,78.078,78.095,65.167,60.251,3.0,-999.0,80.509,58.913,32.701,50.901,48.446,42.208,80.903,54.833,81.751,4.665,5.0,16.109,16.262,17.545,66.272,63.647,30.771,66.109,78.047,13.981,18.826,100.421,8.905,34.468,17.145,30.365,109.333,20.355,16.337,14.0,51.268,49.195,51.588,117.458,65.336,4.473,19.388,20.766,15.62,19.366,34.877,0.0,-999.0,-999.0,
2013,31.673,65.671,57.883,58.988,48.341,2.0,-999.0,73.444,32.811,35.784,19.529,14.55,18.376,59.312,20.239,82.423,6.956,0.0,15.965,6.585,9.35,56.289,29.445,20.458,35.85,69.512,14.988,11.585,80.404,5.856,15.02,9.506,8.181,83.182,23.082,7.307,16.0,33.599,19.683,20.165,108.022,60.105,5.493,10.568,24.056,3.731,7.801,20.491,2.0,-999.0,-999.0,
2014,45.909,64.687,41.604,67.262,35.413,0.0,-999.0,89.689,49.33,29.611,7.865,8.671,3.137,53.03,26.595,67.18,1.54,2.0,2.823,0.518,1.614,52.519,22.667,17.039,22.073,62.132,4.96,8.671,71.178,1.658,26.21,4.241,3.339,85.29,29.806,2.155,0.0,59.001,9.875,21.364,101.127,56.272,2.978,8.586,23.959,2.149,1.343,9.079,0.0,-999.0,-999.0,
2015,59.554,68.66,66.785,65.395,44.238,2.0,-999.0,88.926,61.686,36.618,14.372,13.61,8.332,59.759,25.878,90.004,1.085,0.0,7.672,2.637,4.178,67.87,26.859,24.973,29.827,71.581,11.925,13.731,78.369,3.832,41.197,14.316,7.107,88.859,32.079,9.731,6.0,62.471,19.506,34.614,103.705,60.147,3.978,12.722,30.228,3.945,2.821,13.473,0.0,-999.0,-999.0,
2016,93.366,70.304,72.051,62.791,45.037,3.0,-999.0,98.194,80.611,28.884,23.511,21.723,12.907,62.349,51.815,93.326,3.752,5.0,18.628,6.494,5.996,83.272,39.999,19.577,34.607,73.005,16.268,23.254,81.917,9.842,47.949,8.529,20.849,93.915,25.012,18.583,17.0,73.12,27.129,60.281,97.936,61.659,5.988,22.169,22.065,12.913,3.012,21.905,0.0,-999.0,-999.0,
2017,36.773,81.135,48.365,67.55,42.084,3.0,-999.0,95.555,39.098,42.47,22.198,13.045,17.197,51.055,18.064,64.422,3.738,0.0,7.889,4.533,4.522,43.193,32.168,32.219,34.826,83.285,6.71,10.459,78.686,3.235,31.458,13.585,8.206,74.875,33.159,3.866,9.0,46.305,27.036,25.18,97.807,67.294,7.007,15.262,29.087,4.195,2.737,12.971,1.0,-999.0,-999.0,
2018,72.668,85.014,83.5,54.658,53.435,4.0,-999.0,93.949,62.448,30.58,31.32,30.712,21.729,69.298,40.956,108.2,4.938,1.0,17.84,11.077,8.018,80.271,55.083,18.213,34.981,76.166,15.407,19.702,89.106,9.656,40.708,13.073,19.709,96.758,30.614,11.252,17.0,62.723,22.999,54.156,115.882,74.713,13.493,14.317,22.954,7.899,7.174,13.886,1.0,-999.0,-999.0,
2019,95.043,70.677,67.729,57.533,47.368,3.0,-999.0,103.886,84.953,23.346,19.968,21.513,9.199,56.585,51.283,101.727,2.272,3.0,10.091,2.878,4.135,91.533,33.666,12.457,23.316,65.346,7.02,14.561,84.554,3.665,52.999,4.55,14.93,89.319,16.571,5.719,7.0,76.751,11.446,54.538,111.06,61.645,5.493,20.891,15.712,12.504,2.247,11.407,0.0,-999.0,-999.0,
2020,51.364,101.271,47.617,74.288,56.767,1.0,-999.0,109.991,48.728,26.618,19.975,20.942,20.77,65.762,24.463,78.961,3.738,2.0,14.627,10.631,8.71,56.197,31.545,23.599,45.187,87.767,16.086,17.073,99.1,8.574,32.207,11.612,17.627,90.754,27.759,19.323,17.0,50.148,27.821,34.936,111.06,80.942,15.999,15.098,21.673,13.775,6.002,20.137,0.0,-999.0,-999.0,
2021,38.359,76.49,57.413,68.591,53.584,2.0,-999.0,102.019,35.086,47.69,16.934,18.842,20.673,61.662,22.538,70.315,6.029,2.0,12.3,4.967,17.78,44.855,35.111,38.334,45.592,83.864,11.084,17.651,79.68,4.238,34.791,27.238,8.08,84.448,35.684,11.805,14.0,46.161,42.226,31.717,94.757,72.306,11.027,18.461,33.677,9.677,8.46,44.142,0.0,-999.0,-999.0,
