Year,AL,AZ,AR,CA,CO,CT,DE,FL,GA,ID,IL,IN,IA,KS,KY,LA,ME,MD,MA,MI,MN,MS,MO,MT,NE,NV,NH,NJ,NM,NY,NC,ND,OH,OK,OR,PA,RI,SC,SD,TN,TX,UT,VT,VA,WA,WV,WI,WY,AK,HI,PR,VI
1900,0.0,0.0,0.0,0.0,0.06,0.0,-999.0,0.0,0.0,0.04,0.117,0.016,0.333,0.021,0.0,0.0,0.039,-999.0,0.0,0.22,4.221,0.0,0.0,3.466,0.125,0.0,0.0,0.0,0.0,0.117,0.0,7.896,0.0,-999.0,0.023,0.0,0.0,0.0,0.932,0.0,0.0,0.0,0.0,0.0,0.0,0.006,1.343,0.133,-999.0,-999.0,-999.0,
1901,0.0,0.0,0.0,0.0,0.003,0.0,-999.0,0.0,0.0,0.04,0.065,0.153,2.074,0.015,0.0,0.0,0.539,-999.0,0.0,0.235,5.075,0.0,0.149,1.634,0.918,0.0,0.333,0.0,0.0,0.278,0.0,8.834,0.002,-999.0,0.021,0.0,0.0,0.0,2.111,0.0,0.0,0.0,1.5,0.0,0.0,0.012,1.156,0.0,-999.0,-999.0,-999.0,
1902,0.0,0.0,0.0,0.0,0.131,0.0,-999.0,0.0,0.0,0.001,0.058,0.001,0.581,0.013,0.0,0.0,0.039,-999.0,0.0,0.177,4.536,0.0,0.0,4.27,0.098,0.0,0.0,0.0,0.0,0.184,0.0,9.297,0.0,-999.0,0.011,0.0,0.0,0.0,2.227,0.001,0.0,0.0,0.5,0.0,0.001,0.019,1.104,0.0,-999.0,-999.0,-999.0,
1903,0.0,0.0,0.0,0.0,0.005,0.0,-999.0,0.0,0.0,0.0,0.056,0.101,0.497,0.009,0.0,0.0,0.039,-999.0,0.0,0.524,4.503,0.0,0.0,1.808,0.183,0.0,0.0,0.0,0.0,0.02,0.0,8.957,0.0,0.0,0.0,0.0,0.0,0.0,1.851,0.001,0.0,0.0,0.5,0.0,0.005,0.0,1.407,0.0,-999.0,-999.0,-999.0,
1904,0.0,0.0,0.0,0.0,0.01,0.0,-999.0,0.0,0.0,0.0,0.29,0.0,2.304,0.0,0.0,0.0,0.75,0.0,0.667,0.809,7.535,0.0,0.139,2.594,0.474,0.02,1.667,0.0,0.0,1.143,0.0,17.757,0.036,0.0,0.001,0.3,0.0,0.0,4.046,0.001,0.0,0.021,3.5,0.0,0.001,0.023,2.862,0.133,-999.0,-999.0,-999.0,
1905,0.0,0.0,0.0,0.0,0.604,0.0,-999.0,0.0,0.0,0.0,0.756,0.2,4.36,1.192,0.0,0.0,0.0,0.0,0.0,0.293,6.601,0.0,0.511,4.273,4.334,0.02,0.0,0.0,0.0,0.097,0.0,13.14,0.0,0.0,0.003,0.0,0.0,0.0,7.345,0.001,0.0,0.0,0.0,0.0,0.0,0.0,2.184,1.0,37.0,-999.0,-999.0,
1906,0.0,0.0,0.0,0.0,0.092,0.0,-999.0,0.0,0.0,0.0,0.009,0.0,0.122,0.0,0.0,0.0,0.0,0.0,0.0,0.105,1.195,0.0,0.0,1.892,0.059,0.02,0.0,0.0,0.0,0.328,0.0,5.684,0.0,0.0,0.0,0.0,0.0,0.0,0.309,0.0,0.0,0.002,0.0,0.0,0.002,0.0,0.233,0.0,47.0,-999.0,-999.0,
1907,0.0,0.0,0.0,0.0,0.005,0.0,-999.0,0.0,0.0,0.0,0.003,0.0,1.152,0.0,0.0,0.0,0.5,0.0,0.0,0.556,5.528,0.0,0.0,5.484,0.353,0.02,0.333,0.0,0.0,0.539,0.0,17.213,0.0,-999.0,0.0,0.0,0.0,0.0,4.313,0.0,0.0,0.02,1.995,0.0,0.056,0.0,1.376,0.0,28.0,-999.0,-999.0,
1908,0.0,0.0,0.0,0.0,0.022,0.0,-999.0,0.0,0.0,0.0,0.008,0.0,0.146,0.0,0.0,0.0,0.0,0.0,0.013,0.137,0.965,0.0,0.006,0.468,0.042,0.02,0.0,0.0,0.0,0.447,0.0,2.065,0.0,0.0,0.0,0.0,0.0,0.0,0.175,0.001,0.0,0.023,0.0,0.0,0.0,0.0,0.247,0.0,35.0,-999.0,-999.0,
1909,0.0,0.0,0.0,0.0,0.34,0.0,-999.0,0.0,0.0,0.316,0.0,0.0,1.83,0.03,0.0,0.0,0.102,0.0,0.0,0.189,6.398,0.0,0.062,10.872,1.125,0.02,0.0,0.0,0.0,0.02,0.0,20.686,0.0,0.0,0.275,0.0,0.0,0.0,7.54,0.0,0.0,0.101,0.0,0.0,0.597,0.0,1.435,0.0,35.0,-999.0,-999.0,
1910,0.0,0.0,0.0,0.0,0.422,0.0,-999.0,0.0,0.0,0.149,0.01,0.0,0.792,0.007,0.0,0.0,0.25,0.0,0.0,0.165,2.443,0.0,0.0,2.795,0.131,0.0,0.0,0.0,0.0,0.068,0.0,10.058,0.0,0.0,0.0,0.0,0.0,0.0,2.145,0.0,0.0,0.046,0.5,0.0,0.0,0.01,0.256,0.0,28.0,-999.0,-999.0,
1911,0.0,0.0,0.0,0.0,0.163,0.0,-999.0,0.0,0.0,0.0,0.012,0.0,1.07,0.12,0.0,0.0,0.0,0.0,0.0,0.174,4.573,0.0,0.044,3.782,1.398,0.0,0.0,0.0,0.0,0.014,0.0,13.105,0.0,0.0,0.002,0.0,0.0,0.0,3.864,0.0,0.0,0.0,0.0,0.0,0.023,0.0,0.547,0.0,50.0,-999.0,-999.0,
1912,0.0,0.0,0.0,0.0,0.267,0.0,-999.0,0.0,0.0,0.0,2.656,0.45,8.177,1.454,0.0,0.0,0.75,0.0,0.0,1.404,14.215,0.0,1.04,1.902,3.389,0.0,0.0,0.0,0.0,0.832,0.0,14.063,0.0,0.0,0.0,0.0,0.0,0.0,6.608,0.0,0.0,0.0,1.995,0.0,0.0,0.0,10.055,0.0,33.0,-999.0,-999.0,
1913,0.0,0.0,0.0,0.0,0.379,0.0,-999.0,0.0,0.0,0.0,0.012,0.0,0.219,0.003,0.0,0.0,0.0,0.0,0.0,0.34,3.087,0.0,0.0,3.485,0.284,0.02,0.0,0.0,0.0,0.02,0.0,9.86,0.0,0.0,0.0,0.0,0.0,0.0,1.199,0.0,0.0,0.022,0.0,0.0,0.006,0.0,0.946,0.5,37.0,-999.0,-999.0,
1914,0.0,0.0,0.0,0.001,0.092,0.0,-999.0,0.0,0.0,0.032,0.044,0.0,0.696,0.0,0.0,0.0,1.25,0.0,0.0,0.566,6.502,0.0,0.005,1.452,0.262,0.0,1.0,0.0,0.0,0.882,0.0,14.833,0.0,0.0,0.0,0.0,0.0,0.0,2.308,0.0,0.0,0.022,3.5,0.0,0.006,0.0,0.729,0.0,27.0,-999.0,-999.0,
1915,0.0,0.0,0.0,0.001,0.091,0.0,-999.0,0.0,0.0,0.0,0.11,0.0,0.283,0.0,0.0,0.0,0.0,0.0,0.0,0.222,2.434,0.0,0.007,0.832,0.054,0.0,0.0,0.0,0.0,0.02,0.0,5.336,0.0,0.0,0.0,0.0,0.0,0.0,0.322,0.0,0.0,0.0,0.0,0.001,0.0,0.0,0.812,0.0,56.0,-999.0,-999.0,
1916,0.0,0.0,0.0,0.0,0.191,0.0,-999.0,0.0,0.0,0.143,0.165,0.0,2.111,0.209,0.0,0.0,0.0,0.0,0.0,0.255,12.198,0.0,0.125,14.597,2.459,0.0,0.0,0.0,0.0,0.02,0.0,34.147,0.0,0.0,0.012,0.0,-999.0,0.0,11.778,0.0,0.0,0.0,0.0,0.0,0.0,0.01,1.835,1.133,49.0,-999.0,-999.0,
1917,0.0,0.0,0.0,0.0,0.008,2.0,-999.0,0.0,0.0,0.071,0.186,0.0,4.402,0.055,0.0,0.0,1.25,0.0,0.333,0.698,15.817,0.0,0.129,6.167,1.2,0.0,1.333,0.333,0.0,0.982,0.0,25.419,0.0,0.0,0.0,0.0,-999.0,0.0,8.186,0.0,0.0,0.046,3.0,0.0,0.0,0.2,4.506,0.5,76.0,-999.0,-999.0,
1918,0.0,0.0,0.0,0.0,0.497,1.0,-999.0,0.0,0.0,0.0,0.527,0.15,2.715,0.652,0.333,0.0,0.75,0.0,0.667,0.806,6.746,0.0,0.556,4.636,2.615,0.0,1.0,0.0,0.0,0.177,0.0,11.886,0.0,0.0,0.0,0.2,1.0,0.0,6.717,0.0,0.0,0.022,2.5,0.0,0.0,0.01,1.833,1.0,50.0,-999.0,-999.0,
1919,0.0,0.0,0.0,0.0,0.291,0.0,-999.0,0.0,0.0,0.429,0.285,0.001,2.161,0.227,0.0,0.0,0.5,0.0,0.0,0.326,8.8,0.0,0.044,8.297,0.939,0.0,0.333,0.0,0.0,0.022,0.0,18.021,0.0,0.0,0.333,0.0,0.0,0.0,4.528,0.0,0.0,0.025,0.0,0.0,0.273,0.01,1.863,0.0,46.0,-999.0,-999.0,
1920,0.0,0.0,0.0,0.0,0.001,-999.0,-999.0,0.0,0.0,0.0,0.079,0.0,0.275,0.0,0.0,0.0,0.0,0.0,0.0,0.358,4.04,0.0,0.0,2.129,0.172,0.0,0.0,0.0,0.0,0.069,0.0,12.755,0.0,0.0,0.0,0.0,0.0,0.0,0.906,0.0,0.0,0.001,1.0,0.0,0.0,0.015,1.549,0.0,48.0,-999.0,-999.0,
1921,0.0,0.0,0.0,0.0,0.0,-999.0,-999.0,0.0,0.0,0.0,0.008,0.0,0.146,0.0,0.0,0.0,0.0,0.0,0.0,0.125,1.024,0.0,0.0,2.143,0.048,0.0,0.0,0.0,0.0,0.018,0.0,2.734,0.0,0.0,0.0,0.0,0.0,0.0,0.604,0.0,0.0,0.001,0.0,0.0,0.0,0.01,0.125,0.0,43.0,-999.0,-999.0,
1922,0.0,0.0,0.0,0.0,0.374,0.0,-999.0,0.0,0.0,0.15,0.0,0.0,0.45,0.0,0.0,0.0,0.0,0.0,0.0,0.151,3.801,0.0,0.0,7.189,0.164,0.0,0.0,0.0,0.0,0.207,0.0,16.66,0.0,0.0,0.0,0.0,0.0,0.0,2.826,0.0,0.0,0.045,0.0,0.0,0.0,0.0,1.012,0.0,37.0,-999.0,-999.0,
1923,0.0,0.0,0.0,0.0,0.235,0.0,-999.0,0.0,0.0,0.008,0.012,0.0,0.192,0.0,0.0,0.0,0.0,0.0,0.0,0.151,2.847,0.0,0.0,4.24,0.446,0.0,0.0,0.0,0.0,0.022,0.0,8.405,0.0,0.0,0.0,0.0,0.0,0.0,2.011,0.001,0.0,0.022,0.0,0.0,0.046,0.0,0.549,0.5,48.0,-999.0,-999.0,
1924,0.0,0.0,0.0,0.0,0.454,0.0,-999.0,0.0,0.0,1.293,0.976,0.2,3.487,0.167,0.0,0.0,0.5,0.0,0.0,0.69,12.28,0.0,0.262,7.584,1.933,0.25,0.667,0.0,0.0,0.023,0.0,17.949,0.107,0.0,0.0,0.1,0.0,0.0,6.269,0.0,0.0,0.104,0.5,0.0,0.096,0.0,5.859,0.5,41.0,-999.0,-999.0,
1925,0.0,0.0,0.0,0.0,0.283,0.0,-999.0,0.0,0.0,0.0,0.119,0.001,0.637,0.0,0.0,0.0,0.0,0.0,0.0,0.151,1.425,0.0,0.0,0.514,0.074,0.0,0.0,0.0,0.0,0.138,0.0,4.751,0.0,0.0,0.0,0.0,0.0,0.0,1.247,0.0,0.0,0.0,0.0,0.0,0.0,0.0,0.595,0.0,51.0,-999.0,-999.0,
1926,0.0,0.0,0.0,0.0,0.122,0.0,-999.0,0.0,0.0,0.0,0.011,0.0,0.357,0.028,0.0,0.0,0.0,0.0,0.0,0.2,2.65,0.0,0.0,2.021,0.217,0.0,0.0,0.0,0.0,0.016,0.0,3.491,0.0,0.0,0.0,0.0,0.0,0.0,1.292,0.0,0.0,0.0,0.0,0.0,0.0,0.0,0.815,0.0,26.0,-999.0,-999.0,
1927,0.0,0.0,0.0,0.001,0.01,0.0,-999.0,0.0,0.0,0.068,0.012,0.0,0.618,0.0,0.0,0.0,0.0,0.0,0.0,0.142,6.697,0.0,0.0,5.852,0.657,0.0,0.0,0.0,0.0,0.016,0.0,15.603,0.0,0.0,0.0,0.0,0.0,0.0,4.607,0.0,0.0,0.024,0.0,0.0,0.045,0.0,0.721,0.5,42.0,-999.0,-999.0,
1928,0.0,0.0,0.0,0.0,0.009,0.0,-999.0,0.0,0.0,0.0,0.099,0.0,0.642,0.0,0.0,0.0,0.0,0.0,0.0,0.197,2.681,0.0,0.067,1.31,0.258,0.0,0.0,0.0,0.0,0.016,0.0,2.433,0.0,0.0,0.0,0.0,0.0,0.0,1.505,0.0,0.0,0.0,0.0,0.0,0.0,0.0,0.709,0.0,7.0,-999.0,-999.0,
1929,0.0,0.0,0.0,0.001,0.039,0.0,-999.0,0.0,0.0,0.143,0.012,0.0,0.938,0.0,0.0,0.0,0.0,0.0,0.0,0.384,9.81,0.0,0.0,6.982,0.682,0.0,0.0,0.0,0.0,0.122,0.0,20.06,0.0,0.0,0.083,0.0,0.0,0.0,7.493,0.0,0.0,0.001,0.0,0.0,0.0,0.0,2.304,0.0,29.0,-999.0,-999.0,
1930,0.0,0.0,0.0,0.0,0.282,0.0,-999.0,0.0,0.0,0.571,0.25,0.0,1.921,0.352,0.0,0.0,0.0,0.0,0.0,0.272,5.583,0.0,0.329,6.587,1.762,0.0,0.0,0.0,0.0,0.016,0.0,8.969,0.0,0.0,0.0,0.0,0.0,0.0,4.484,0.0,0.0,0.091,0.0,0.0,0.182,0.0,1.266,0.5,44.0,-999.0,-999.0,
1931,0.0,0.0,0.0,0.0,0.055,0.0,-999.0,0.0,0.0,0.0,0.012,0.0,0.105,0.0,0.0,0.0,0.0,0.0,0.0,0.125,0.21,0.0,0.0,0.321,0.047,0.0,0.0,0.0,0.0,0.02,0.0,0.348,0.0,0.0,0.0,0.0,0.0,0.0,0.131,0.0,0.0,0.0,0.0,0.0,0.0,0.0,0.12,0.0,27.0,-999.0,-999.0,
1932,0.0,0.0,0.0,0.0,0.317,0.0,-999.0,0.0,0.0,0.0,0.012,0.0,0.789,0.056,0.0,0.0,0.0,0.0,0.0,0.22,4.114,0.0,0.0,7.876,0.623,0.5,0.0,0.0,0.0,0.02,0.0,9.351,0.0,0.0,0.083,0.0,0.0,0.0,4.478,0.0,0.0,0.091,0.0,0.0,0.0,0.0,0.909,2.0,40.0,-999.0,-999.0,
1933,0.0,0.0,0.0,0.0,1.306,0.0,-999.0,0.0,0.0,0.643,0.508,0.0,2.191,0.333,0.0,0.0,1.0,0.0,0.5,0.495,7.391,0.0,0.333,3.761,1.729,0.25,0.667,0.0,0.0,0.231,0.0,10.376,0.0,0.0,0.083,0.0,0.0,0.0,3.67,0.0,0.0,0.0,1.0,0.0,0.0,0.0,2.958,1.5,55.0,-999.0,-999.0,
1934,0.0,0.0,0.0,0.0,0.01,0.0,-999.0,0.0,0.0,0.0,0.012,0.0,0.243,0.0,0.0,0.0,0.25,0.0,0.333,0.568,3.011,0.0,0.0,0.909,0.048,0.0,0.667,0.0,0.0,0.926,0.0,5.444,0.001,0.0,0.0,0.1,0.0,0.0,0.394,0.0,0.0,0.0,1.0,0.0,0.0,0.0,0.669,0.0,34.0,-999.0,-999.0,
1935,0.0,0.0,0.0,0.0,0.009,0.0,-999.0,0.0,0.0,0.214,0.012,0.0,1.009,0.0,0.0,0.0,0.0,0.0,0.0,0.263,4.969,0.0,0.0,4.547,0.602,0.0,0.0,0.0,0.0,0.163,0.0,9.553,0.0,0.0,0.0,0.0,0.0,0.0,2.854,0.0,0.0,0.0,0.0,0.0,0.182,0.0,1.278,0.5,43.0,-999.0,-999.0,
1936,0.0,0.0,0.0,0.0,0.009,0.0,-999.0,0.0,0.0,0.071,1.892,0.37,8.216,0.056,0.0,0.0,0.0,0.0,0.0,0.453,19.636,0.0,0.2,10.928,4.693,0.0,0.0,0.0,0.0,0.02,0.0,34.755,0.179,0.0,0.0,0.0,0.0,0.0,19.45,0.0,0.0,0.0,0.0,0.0,0.0,0.0,8.865,0.5,43.0,-999.0,-999.0,
1937,0.0,0.0,0.0,0.053,0.419,0.0,-999.0,0.0,0.0,0.786,0.012,0.0,0.729,0.028,0.0,0.0,0.0,0.0,0.0,0.125,5.593,0.0,0.0,9.68,1.358,0.25,0.0,0.0,0.0,0.02,0.0,24.126,0.001,0.0,0.089,0.0,0.0,0.0,6.442,0.0,0.0,1.182,0.0,0.0,0.045,0.0,0.286,1.5,28.0,-999.0,-999.0,
1938,0.0,0.0,0.0,0.0,0.01,0.0,-999.0,0.0,0.0,0.0,0.012,0.004,0.105,0.0,0.0,0.0,0.0,0.0,0.0,0.225,3.188,0.0,0.0,2.859,0.066,0.0,0.0,0.0,0.0,0.02,0.0,8.258,0.001,0.0,0.0,0.0,0.0,0.0,0.777,0.0,0.0,0.0,0.5,0.0,0.0,0.0,0.673,0.0,45.0,-999.0,-999.0,
1939,0.0,0.0,0.0,0.0,0.01,0.0,-999.0,0.0,0.0,0.0,0.012,0.004,0.178,0.0,0.0,0.0,0.0,0.0,0.0,0.125,1.876,0.0,0.0,3.254,0.311,0.0,0.0,0.0,0.0,0.02,0.0,8.465,0.001,0.0,0.0,0.0,0.0,0.0,2.37,0.0,0.0,0.0,0.0,0.0,0.0,0.0,0.21,0.0,40.0,-999.0,-999.0,
1940,0.0,0.0,0.0,0.0,0.01,0.0,-999.0,0.0,0.0,0.0,0.162,0.051,0.899,0.0,0.0,0.0,0.0,0.0,0.0,0.287,3.245,0.0,0.044,2.283,0.325,0.0,0.0,0.0,0.0,0.02,0.0,4.942,0.346,0.0,0.0,0.0,0.0,0.0,1.876,0.0,0.0,0.001,0.0,0.0,0.0,0.0,1.407,0.0,19.0,-999.0,-999.0,
1941,0.0,0.0,0.0,0.0,0.01,0.0,-999.0,0.0,0.0,0.0,0.012,0.0,0.107,0.0,0.0,0.0,0.0,0.0,0.0,0.125,1.408,0.0,0.006,0.928,0.042,0.0,0.0,0.0,0.0,0.02,0.0,4.078,0.001,0.0,0.0,0.0,0.0,0.0,0.216,0.0,0.0,0.001,0.0,0.0,0.0,0.0,0.358,0.0,47.0,-999.0,-999.0,
1942,0.0,0.0,0.0,0.0,0.061,1.0,-999.0,0.0,0.0,0.0,0.454,0.0,2.504,0.028,0.0,0.0,0.5,0.0,0.0,0.563,5.518,0.0,0.029,1.762,0.315,0.0,0.333,0.0,0.0,0.469,0.0,5.977,0.0,0.0,0.0,0.0,0.0,0.0,2.27,0.0,0.0,0.0,1.0,0.0,0.0,0.0,3.796,0.0,34.0,-999.0,-999.0,
1943,0.0,0.0,0.0,0.0,0.122,0.0,-999.0,0.0,0.0,0.0,0.012,0.0,1.345,0.194,0.0,0.0,0.5,0.0,0.5,0.22,6.899,0.0,0.089,5.871,0.917,0.0,0.0,0.0,0.0,0.729,0.0,12.183,0.0,0.0,0.0,0.0,0.0,0.0,3.93,0.0,0.0,0.024,0.5,0.0,0.136,0.0,0.95,0.0,38.0,-999.0,-999.0,
1944,0.0,0.0,0.0,0.0,0.01,0.0,-999.0,0.0,0.0,0.0,0.013,0.0,0.118,0.0,0.0,0.0,0.0,0.0,0.0,0.125,0.295,0.0,0.0,0.254,0.082,0.0,0.0,0.0,0.0,0.02,0.0,1.769,0.0,0.0,0.0,0.0,0.0,0.0,0.485,0.0,0.0,0.0,0.0,0.0,0.0,0.0,0.12,0.0,21.0,-999.0,-999.0,
1945,0.0,0.0,0.0,0.0,0.01,0.0,-999.0,0.0,0.0,0.0,0.013,0.0,0.126,0.0,0.0,0.0,0.0,0.0,0.0,0.246,2.904,0.0,0.0,0.496,0.047,0.0,0.0,0.0,0.0,0.162,0.0,8.037,0.0,0.0,0.0,0.001,0.0,0.0,0.541,0.0,0.0,0.0,0.5,0.0,0.0,0.0,0.735,0.0,17.0,-999.0,-999.0,
1946,0.0,0.0,0.0,0.0,0.01,0.0,-999.0,0.0,0.0,0.0,0.012,0.004,0.166,0.0,0.0,0.0,0.0,0.0,0.0,0.145,2.375,0.0,0.0,0.912,0.071,0.0,0.0,0.0,0.0,0.02,0.0,6.38,0.0,0.0,0.013,0.0,0.0,0.0,0.626,0.0,0.0,0.024,0.0,0.0,0.001,0.0,0.325,0.0,43.0,-999.0,-999.0,
1947,0.0,0.0,0.0,0.0,0.01,0.0,-999.0,0.0,0.0,0.0,0.012,0.004,0.143,0.0,0.0,0.0,0.0,0.0,0.0,0.173,1.473,0.0,0.0,0.73,0.052,0.0,0.0,0.0,0.0,0.02,0.0,3.12,0.0,-999.0,0.0,0.0,0.0,0.0,0.181,0.0,0.0,0.024,0.0,0.0,0.0,0.0,0.275,0.0,34.0,-999.0,-999.0,
1948,0.0,0.0,0.0,0.0,0.01,0.0,-999.0,0.0,0.0,0.0,0.014,0.011,0.46,0.0,0.0,0.0,0.0,0.0,0.0,0.151,5.875,0.0,0.0,0.962,0.09,0.0,0.0,0.0,0.0,0.168,0.0,9.892,0.0,0.0,0.0,0.0,0.0,0.0,1.419,0.0,0.0,0.0,0.0,0.0,0.0,0.0,0.947,0.0,54.0,-999.0,-999.0,
1949,0.0,0.0,0.0,0.0,0.257,0.0,-999.0,0.0,0.0,0.143,0.014,0.015,0.313,0.028,0.0,0.0,0.0,0.0,0.0,0.114,2.87,0.0,0.0,7.65,0.76,0.25,0.0,0.0,0.0,0.02,0.0,18.122,0.0,0.0,0.083,0.0,0.0,0.0,3.778,0.0,0.0,0.024,0.0,0.0,0.003,0.0,0.371,0.5,40.0,-999.0,-999.0,
1950,0.0,0.0,0.0,0.0,0.01,0.0,-999.0,0.0,0.0,0.429,0.012,0.015,0.656,0.001,0.0,0.0,0.0,0.0,0.0,0.152,6.155,0.0,0.0,8.74,0.784,0.0,0.0,0.0,0.0,0.329,0.0,22.801,0.0,0.0,0.013,0.0,0.0,0.0,4.618,0.0,0.0,0.091,0.0,0.0,0.999,0.0,0.49,0.0,49.0,-999.0,-999.0,
1951,0.0,0.0,0.0,0.0,0.317,0.0,-999.0,0.0,0.0,0.0,0.258,0.015,1.601,0.026,0.0,0.0,0.0,0.0,0.0,0.272,8.044,0.0,0.067,7.54,0.726,0.0,0.0,0.0,0.0,0.186,0.0,20.148,0.0,0.0,0.013,0.0,0.0,0.0,4.717,0.0,0.0,0.0,0.0,0.0,0.0,0.0,2.283,1.5,47.0,-999.0,-999.0,
1952,0.0,0.0,0.0,0.0,0.092,0.0,-999.0,0.0,0.0,0.0,0.012,0.015,0.208,0.0,0.0,0.0,0.0,0.0,0.0,0.125,2.126,0.0,0.01,2.594,0.124,0.0,0.0,0.0,0.0,0.02,0.0,6.135,0.0,0.0,0.013,0.0,0.0,0.0,1.078,0.0,0.0,0.364,0.0,0.0,0.0,0.0,0.343,0.0,35.0,-999.0,-999.0,
1953,0.0,0.0,0.0,0.0,0.01,0.0,-999.0,0.0,0.0,0.0,0.012,0.015,0.106,0.0,0.0,0.0,0.0,0.0,0.0,0.115,0.942,0.0,0.0,0.35,0.064,0.0,0.0,0.0,0.0,0.02,0.0,1.793,0.0,0.0,0.0,0.0,0.0,0.0,0.197,0.0,0.0,0.0,0.0,0.0,0.0,0.0,0.165,0.0,41.0,-999.0,-999.0,
1954,0.0,0.0,0.0,0.0,0.092,0.0,-999.0,0.0,0.0,0.0,0.012,0.0,0.262,0.0,0.0,0.0,0.0,0.0,0.0,0.194,4.122,0.0,0.0,5.59,0.098,0.0,0.0,0.0,0.0,0.566,0.0,10.048,0.0,0.0,0.0,0.0,0.0,0.0,2.065,0.0,0.0,0.004,0.5,0.0,0.0,0.0,0.596,0.0,61.0,-999.0,-999.0,
1955,0.0,0.0,0.0,0.0,0.092,0.0,-999.0,0.0,0.0,0.0,0.012,0.1,0.319,0.0,0.0,0.0,0.0,0.0,0.0,0.194,3.366,0.0,0.0,2.828,0.047,0.0,0.333,0.0,0.0,0.708,0.0,7.204,0.0,0.0,0.013,0.0,0.0,0.0,1.082,0.0,0.0,0.0,1.0,0.0,0.0,0.0,0.344,0.0,56.0,-999.0,-999.0,
1956,0.0,0.0,0.0,0.001,0.01,0.0,-999.0,0.0,0.0,0.143,0.032,0.0,0.165,0.0,0.0,0.0,0.0,0.0,0.0,0.125,2.408,0.0,0.0,2.604,0.05,0.0,0.0,0.0,0.0,0.02,0.0,8.422,0.0,0.0,0.0,0.0,0.0,0.0,1.181,0.0,0.0,0.0,0.0,0.0,0.0,0.0,0.219,0.0,89.0,-999.0,-999.0,
1957,0.0,0.0,0.0,0.001,0.175,0.0,-999.0,0.0,0.0,0.286,0.012,0.0,0.129,0.0,0.0,0.0,1.0,0.0,0.5,0.177,2.417,0.0,0.0,4.773,0.083,0.0,0.333,0.0,0.0,0.467,0.0,8.881,0.0,0.0,0.0,0.0,0.0,0.0,1.288,0.0,0.0,0.0,1.0,0.0,0.227,0.0,0.74,0.0,33.0,-999.0,-999.0,
1958,0.0,0.0,0.0,0.0,0.01,0.0,-999.0,0.0,0.0,0.0,0.012,0.0,0.2,0.0,0.0,0.0,0.0,0.0,0.0,0.275,1.782,0.0,0.0,0.687,0.05,0.0,0.0,0.0,0.0,0.292,0.0,5.417,0.0,0.0,0.0,0.0,0.0,0.0,0.433,0.0,0.0,0.0,0.0,0.005,0.0,0.0,0.195,0.0,23.0,-999.0,-999.0,
1959,0.0,0.0,0.0,0.0,0.065,0.0,-999.0,0.0,0.0,0.0,0.051,0.0,0.298,0.0,0.0,0.0,0.0,0.0,0.0,0.284,3.191,0.0,0.0,2.983,0.429,0.0,0.0,0.0,0.0,0.185,0.0,9.126,0.0,0.0,0.083,0.0,0.0,0.0,0.873,0.0,0.0,0.0,0.5,0.0,0.0,0.0,1.138,0.5,46.0,-999.0,-999.0,
1960,0.0,0.0,0.0,0.0,0.01,0.0,-999.0,0.0,0.0,0.0,0.012,0.0,0.182,0.0,0.0,0.0,0.5,0.0,0.0,0.22,1.741,0.0,0.0,1.207,0.05,0.0,0.0,0.0,0.0,0.019,0.0,3.413,0.0,0.0,0.0,0.0,0.0,0.0,0.326,0.0,0.0,0.0,0.0,0.0,0.0,0.0,0.265,0.0,23.0,-999.0,-999.0,
1961,0.0,0.0,0.0,0.0,0.055,0.0,-999.0,0.0,0.0,0.0,0.01,0.0,0.14,0.0,0.0,0.0,0.0,0.0,0.0,0.177,1.675,0.0,0.0,1.623,0.06,0.0,0.0,0.0,0.0,0.477,0.0,5.535,0.0,0.0,0.0,0.0,0.0,0.0,0.718,0.0,0.0,0.0,0.5,0.0,0.0,0.0,0.218,0.0,55.0,-999.0,-999.0,
1962,0.0,0.0,0.0,0.0,0.022,0.0,-999.0,0.0,0.0,0.071,0.191,0.056,2.39,0.0,0.0,0.0,0.75,0.0,0.0,0.229,8.254,0.0,0.111,5.369,0.527,0.0,0.0,0.0,0.0,0.472,0.0,14.209,0.036,0.0,0.0,0.0,0.0,0.0,4.481,0.0,0.0,0.045,1.0,0.0,0.0,0.0,1.684,1.0,36.0,-999.0,-999.0,
1963,0.0,0.0,0.0,0.0,0.963,0.0,-999.0,0.0,0.0,0.357,0.301,0.187,3.575,0.139,0.0,0.0,0.0,0.0,0.0,0.876,12.242,0.0,0.222,4.653,2.225,0.0,0.0,0.0,0.0,0.137,0.0,15.905,0.214,0.0,0.089,0.2,0.0,0.0,6.661,0.0,0.0,0.136,0.0,0.0,0.006,0.0,6.848,1.5,35.0,-999.0,-999.0,
1964,0.0,0.0,0.0,0.0,0.009,0.0,-999.0,0.0,0.0,0.0,0.012,0.0,0.294,0.001,0.0,0.0,0.0,0.0,0.0,0.125,1.349,0.0,0.0,2.845,0.395,0.0,0.0,0.0,0.0,0.02,0.0,7.356,0.0,0.0,0.25,0.0,0.0,0.0,1.153,0.0,0.0,0.002,0.0,0.0,0.227,0.0,0.147,0.0,65.0,-999.0,-999.0,
1965,0.0,0.0,0.0,0.0,0.009,0.0,-999.0,0.0,0.0,0.0,0.134,0.0,0.437,0.0,0.0,0.0,0.0,0.0,0.0,0.28,7.153,0.0,0.067,1.633,0.04,0.0,0.333,0.0,0.0,0.59,0.0,12.384,0.0,0.0,0.0,0.0,0.0,0.0,1.42,0.0,0.0,0.002,1.0,0.0,0.0,0.0,2.233,0.0,53.0,-999.0,-999.0,
1966,0.0,0.0,0.0,0.0,0.175,0.0,-999.0,0.0,0.0,0.0,0.764,0.0,2.32,0.0,0.0,0.0,0.0,0.0,0.0,0.229,7.9,0.0,0.092,2.873,0.748,0.0,0.0,0.0,0.0,0.02,0.0,16.112,0.0,0.0,0.0,0.0,0.0,0.0,4.409,0.0,0.0,0.0,0.0,0.0,0.003,0.0,2.193,0.0,69.0,-999.0,-999.0,
1967,0.0,0.0,0.0,0.0,0.01,0.0,-999.0,0.0,0.0,0.0,0.012,0.0,0.194,0.0,0.0,0.0,0.0,0.0,0.0,0.151,3.185,0.0,0.0,0.946,0.047,0.0,0.0,0.0,0.0,0.423,0.0,6.863,0.0,0.0,0.013,0.0,0.0,0.0,0.603,0.0,0.0,0.002,0.0,0.0,0.0,0.0,0.737,0.0,47.0,-999.0,-999.0,
1968,0.0,0.0,0.0,0.0,0.01,0.0,-999.0,0.0,0.0,0.571,0.055,0.05,0.869,0.0,0.0,0.0,1.75,0.0,0.0,0.318,5.768,0.0,0.045,4.549,1.03,0.0,0.667,0.0,0.0,1.487,0.0,10.78,0.001,0.0,0.167,0.0,0.0,0.0,3.54,0.0,0.0,0.002,2.0,0.0,0.864,0.0,1.566,0.0,48.0,-999.0,-999.0,
1969,0.0,0.0,0.0,0.0,0.175,0.0,-999.0,0.0,0.0,0.0,0.083,0.0,0.729,0.0,0.0,0.0,0.0,0.0,0.0,0.151,3.729,0.0,0.0,7.817,0.177,0.0,0.0,0.0,0.0,0.02,0.0,15.282,0.0,0.0,0.0,0.0,0.0,0.0,2.287,0.0,0.0,0.0,0.0,0.0,0.045,0.0,1.479,0.0,43.0,-999.0,-999.0,
1970,0.0,0.0,0.0,0.0,0.01,0.0,-999.0,0.0,0.0,0.0,1.604,0.36,5.051,0.0,0.0,0.0,0.0,1.0,0.0,0.272,9.321,0.0,0.0,2.362,0.493,0.0,0.0,0.0,0.0,0.632,0.0,13.084,0.571,0.0,0.0,0.0,0.0,0.0,4.488,0.0,0.0,0.0,0.0,0.0,0.0,0.0,3.447,0.0,36.0,-999.0,-999.0,
1971,0.0,0.0,0.0,0.0,0.257,0.0,-999.0,0.0,0.0,0.0,0.215,0.0,1.012,0.0,0.0,0.0,1.5,0.0,0.0,0.289,4.882,0.0,0.0,4.374,0.047,0.0,0.0,0.0,0.0,0.523,0.0,13.935,0.0,0.0,0.0,0.0,0.0,0.0,1.869,0.0,0.0,0.0,0.0,0.0,0.0,0.0,2.793,0.0,62.0,-999.0,-999.0,
1972,0.0,0.0,0.0,0.0,0.061,-999.0,-999.0,0.0,0.0,0.286,0.702,0.36,2.552,0.001,0.0,0.0,0.0,0.0,0.0,0.712,8.515,0.0,0.077,11.046,1.217,0.25,0.0,0.0,0.0,0.138,0.0,19.579,0.167,0.0,0.0,0.0,0.0,0.0,6.228,0.0,0.0,0.091,0.0,0.0,0.0,0.0,3.012,0.0,46.0,-999.0,-999.0,
1973,0.0,0.0,0.0,0.0,0.01,0.0,-999.0,0.0,0.0,0.0,0.027,0.0,0.826,0.0,0.0,0.0,0.461,0.0,0.0,0.125,4.193,0.0,0.013,2.085,0.064,0.0,0.0,0.0,0.0,0.068,0.0,8.985,0.0,0.0,0.0,0.0,0.0,0.0,2.146,0.0,0.0,0.091,0.5,0.0,0.0,0.0,0.439,0.0,39.0,-999.0,-999.0,
1974,0.0,0.0,0.0,0.0,0.092,0.0,-999.0,0.0,0.0,0.0,0.012,0.0,0.998,0.0,0.0,0.0,0.0,0.0,0.0,0.201,4.058,0.0,0.0,1.86,0.546,0.0,0.0,0.0,0.0,0.069,0.0,10.874,0.0,0.0,0.167,0.006,0.0,0.0,1.947,0.0,0.0,0.0,0.0,0.0,0.0,0.0,0.741,0.0,29.0,-999.0,-999.0,
1975,0.0,0.0,0.0,0.0,0.114,0.0,-999.0,0.0,0.0,0.0,0.012,0.0,0.222,0.0,0.0,0.0,0.0,0.0,0.0,0.151,2.112,0.0,0.003,2.312,0.047,0.0,0.0,0.0,0.0,0.137,0.0,5.04,0.0,0.0,0.0,0.006,0.0,0.0,0.895,0.0,0.0,0.0,0.005,0.0,0.0,0.0,0.541,0.0,53.0,-999.0,-999.0,
1976,0.0,0.0,0.0,0.0,0.0,0.0,-999.0,0.0,0.0,0.0,0.012,0.0,0.754,0.0,0.0,0.0,0.0,0.0,0.0,0.229,4.583,0.0,0.0,1.655,0.489,0.0,0.0,0.0,0.0,0.631,0.0,6.693,0.0,0.0,0.0,0.0,0.0,0.0,2.252,0.0,0.0,0.0,1.0,0.0,0.0,0.0,1.805,0.0,39.0,-999.0,-999.0,
1977,0.0,0.0,0.0,0.0,0.022,0.0,-999.0,0.0,0.0,0.0,1.04,1.23,2.751,0.0,0.167,0.0,0.539,1.0,0.0,0.328,9.306,0.0,0.689,2.36,0.168,0.0,0.0,0.0,0.0,0.231,0.0,16.509,0.869,0.0,0.0,0.6,0.0,0.0,2.691,0.0,0.0,0.0,0.0,0.0,0.0,0.251,3.134,0.0,33.0,-999.0,-999.0,
1978,0.0,0.0,0.0,0.0,0.0,0.0,-999.0,0.0,0.0,0.5,0.273,0.0,1.035,0.0,0.0,0.0,0.0,0.0,0.0,0.118,3.594,0.0,0.0,6.334,0.351,0.0,0.0,0.0,0.0,0.02,0.0,17.362,0.0,0.0,0.0,0.0,0.0,0.0,4.268,0.0,0.0,0.045,0.0,0.0,0.182,0.0,0.731,0.0,9.0,-999.0,-999.0,
1979,0.0,0.0,0.0,0.0,0.093,0.0,-999.0,0.0,0.0,0.357,0.426,0.1,2.522,0.0,0.0,0.0,0.5,0.0,0.0,0.42,8.051,0.0,0.111,4.455,1.068,0.0,0.071,0.0,0.0,1.243,0.0,20.698,0.0,0.0,0.0,0.0,0.0,0.0,5.072,0.0,0.0,0.273,0.0,0.0,0.008,0.0,3.53,1.0,40.0,-999.0,-999.0,
1980,0.0,0.0,0.0,0.0,0.009,1.0,-999.0,0.0,0.0,0.0,0.02,0.0,0.129,0.0,0.0,0.0,0.75,0.0,0.0,0.235,1.649,0.0,0.0,5.21,0.042,0.0,0.0,0.0,0.0,0.137,0.0,8.583,0.0,0.0,0.0,0.0,0.0,0.0,0.606,0.0,0.0,0.0,0.5,0.001,0.0,0.0,0.397,0.0,39.0,-999.0,-999.0,
1981,0.0,0.0,0.0,0.0,0.007,0.0,-999.0,0.0,0.0,0.0,0.115,0.0,0.217,0.0,0.0,0.0,1.75,0.0,0.0,0.278,1.253,0.0,0.0,0.846,0.207,0.0,0.0,0.0,0.0,0.732,0.0,4.978,0.0,0.0,0.0,0.0,0.0,0.0,1.033,0.0,0.0,0.0,1.0,0.0,0.0,0.0,0.628,0.0,15.0,-999.0,-999.0,
1982,0.0,0.0,0.038,0.0,0.24,0.0,-999.0,0.0,0.0,0.0,1.168,0.77,1.839,0.027,0.25,0.0,0.5,1.0,0.0,0.715,8.869,0.0,0.26,5.525,0.739,0.0,0.0,0.333,0.0,0.528,0.0,18.69,0.595,0.0,0.0,0.5,0.0,0.0,4.491,0.0,0.0,0.091,0.0,0.1,0.0,0.4,2.392,0.5,45.0,-999.0,-999.0,
1983,0.0,0.0,0.0,0.0,1.597,0.0,-999.0,0.0,0.0,0.571,2.728,1.5,6.138,2.604,0.0,0.0,0.0,-999.0,0.0,0.429,7.631,0.0,1.175,7.609,6.414,0.0,0.0,0.0,0.0,0.312,0.0,9.471,0.94,0.0,0.167,0.2,0.0,0.0,7.756,0.0,0.0,0.0,0.0,0.0,0.0,0.9,4.658,1.867,29.0,-999.0,-999.0,
1984,0.0,0.0,0.0,0.0,0.275,0.0,-999.0,0.0,0.0,0.0,0.484,0.1,0.774,0.0,0.0,0.0,0.0,0.0,0.0,0.337,3.77,0.0,0.0,2.367,0.104,0.0,0.0,0.0,0.0,0.1,0.0,8.814,0.143,0.0,0.0,0.1,0.0,0.0,1.089,0.0,0.0,0.409,0.0,0.0,0.0,0.0,1.604,0.0,47.0,-999.0,-999.0,
1985,0.0,0.0,0.0,0.0,0.01,0.0,-999.0,0.0,0.0,0.0,0.894,0.75,1.603,0.0,0.333,0.0,0.0,1.0,0.0,0.346,6.333,0.0,0.209,7.998,0.343,0.0,0.0,0.0,0.0,0.126,0.042,19.784,0.595,0.0,0.0,0.995,0.0,0.0,3.135,0.315,0.0,0.136,0.0,0.2,0.0,0.369,2.86,0.0,33.0,-999.0,-999.0,
1986,0.0,0.0,0.0,0.0,0.008,0.0,-999.0,0.0,0.0,0.0,0.0,0.0,0.412,0.0,0.0,0.0,0.0,0.0,0.0,0.331,2.057,0.0,0.0,1.129,0.047,0.0,0.0,0.0,0.0,0.184,0.0,2.822,0.0,0.0,0.0,0.0,0.0,0.0,0.455,0.0,0.0,0.0,0.0,0.0,0.0,0.0,0.371,0.0,25.0,-999.0,-999.0,
1987,0.0,0.0,0.0,0.0,0.058,0.0,-999.0,0.0,0.0,0.032,0.012,0.0,0.105,0.0,0.0,0.0,0.0,0.0,0.0,0.151,0.897,0.0,0.0,0.254,0.047,0.0,0.0,0.0,0.0,0.375,0.0,0.833,0.0,0.0,0.0,0.0,0.0,0.0,0.139,0.0,0.0,0.0,0.0,0.0,0.006,0.0,0.547,0.0,27.0,-999.0,-999.0,
1988,0.0,0.0,0.0,0.0,0.058,0.0,-999.0,0.0,0.0,0.0,0.334,0.0,1.909,0.0,0.0,0.0,0.75,0.0,0.0,0.255,5.88,0.0,0.0,0.764,0.206,0.0,0.0,0.0,0.0,0.184,0.0,9.693,0.0,0.0,0.0,0.0,0.0,0.0,3.088,0.0,0.0,0.0,0.0,0.0,0.0,0.0,2.813,0.0,24.0,-999.0,-999.0,
1989,0.0,0.0,0.0,0.0,1.629,0.0,-999.0,0.0,0.0,0.571,1.491,0.9,5.249,1.378,0.25,0.0,0.75,0.0,0.0,0.35,7.794,0.0,1.322,6.965,4.882,0.0,0.0,0.0,0.0,0.774,0.0,17.533,0.071,0.0,0.25,0.0,0.0,0.0,8.749,0.0,0.0,0.396,0.0,0.2,0.182,0.0,3.642,3.0,42.0,-999.0,-999.0,
1990,0.0,0.0,0.0,0.105,1.188,0.0,-999.0,0.0,0.0,1.786,0.041,0.0,2.82,0.694,0.0,0.0,0.0,0.0,0.0,0.177,4.901,0.0,0.089,6.168,3.101,0.5,0.0,0.0,0.0,0.02,0.0,9.218,0.0,0.0,0.167,0.0,0.0,0.0,4.56,0.0,0.0,0.596,0.0,0.0,0.052,0.0,1.457,3.0,63.0,-999.0,-999.0,
1991,0.0,0.0,0.0,0.0,0.055,0.0,-999.0,0.0,0.0,0.0,0.012,0.0,0.154,0.0,0.0,0.0,0.0,0.0,0.0,0.151,1.557,0.0,0.0,1.16,0.056,0.0,0.0,0.0,0.0,0.0,0.0,5.206,0.0,0.0,0.0,0.0,0.0,0.0,0.352,0.0,0.0,0.0,0.0,0.001,0.0,0.0,0.247,0.0,36.0,-999.0,-999.0,
1992,0.0,0.0,0.0,0.0,0.01,0.0,-999.0,0.0,0.0,0.116,0.012,0.0,0.15,0.0,0.0,0.0,0.0,-999.0,0.0,0.177,1.69,0.0,0.0,2.967,0.064,0.0,0.0,0.0,0.0,0.137,0.0,4.698,0.0,0.0,0.0,0.0,0.0,0.0,1.795,0.0,0.0,0.0,0.0,0.001,0.0,0.0,0.397,0.0,43.0,-999.0,-999.0,
1993,0.0,0.0,0.0,0.0,0.055,0.0,-999.0,0.0,0.0,0.0,0.012,0.0,0.287,0.0,0.0,0.0,0.5,0.0,0.0,0.203,3.056,0.0,0.0,2.342,0.054,0.0,0.0,0.0,0.0,0.394,0.0,5.778,0.0,0.0,0.0,0.0,0.0,0.0,1.319,0.0,0.0,0.0,0.0,0.001,0.0,0.0,0.501,1.0,27.0,-999.0,-999.0,
1994,0.0,0.0,0.0,0.0,0.0,0.0,-999.0,0.0,0.0,0.0,1.698,1.55,3.812,0.028,0.083,0.0,1.5,1.0,0.0,2.056,10.912,0.0,0.0,2.032,0.888,0.0,0.333,0.0,0.0,0.896,0.0,16.147,1.714,0.0,0.0,1.1,0.0,0.0,5.996,0.0,0.0,0.002,2.0,0.201,0.0,0.6,6.61,0.0,40.0,-999.0,-999.0,
1995,0.0,0.0,0.0,0.0,0.0,-999.0,-999.0,0.0,0.0,0.0,0.012,0.0,0.24,0.0,0.0,0.0,0.75,0.0,0.002,0.341,2.732,0.0,0.0,0.465,0.045,0.0,0.333,0.0,0.0,0.338,0.0,5.239,0.0,0.0,0.0,0.0,0.0,0.0,0.304,0.0,0.0,0.002,0.995,0.0,0.003,0.001,1.788,0.0,49.0,-999.0,-999.0,
1996,0.0,0.0,0.0,0.0,0.061,-999.0,-999.0,0.0,0.0,0.032,1.374,0.22,5.002,0.083,0.0,0.0,0.5,0.0,0.0,0.796,13.373,0.0,0.333,9.039,1.958,0.0,0.0,0.0,0.0,0.497,0.0,25.908,0.0,0.0,0.0,0.0,0.0,0.0,9.601,0.0,0.0,0.002,0.0,0.0,0.136,0.0,6.097,0.0,64.0,-999.0,-999.0,
1997,0.0,0.0,0.0,0.0,0.163,0.0,-999.0,0.0,0.0,0.0,0.256,0.0,1.559,0.0,0.0,0.0,0.5,0.0,0.0,0.227,5.667,0.0,0.111,3.507,0.673,0.0,0.0,0.0,0.0,0.182,0.0,10.917,0.0,0.0,0.013,0.0,0.0,0.0,5.313,0.0,0.0,0.002,0.0,0.0,0.0,0.0,0.847,1.0,28.0,-999.0,-999.0,
1998,0.0,0.0,0.0,0.0,0.01,-999.0,-999.0,0.0,0.0,0.286,0.033,0.0,0.105,0.0,0.0,0.0,0.0,0.0,0.0,0.151,1.909,0.0,0.0,3.675,0.17,0.0,0.0,0.0,0.0,0.073,0.0,8.012,0.0,0.0,0.013,0.0,0.0,0.0,1.242,0.0,0.0,0.093,0.0,0.0,0.0,0.0,0.322,1.0,38.0,-999.0,-999.0,
1999,0.0,0.0,0.0,0.0,0.009,-999.0,-999.0,0.0,0.0,0.0,0.113,0.0,0.762,0.0,0.0,0.0,0.0,0.0,0.0,0.214,3.316,0.0,0.0,0.254,0.179,0.0,0.0,0.0,0.0,0.073,0.0,6.579,0.0,0.0,0.0,0.0,0.0,0.0,0.946,0.0,0.0,0.0,0.0,0.0,0.0,0.0,0.759,0.0,57.0,-999.0,-999.0,
2000,0.0,0.0,0.0,0.0,0.0,-999.0,-999.0,0.0,0.0,0.0,0.055,0.0,0.993,0.0,0.0,0.0,0.0,0.0,0.0,0.14,3.443,0.0,0.0,1.304,0.184,0.0,0.471,0.0,0.0,0.813,0.0,7.658,0.004,0.0,0.0,0.0,0.0,0.0,2.64,0.0,0.0,0.0,0.5,0.0,0.0,0.0,0.454,0.0,19.0,-999.0,-999.0,
2001,0.0,0.0,0.0,0.0,0.01,-999.0,-999.0,0.0,0.0,0.0,0.033,0.0,0.195,0.0,0.0,0.0,0.0,0.0,0.0,0.114,0.886,0.0,0.0,0.254,0.047,0.0,0.0,0.0,0.0,0.073,0.0,2.027,0.0,0.0,0.0,0.0,0.0,0.0,0.647,0.0,0.0,0.004,0.0,0.0,0.0,0.0,0.12,0.0,21.0,-999.0,-999.0,
2002,0.0,0.0,0.0,0.0,0.01,-999.0,-999.0,0.0,0.0,0.0,0.033,0.0,0.111,0.0,0.0,0.0,0.0,0.0,0.0,0.125,0.337,0.0,0.0,0.957,0.044,0.0,0.0,0.0,0.0,0.073,0.0,0.929,0.0,0.0,0.0,0.0,0.0,0.0,0.139,0.0,0.0,0.004,0.0,0.0,0.0,0.0,0.117,0.0,8.0,-999.0,-999.0,
2003,0.0,0.0,0.0,0.0,0.01,0.0,-999.0,0.0,0.0,0.032,0.011,0.0,0.102,0.0,0.0,0.0,1.0,0.0,0.0,0.228,1.113,0.0,0.0,1.075,0.056,0.0,0.0,0.0,0.0,0.737,0.0,6.331,0.0,0.0,0.0,0.0,0.0,0.0,0.486,0.0,0.0,0.0,0.5,0.0,0.0,0.0,0.22,0.0,25.0,-999.0,-999.0,
2004,0.0,0.0,0.0,0.0,0.092,0.0,-999.0,0.0,0.0,0.0,0.011,0.0,1.452,0.055,0.0,0.0,2.5,0.0,0.0,0.297,5.088,0.0,0.0,3.17,0.244,0.0,1.0,0.0,0.0,1.675,0.0,11.067,0.0,0.0,0.0,0.0,0.0,0.0,2.242,0.0,0.0,0.0,3.0,0.0,0.0,0.01,1.322,0.0,26.0,-999.0,-999.0,
2005,0.0,0.0,0.0,0.0,0.257,0.0,-999.0,0.0,0.0,0.0,0.012,0.0,0.428,0.002,0.0,0.0,0.0,-999.0,0.0,0.272,2.858,0.0,0.002,2.524,0.132,0.0,0.0,0.0,0.0,0.311,0.0,6.664,0.0,0.0,0.0,0.0,0.0,0.0,1.287,0.0,0.0,0.0,0.5,0.0,0.0,0.01,0.747,0.0,35.0,-999.0,-999.0,
2006,0.0,0.0,0.0,0.0,0.114,0.0,-999.0,0.0,0.0,0.0,0.01,0.0,0.389,0.0,0.0,0.0,0.0,0.0,0.0,0.15,0.825,0.0,0.002,1.227,0.453,0.0,0.0,0.0,0.0,0.073,0.0,1.089,0.0,0.0,0.0,0.0,0.0,0.0,0.794,0.0,0.0,0.0,0.0,0.0,0.0,0.0,0.241,0.5,57.0,-999.0,-999.0,
2007,0.0,0.0,0.0,0.0,0.205,0.0,-999.0,0.0,0.0,0.0,0.011,0.0,0.886,0.0,0.0,0.0,0.0,0.0,0.0,0.245,3.063,0.0,0.0,0.559,0.066,0.0,0.0,0.0,0.0,0.44,0.0,6.676,0.0,0.0,0.0,0.0,0.0,0.0,1.491,0.0,0.0,0.096,0.0,0.0,0.0,0.0,1.902,0.0,40.0,-999.0,-999.0,
2008,0.0,0.0,0.0,0.0,0.664,0.0,-999.0,0.0,0.0,0.0,0.219,0.0,1.407,0.002,0.0,0.0,0.0,0.0,0.0,0.298,5.327,0.0,0.0,4.389,0.388,0.0,0.0,0.006,0.0,0.02,0.0,12.961,0.0,0.0,0.001,0.0,0.0,0.0,2.669,0.0,0.0,0.0,0.0,0.0,0.0,0.0,3.299,0.867,40.0,-999.0,-999.0,
2009,0.0,0.0,0.0,0.0,0.01,0.0,-999.0,0.0,0.0,0.0,0.431,0.25,1.198,0.0,0.0,0.0,0.0,0.0,0.0,0.203,3.717,0.0,0.0,3.062,0.121,0.0,0.0,0.006,0.0,0.02,0.0,13.262,0.14,0.0,0.0,0.0,0.0,0.0,1.527,0.0,0.0,0.0,0.0,0.0,0.0,0.0,1.461,-999.0,42.0,-999.0,-999.0,
2010,0.0,0.0,0.0,0.0,0.01,0.0,-999.0,0.0,0.0,0.009,0.014,0.0,1.09,0.003,0.0,0.0,0.0,0.0,0.0,0.125,3.504,0.0,0.0,1.745,0.381,0.0,0.0,0.0,0.0,0.114,0.0,5.935,0.0,0.0,0.0,0.0,0.0,0.0,2.048,0.0,0.0,0.0,0.0,0.0,0.0,0.0,0.251,0.0,51.0,-999.0,-999.0,
2011,0.0,0.0,0.0,0.0,0.269,0.0,-999.0,0.0,0.0,0.032,0.018,0.0,0.315,0.0,0.0,0.0,0.0,0.0,0.0,0.125,2.208,0.0,0.0,2.127,0.139,0.0,0.0,0.0,0.0,0.211,0.0,8.004,0.0,0.0,0.0,0.0,0.0,0.0,1.981,0.0,0.0,0.091,0.0,0.0,0.0,0.0,0.165,0.867,37.0,-999.0,-999.0,
2012,0.0,0.0,0.0,0.0,0.01,0.0,-999.0,0.0,0.0,0.0,0.012,0.0,0.111,0.0,0.0,0.0,0.0,0.0,0.0,0.114,0.524,0.0,0.001,1.17,0.05,0.0,0.0,0.0,0.0,0.02,0.0,2.655,0.0,0.0,0.0,0.0,0.0,0.0,0.191,0.0,0.0,0.0,0.0,0.0,0.0,0.0,0.381,0.0,59.0,-999.0,-999.0,
2013,0.0,0.0,0.0,0.0,0.01,0.0,-999.0,0.0,0.0,0.032,0.005,0.0,0.303,0.0,0.0,0.0,0.0,0.0,0.0,0.243,6.367,0.0,0.006,2.89,0.128,0.0,0.0,0.0,0.0,0.278,0.0,11.863,0.001,0.0,0.013,0.0,0.0,0.0,2.506,0.0,0.0,0.295,0.5,0.0,0.0,0.0,1.68,0.0,30.0,-999.0,-999.0,
2014,0.0,0.0,0.0,0.0,0.112,0.0,-999.0,0.0,0.0,0.0,0.896,0.505,1.947,0.0,0.0,0.0,1.0,0.0,0.0,0.642,8.746,0.0,0.356,3.332,0.215,0.0,0.0,0.0,0.0,0.615,0.0,10.523,0.081,0.0,0.013,0.0,0.0,0.0,2.64,0.0,0.0,0.021,1.5,0.0,0.0,0.0,3.901,0.5,15.0,-999.0,-999.0,
2015,0.0,0.0,0.0,0.0,0.01,0.0,-999.0,0.0,0.0,0.009,0.115,0.0,0.272,0.0,0.0,0.0,0.0,0.0,0.0,0.434,2.95,0.0,0.0,0.413,0.05,0.0,0.0,0.0,0.0,0.493,0.0,4.688,0.0,0.0,0.0,0.0,0.0,0.0,0.277,0.0,0.0,0.0,0.0,0.0,0.0,0.0,2.019,0.0,40.0,-999.0,-999.0,
2016,0.0,0.0,0.0,0.001,0.257,0.0,-999.0,0.0,0.0,0.009,0.074,0.0,0.875,0.0,0.0,0.0,0.0,0.0,0.0,0.197,3.853,0.0,0.006,0.91,0.208,0.0,0.0,0.0,0.0,0.518,0.0,7.335,0.0,0.0,0.0,0.0,0.0,0.0,1.163,0.0,0.0,0.0,0.0,0.0,0.0,0.0,2.073,0.0,21.0,-999.0,-999.0,
2017,0.0,0.0,0.0,0.001,0.175,0.0,-999.0,0.0,0.0,0.071,0.021,0.0,0.816,0.0,0.0,0.0,0.5,0.0,0.0,0.325,4.775,0.0,0.0,2.937,0.207,0.0,0.0,0.0,0.0,0.443,0.0,9.986,0.0,0.0,0.18,0.0,0.0,0.0,1.957,0.0,0.0,0.0,0.5,0.0,0.0,0.0,1.964,0.0,31.0,-999.0,-999.0,
2018,0.0,0.0,0.0,0.001,0.01,0.0,-999.0,0.0,0.0,0.0,0.52,0.216,2.157,0.002,0.0,0.0,1.0,0.0,0.0,0.294,3.207,0.0,0.03,1.632,0.598,0.0,0.0,0.0,0.0,1.176,0.0,5.844,0.0,0.0,0.0,0.0,0.0,0.0,1.91,0.0,0.0,0.0,0.5,0.0,0.003,0.0,0.937,0.5,33.0,-999.0,-999.0,
2019,0.0,0.0,0.0,0.001,0.017,0.0,-999.0,0.0,0.0,0.0,0.479,0.228,2.039,0.001,0.0,0.0,0.0,0.0,0.0,0.533,7.016,0.0,0.225,5.973,0.159,0.0,0.0,0.0,0.0,0.491,0.0,15.482,0.414,0.0,0.0,0.0,0.0,0.0,3.343,0.0,0.0,0.0,0.5,0.0,0.0,0.0,3.467,0.133,30.0,-999.0,-999.0,
2020,0.0,0.0,0.0,0.001,0.017,0.0,-999.0,0.0,0.0,0.0,0.024,0.0,0.258,0.003,0.0,0.0,0.0,0.0,0.0,0.102,1.131,0.0,0.006,1.055,0.042,0.0,0.0,0.0,0.0,0.021,0.0,4.268,0.0,0.0,0.0,0.0,0.0,0.0,0.672,0.0,0.0,0.001,0.0,0.0,0.001,0.0,0.12,0.133,48.0,-999.0,-999.0,
