Year,AL,AZ,AR,CA,CO,CT,DE,FL,GA,ID,IL,IN,IA,KS,KY,LA,ME,MD,MA,MI,MN,MS,MO,MT,NE,NV,NH,NJ,NM,NY,NC,ND,OH,OK,OR,PA,RI,SC,SD,TN,TX,UT,VT,VA,WA,WV,WI,WY,AK,HI,PR,VI
1900,0.158,9.799,4.465,8.911,3.969,0.0,-999.0,1.648,3.386,3.785,0.61,0.411,0.179,12.136,2.625,2.055,0.0,-999.0,0.0,0.118,0.181,1.174,3.047,2.493,3.668,2.314,0.0,0.255,-999.0,0.004,5.838,3.075,0.355,-999.0,1.182,0.004,0.0,4.31,4.26,0.371,7.682,14.787,0.0,2.634,2.046,0.0,0.807,0.239,-999.0,-999.0,-999.0,
1901,3.49,10.863,26.465,10.334,6.243,0.0,-999.0,0.002,1.632,7.759,11.624,8.783,14.625,30.64,12.191,9.54,0.994,-999.0,0.0,0.485,2.554,8.904,24.135,2.474,18.005,3.053,0.0,0.85,-999.0,0.375,0.492,1.382,1.138,-999.0,1.711,0.034,0.0,0.602,10.316,4.95,24.795,19.22,0.0,0.214,1.823,0.31,4.809,0.491,-999.0,-999.0,-999.0,
1902,13.875,6.451,5.33,9.632,6.111,0.0,-999.0,2.009,13.965,4.237,0.415,0.759,0.09,9.274,2.595,7.734,0.0,-999.0,0.0,0.016,0.084,11.679,0.791,0.748,2.118,6.484,0.0,0.035,20.312,0.004,3.061,0.598,0.042,-999.0,1.879,0.004,0.0,7.193,1.311,1.446,18.639,12.818,0.0,0.75,1.737,0.015,0.006,0.008,-999.0,-999.0,-999.0,
1903,1.055,4.543,0.654,10.416,2.189,0.0,-999.0,0.1,0.52,2.298,0.237,0.431,0.085,4.358,0.387,1.289,0.0,-999.0,0.0,0.013,0.081,0.886,0.449,0.811,0.421,5.481,0.0,0.035,23.852,0.004,0.414,0.291,0.103,11.434,0.521,0.004,0.0,1.627,0.89,0.307,8.795,11.372,0.0,0.198,1.776,0.098,0.007,0.008,-999.0,-999.0,-999.0,
1904,2.563,5.123,1.082,14.831,1.709,0.0,-999.0,0.506,1.592,2.539,0.082,0.05,0.094,1.382,0.183,1.035,0.0,0.0,0.0,0.011,0.095,0.655,0.034,0.756,0.57,5.054,0.0,0.035,11.46,0.0,0.89,0.43,0.042,4.197,1.305,0.001,0.0,1.069,1.358,0.333,8.83,9.173,0.0,0.159,1.919,0.265,0.034,0.239,-999.0,-999.0,-999.0,
1905,0.999,11.076,1.064,15.187,2.362,0.0,-999.0,0.208,2.43,4.498,0.25,0.147,0.175,6.333,0.452,4.411,0.0,0.0,0.0,0.002,0.081,0.581,0.199,1.1,1.07,2.714,0.0,0.317,8.66,0.0,0.519,0.633,0.042,7.298,1.997,0.001,0.0,0.402,0.857,0.274,14.363,16.474,0.0,0.159,3.342,0.179,0.047,0.008,0.0,-999.0,-999.0,
1906,0.601,5.122,0.465,15.456,1.811,0.0,-999.0,0.088,1.518,2.373,0.151,0.046,0.125,1.213,0.182,5.234,0.0,0.0,0.0,0.022,0.126,1.326,0.123,1.358,0.982,3.049,0.0,0.006,7.663,0.168,0.189,1.961,0.079,3.163,2.883,0.001,0.0,0.203,1.56,0.222,8.58,10.861,0.02,0.159,4.224,0.006,0.0,0.008,0.0,-999.0,-999.0,
1907,1.666,4.887,11.769,7.011,2.261,0.0,-999.0,0.132,5.203,1.386,0.124,0.494,0.126,6.772,0.775,6.187,0.0,0.0,0.0,0.019,0.097,3.688,1.96,0.583,3.252,1.346,0.0,0.035,12.629,0.017,0.483,0.428,0.042,-999.0,1.067,0.022,0.0,2.157,0.703,1.582,18.58,9.493,0.02,0.159,1.986,0.006,0.033,0.008,0.0,-999.0,-999.0,
1908,3.163,4.613,1.842,14.351,2.383,0.0,-999.0,0.454,1.685,4.152,0.37,0.698,0.086,3.741,1.142,1.064,0.0,0.0,0.0,0.055,0.121,0.871,0.25,2.036,2.009,8.05,0.0,0.212,9.801,0.049,0.176,1.015,0.094,7.298,2.411,0.001,0.0,0.244,1.57,0.437,11.052,9.445,0.02,0.379,2.58,0.006,0.036,0.008,0.0,-999.0,-999.0,
1909,1.21,8.65,13.33,11.149,2.638,0.0,-999.0,0.502,0.578,2.512,0.674,0.204,0.254,7.364,0.968,6.605,0.01,0.0,0.0,0.024,0.081,5.61,3.699,1.211,2.781,3.809,0.0,0.035,9.511,0.049,0.059,0.051,0.042,53.824,0.446,0.001,0.0,0.408,1.43,1.145,27.207,9.082,0.5,0.369,1.049,0.055,0.097,0.008,0.0,-999.0,-999.0,
1910,0.071,6.034,0.829,14.742,4.552,0.0,-999.0,0.159,0.346,2.91,0.839,0.237,1.481,13.305,0.392,1.543,0.0,0.0,0.0,0.153,0.186,0.255,1.137,1.68,4.619,6.218,0.0,0.035,18.925,0.004,0.216,3.479,0.042,48.439,0.768,0.001,0.0,0.321,2.147,0.401,35.386,10.892,0.0,0.79,1.506,0.002,1.315,0.008,0.0,-999.0,-999.0,
1911,4.667,8.655,8.83,9.679,3.384,0.0,-999.0,0.945,4.631,1.565,4.996,4.608,6.771,21.679,4.023,17.075,3.25,0.0,4.0,0.798,1.04,7.322,11.467,0.537,9.224,2.042,4.333,1.634,10.942,1.121,1.746,0.593,2.257,41.177,2.633,0.194,0.0,3.308,5.297,2.822,34.657,8.857,3.0,2.006,2.807,1.817,1.927,0.008,0.0,-999.0,-999.0,
1912,0.344,6.763,5.621,9.146,1.888,0.0,-999.0,0.767,1.191,1.24,0.317,0.132,0.898,9.703,1.27,3.641,0.0,0.0,0.0,0.024,0.363,1.048,3.014,0.424,3.974,2.191,0.0,0.035,10.976,0.117,0.751,0.276,0.042,20.417,1.008,0.001,0.0,2.731,1.454,0.316,25.235,7.188,0.02,0.264,1.482,0.055,0.068,0.008,0.0,-999.0,-999.0,
1913,4.687,5.35,18.876,17.232,5.613,0.0,-999.0,0.169,5.185,1.924,10.685,9.179,6.197,39.35,11.099,2.465,0.0,0.0,0.5,0.169,0.299,3.534,25.003,0.525,16.907,0.786,0.667,0.006,11.247,0.162,1.066,0.825,0.733,45.083,1.001,0.255,0.0,2.808,5.115,6.363,24.281,8.579,0.02,0.159,2.056,0.337,0.565,0.008,0.0,-999.0,-999.0,
1914,12.456,4.619,20.851,9.586,2.817,0.0,-999.0,1.031,9.675,3.421,6.346,8.458,1.874,12.708,11.037,4.802,0.0,0.0,0.0,0.113,0.208,9.089,12.514,1.243,6.812,3.261,0.0,0.006,8.323,0.004,4.237,1.363,1.209,37.436,1.449,0.0,0.0,5.887,3.832,11.386,20.449,8.975,0.0,1.279,2.128,0.416,0.039,0.008,0.0,-999.0,-999.0,
1915,5.338,6.203,2.092,12.878,1.718,0.0,-999.0,0.767,4.065,3.301,0.088,0.046,0.062,0.405,0.531,5.453,0.0,0.0,0.0,0.02,0.081,1.941,0.157,0.375,0.141,3.292,0.0,0.035,13.194,0.004,1.668,0.269,0.042,3.005,1.682,0.0,0.0,1.393,0.389,1.866,18.84,7.481,0.0,0.256,2.647,0.055,0.033,0.008,0.0,-999.0,-999.0,
1916,0.527,6.521,8.327,9.447,2.8,0.0,-999.0,0.603,1.095,1.486,9.669,3.92,3.32,15.103,0.283,1.755,0.0,0.0,0.0,1.157,0.108,0.121,10.299,0.448,6.508,2.882,0.0,0.212,15.933,0.173,0.255,0.127,0.726,33.07,0.895,0.001,-999.0,0.28,1.761,0.424,19.812,7.496,0.5,0.169,2.061,0.002,2.201,0.239,0.0,-999.0,-999.0,
1917,0.61,9.323,3.962,17.105,3.125,0.0,-999.0,0.147,1.501,2.626,0.356,0.046,1.531,14.989,0.182,2.86,0.0,0.0,0.167,0.23,0.726,1.794,1.625,1.455,6.805,16.65,0.0,0.317,16.556,0.117,0.649,2.857,0.079,31.618,1.885,0.001,-999.0,0.582,3.591,0.333,29.843,10.024,0.0,0.408,2.216,1.224,0.495,0.008,0.0,-999.0,-999.0,
1918,4.013,3.364,26.671,11.446,4.61,0.0,-999.0,1.303,3.782,3.744,5.307,3.585,3.104,25.399,5.679,11.651,0.0,2.0,1.0,0.902,0.167,7.65,15.323,0.742,9.927,4.019,0.0,1.181,12.378,0.31,2.828,1.038,2.861,58.064,0.79,0.796,0.0,2.726,0.818,6.044,39.703,9.908,0.5,2.079,2.078,1.507,0.709,0.008,0.0,-999.0,-999.0,
1919,0.055,4.485,7.638,13.332,3.077,1.0,-999.0,0.146,0.631,4.626,1.609,0.676,1.12,9.705,2.412,2.461,0.25,0.0,2.0,0.005,0.091,1.231,3.016,3.359,6.291,12.479,0.333,1.088,8.063,0.353,0.612,1.724,0.079,16.963,2.186,0.001,0.0,0.414,2.903,0.921,7.648,10.341,1.5,0.159,2.46,0.877,0.196,0.008,0.0,-999.0,-999.0,
1920,0.0,6.303,0.569,12.787,2.106,-999.0,-999.0,0.7,2.164,3.809,0.379,0.054,0.157,4.663,0.183,1.384,0.0,0.0,0.0,0.016,0.094,0.72,0.787,0.892,1.428,6.962,0.0,0.035,7.956,0.0,0.693,0.899,0.042,7.494,2.103,0.001,0.0,1.151,0.717,0.197,9.592,9.029,0.0,0.159,3.008,0.047,0.037,0.008,0.0,-999.0,-999.0,
1921,3.742,4.409,11.483,12.676,2.356,-999.0,-999.0,1.342,5.638,2.21,2.408,0.844,0.697,7.29,2.902,8.633,0.0,0.0,0.0,0.324,0.928,4.758,1.58,1.272,3.447,5.73,0.0,0.035,7.558,0.355,2.381,2.421,0.391,21.244,0.59,0.001,0.0,3.471,3.021,3.21,19.089,8.422,0.5,0.245,1.098,0.101,1.095,0.008,0.0,-999.0,-999.0,
1922,1.029,9.436,8.756,15.558,5.306,0.0,-999.0,0.183,1.737,3.922,1.891,0.825,0.836,14.849,1.141,2.197,0.0,0.0,0.0,0.016,0.721,1.78,3.88,0.743,7.898,8.654,0.0,0.035,12.229,0.0,0.171,0.655,0.042,31.002,2.518,0.001,0.0,0.168,3.636,1.086,27.353,11.138,0.0,0.198,2.938,0.134,0.485,0.008,0.0,-999.0,-999.0,
1923,0.055,4.149,8.672,10.929,2.191,0.0,-999.0,0.074,0.347,1.995,0.788,0.392,0.233,6.704,0.182,2.164,0.0,0.0,0.0,0.016,0.426,0.135,2.805,0.731,0.907,3.101,0.0,0.848,9.158,0.0,0.903,0.12,0.06,25.117,0.903,0.001,0.0,0.534,0.735,0.31,19.129,8.51,0.0,0.58,2.202,0.055,0.04,0.008,0.0,-999.0,-999.0,
1924,5.715,6.906,15.753,12.729,4.722,0.0,-999.0,0.43,6.63,5.431,0.137,0.214,0.078,10.432,1.456,18.667,0.0,0.0,0.032,0.016,0.081,12.695,0.231,0.827,2.809,5.907,0.0,0.389,18.06,0.243,1.507,0.122,0.079,34.8,1.629,0.001,0.0,1.821,1.408,2.651,36.404,12.389,0.0,0.273,3.773,0.055,0.04,0.008,0.0,-999.0,-999.0,
1925,18.226,4.94,30.965,12.032,5.746,0.0,-999.0,0.467,26.026,6.798,3.941,2.303,1.993,15.319,8.512,10.422,0.0,0.0,0.167,0.016,0.549,21.464,7.766,1.389,7.478,6.479,0.0,0.923,11.819,0.218,3.099,2.045,0.49,31.807,2.177,0.001,0.0,10.918,4.355,17.246,38.133,12.417,0.0,0.852,3.536,0.382,0.04,0.491,0.0,-999.0,-999.0,
1926,0.863,6.374,10.572,14.059,3.161,0.0,-999.0,0.064,4.755,5.897,1.372,0.788,1.769,12.892,2.862,3.941,0.0,0.0,1.167,0.024,0.88,2.503,4.856,1.623,9.873,5.639,0.333,0.806,7.296,0.243,4.438,2.471,0.217,15.437,3.257,0.001,0.0,3.121,6.615,3.526,15.123,11.706,0.0,2.561,4.116,0.292,0.101,0.008,0.0,-999.0,-999.0,
1927,2.215,4.868,3.516,10.324,2.461,0.0,-999.0,3.644,5.743,3.418,0.303,0.331,0.366,2.962,2.586,5.738,0.0,0.0,0.0,0.158,0.133,4.248,0.393,0.473,2.008,2.371,0.0,0.035,11.765,0.0,0.553,0.12,0.038,19.08,1.691,0.001,0.0,1.589,1.205,1.678,28.228,8.85,0.0,0.456,1.808,0.055,0.106,0.008,0.0,-999.0,-999.0,
1928,0.547,5.547,4.177,14.375,2.281,0.0,-999.0,0.017,0.837,6.675,0.088,0.046,0.062,2.121,0.182,1.276,0.0,0.0,0.0,0.009,0.096,1.253,0.065,0.966,2.103,6.673,0.0,0.035,14.478,0.05,0.464,0.317,0.038,23.018,4.098,0.001,0.0,0.991,2.62,0.239,27.361,11.343,0.0,0.159,4.744,0.055,0.04,0.008,0.0,-999.0,-999.0,
1929,0.884,10.978,9.15,17.101,2.314,0.0,-999.0,0.249,1.994,3.65,0.123,0.108,0.115,9.508,0.556,1.776,0.0,0.0,0.0,0.016,0.626,0.708,0.837,2.474,5.064,5.023,0.0,0.035,9.286,0.0,0.309,5.014,0.041,25.767,0.752,0.001,0.0,0.168,5.077,0.389,26.792,10.092,0.0,0.159,2.146,0.055,0.04,0.008,0.0,-999.0,-999.0,
1930,21.197,5.888,36.817,11.275,5.199,0.0,-999.0,0.434,14.258,3.807,11.997,8.178,8.308,20.533,15.739,11.772,0.0,0.0,0.0,0.75,1.734,19.411,19.685,2.283,13.91,2.448,0.0,0.911,13.865,0.218,4.574,2.929,4.78,34.391,0.642,1.793,0.0,5.319,12.578,19.342,32.884,9.675,0.0,7.297,2.195,3.689,0.682,0.008,0.0,-999.0,-999.0,
1931,7.383,6.5,5.941,18.372,10.991,0.0,-999.0,1.167,13.744,6.666,10.08,2.825,7.53,16.343,7.392,4.027,0.0,0.0,0.0,1.072,3.924,3.49,8.268,4.391,19.378,12.91,0.0,0.602,8.773,0.395,2.093,7.467,1.125,18.858,1.751,0.097,0.0,5.672,20.409,4.991,14.702,21.453,0.0,2.365,2.347,1.856,4.108,1.456,0.0,-999.0,-999.0,
1932,2.587,6.733,8.39,14.689,3.529,0.0,-999.0,2.846,6.504,2.533,1.609,1.178,0.591,8.914,3.766,5.609,0.0,0.0,0.0,0.048,0.935,3.296,3.701,0.921,4.771,5.525,0.0,0.006,8.168,0.004,6.623,2.31,0.912,14.985,1.018,0.194,0.0,6.639,5.999,3.754,17.684,11.218,0.0,2.629,1.471,0.976,0.506,0.008,0.0,-999.0,-999.0,
1933,5.735,6.629,9.621,16.928,4.109,0.0,-999.0,1.31,5.975,5.559,5.088,4.748,3.837,22.18,3.708,3.884,0.0,0.0,0.167,0.663,2.115,3.301,6.116,3.727,11.353,13.061,0.0,1.56,16.241,0.58,3.493,5.703,2.621,36.008,1.271,0.685,0.0,3.392,15.243,2.766,27.344,14.907,0.5,0.522,4.106,1.349,1.214,0.008,0.0,-999.0,-999.0,
1934,5.516,8.746,38.226,12.732,12.341,0.0,-999.0,0.064,4.86,5.265,18.071,10.507,19.071,49.971,5.153,6.594,0.0,0.0,0.0,2.541,5.084,7.083,39.795,2.424,33.825,4.948,0.0,0.425,29.781,0.23,1.172,6.364,4.727,58.516,1.571,1.287,0.0,3.735,17.5,7.716,41.947,17.039,0.0,1.939,2.644,3.666,3.872,1.456,0.0,-999.0,-999.0,
1935,5.378,4.323,10.961,13.734,6.638,0.0,-999.0,0.375,2.905,3.206,0.685,0.276,1.958,22.072,1.3,3.908,0.0,0.0,0.0,0.026,0.646,7.968,3.181,2.001,13.713,3.88,0.0,0.42,8.858,0.004,1.977,2.655,0.256,26.58,3.645,0.194,0.0,1.956,10.312,3.405,15.552,11.731,0.0,0.685,2.454,0.002,0.04,0.008,0.0,-999.0,-999.0,
1936,9.999,13.19,40.053,18.186,10.901,0.0,-999.0,0.241,9.373,5.986,25.285,21.372,26.177,51.466,26.761,5.766,0.0,0.0,0.167,4.795,9.031,10.62,46.142,5.639,38.954,6.394,0.0,2.923,11.686,1.331,3.645,18.545,8.632,64.752,0.619,3.288,0.0,7.97,32.533,14.351,29.426,12.902,0.0,3.205,2.534,4.14,8.895,0.974,0.0,-999.0,-999.0,
1937,3.106,6.864,7.344,15.603,6.594,0.0,-999.0,0.126,0.426,1.881,0.684,0.347,2.7,24.91,0.694,2.367,0.0,0.0,0.167,0.016,0.66,2.078,4.346,1.932,17.165,4.248,0.0,1.014,14.548,0.23,1.746,4.5,0.082,38.593,0.497,0.001,0.0,1.472,12.335,1.067,33.754,12.338,0.0,0.619,1.903,0.055,0.615,1.456,0.0,-999.0,-999.0,
1938,3.097,5.227,15.765,11.708,6.985,0.0,-999.0,1.461,3.048,2.605,0.583,0.104,1.514,19.626,0.182,4.245,0.0,0.0,0.0,0.005,0.212,4.885,8.198,0.536,12.926,2.399,0.0,0.14,14.527,0.004,0.579,1.194,0.042,25.316,3.306,0.001,0.0,1.723,6.497,1.555,18.131,10.261,0.0,0.58,4.42,0.055,0.04,0.008,0.0,-999.0,-999.0,
1939,1.004,10.269,19.415,17.767,6.316,0.0,-999.0,0.143,3.602,5.535,3.578,2.528,3.281,26.418,3.809,6.523,0.0,0.0,0.0,0.047,0.657,1.768,9.797,1.838,12.362,5.913,0.0,0.035,15.834,0.004,0.965,2.725,0.727,35.975,4.24,0.001,0.0,2.934,6.704,2.27,31.244,17.058,0.0,0.159,4.905,0.055,0.763,2.422,0.0,-999.0,-999.0,
1940,0.134,11.238,2.11,11.883,7.448,0.0,-999.0,0.213,2.991,4.893,4.279,3.359,4.551,17.158,1.231,3.809,0.0,0.0,0.0,0.364,1.45,0.15,4.863,2.836,14.233,9.164,0.0,0.686,15.292,0.004,2.518,1.419,0.427,18.473,1.417,0.022,0.0,3.932,8.886,1.064,14.633,15.067,0.0,0.724,2.176,0.134,0.655,1.456,0.0,-999.0,-999.0,
1941,0.404,2.809,5.135,7.703,1.698,0.0,-999.0,0.177,2.239,4.122,2.416,1.969,3.352,8.814,0.636,1.885,0.0,0.0,0.0,0.203,1.0,1.011,8.36,1.297,6.922,4.049,0.333,0.212,5.009,0.004,2.261,3.261,1.019,8.175,2.646,0.022,0.0,2.713,8.632,3.577,8.312,7.798,0.0,0.293,4.792,0.134,0.788,0.008,0.0,-999.0,-999.0,
1942,1.542,9.069,6.228,11.749,2.918,0.0,-999.0,2.274,2.212,3.351,0.126,0.221,0.299,9.041,1.245,0.998,0.0,0.0,0.0,0.026,0.078,1.789,0.643,0.57,5.109,9.71,0.0,0.035,9.643,0.004,2.989,0.469,0.209,7.042,3.669,0.001,0.0,2.444,1.698,2.071,10.913,14.338,0.0,0.853,4.87,0.002,0.18,0.008,0.0,-999.0,-999.0,
1943,5.837,6.481,30.173,11.272,4.65,0.0,-999.0,0.728,4.781,1.871,1.299,1.156,0.06,22.644,3.488,8.063,0.0,0.0,0.0,0.016,0.078,13.263,6.297,0.565,8.909,4.947,0.0,0.212,14.02,0.049,2.685,0.264,0.042,35.909,0.352,0.001,0.0,3.29,3.922,7.051,30.093,10.731,0.0,0.771,1.045,0.055,0.04,0.008,0.0,-999.0,-999.0,
1944,8.219,6.921,11.443,13.476,2.063,0.0,-999.0,1.244,5.33,1.689,1.953,2.065,0.126,8.364,4.562,6.478,0.5,0.0,0.0,0.135,0.108,4.306,2.385,0.375,2.992,1.091,0.667,1.084,13.204,0.388,1.777,0.177,1.002,21.993,2.53,0.201,0.0,6.649,1.167,3.63,27.491,11.373,0.0,0.889,2.401,0.649,0.2,0.008,0.0,-999.0,-999.0,
1945,2.593,6.18,3.541,13.549,2.44,0.0,-999.0,1.643,1.337,2.199,0.605,0.21,0.294,8.96,0.426,1.115,0.0,0.0,0.032,0.016,0.078,0.345,1.615,0.654,3.975,6.019,0.0,0.212,13.961,0.004,1.093,1.024,0.042,8.043,0.87,0.0,0.0,1.518,2.039,1.293,17.393,10.227,0.0,0.609,1.841,0.002,0.048,0.008,0.0,-999.0,-999.0,
1946,0.197,9.509,6.413,9.173,4.017,0.0,-999.0,0.02,0.42,3.042,0.767,0.157,0.365,21.991,0.182,0.88,0.0,0.0,0.032,0.023,0.171,0.121,5.74,0.615,8.016,3.894,0.0,0.035,16.887,0.004,0.425,1.202,0.146,33.94,2.115,0.001,0.0,0.35,2.23,0.197,22.243,11.727,0.0,0.159,2.334,0.063,0.012,0.008,0.0,-999.0,-999.0,
1947,2.43,8.492,25.376,10.886,6.176,0.0,-999.0,0.064,1.154,1.907,5.266,1.475,6.49,22.162,0.392,8.681,0.0,0.0,0.032,0.934,1.407,8.379,13.667,1.443,13.616,2.115,0.0,0.035,17.444,0.004,0.881,2.255,0.226,-999.0,0.388,0.001,0.0,0.699,10.081,3.604,23.476,10.892,0.0,0.159,1.05,0.055,1.701,0.008,0.0,-999.0,-999.0,
1948,1.491,9.739,2.4,9.203,2.409,0.0,-999.0,0.085,2.23,1.485,0.255,0.637,1.448,3.271,0.385,6.792,0.0,0.0,0.782,0.174,0.36,2.693,0.597,0.902,5.146,1.091,0.524,0.791,12.354,0.651,2.468,1.198,0.9,19.408,0.496,0.001,0.0,2.063,3.728,1.327,34.298,9.288,0.0,0.475,0.957,0.303,0.957,0.008,0.0,-999.0,-999.0,
1949,0.055,4.936,1.107,9.052,2.187,0.0,-999.0,0.137,0.774,2.062,0.404,0.166,0.211,2.655,0.182,0.758,0.0,0.0,0.532,0.029,0.33,0.583,0.13,1.714,1.341,3.446,1.0,1.331,8.688,0.42,1.176,3.597,0.555,12.081,0.687,0.001,0.0,1.049,6.132,0.197,11.656,9.932,0.0,0.159,2.042,0.055,0.038,0.008,0.0,-999.0,-999.0,
1950,0.055,6.716,0.297,16.358,2.163,0.0,-999.0,1.707,1.499,1.548,0.085,0.036,0.056,3.117,0.182,1.159,0.0,0.0,0.0,0.009,0.155,1.267,0.065,0.46,0.612,7.119,0.0,0.035,7.71,0.004,0.386,0.177,0.035,2.554,0.386,0.001,0.0,2.501,0.741,0.197,10.428,10.363,0.02,0.159,1.508,0.055,0.04,0.008,0.0,-999.0,-999.0,
1951,4.066,8.135,8.833,10.801,2.766,0.0,-999.0,0.19,3.668,2.585,0.108,0.5,0.054,4.389,0.553,10.618,0.0,0.0,0.0,0.016,0.081,12.209,0.892,0.758,0.471,2.914,0.0,0.035,18.337,0.004,0.802,0.428,0.189,28.451,0.561,0.001,0.0,2.457,0.956,2.794,41.726,11.873,0.0,0.264,1.471,0.002,0.04,0.008,0.0,-999.0,-999.0,
1952,14.552,6.609,21.181,10.641,5.423,0.0,-999.0,0.753,12.98,1.457,2.047,2.41,0.226,25.064,8.107,2.886,0.0,0.0,0.333,0.016,0.081,11.373,10.939,0.453,8.869,2.2,0.0,0.509,14.819,0.171,7.077,1.797,1.123,42.301,1.615,0.201,0.0,10.142,2.969,14.487,32.858,10.478,0.0,1.037,2.588,0.055,0.04,0.008,0.0,-999.0,-999.0,
1953,2.345,7.777,20.791,9.841,4.696,0.0,-999.0,1.485,2.125,1.888,4.578,6.378,1.276,19.865,6.208,3.136,0.0,0.0,0.167,0.287,0.173,7.06,14.414,1.185,6.277,4.504,0.333,2.139,16.875,1.109,1.784,0.574,1.45,34.227,0.438,0.502,0.0,2.755,1.386,3.547,36.516,12.554,0.5,3.005,1.996,1.112,0.306,0.008,0.0,-999.0,-999.0,
1954,22.903,6.905,46.454,10.196,9.225,0.0,-999.0,1.774,19.011,1.807,6.335,6.097,2.419,36.219,10.387,10.608,0.0,0.0,0.0,0.016,0.112,24.113,27.638,0.919,13.542,5.602,0.0,0.896,10.552,0.429,6.549,0.31,0.817,58.516,0.294,0.001,0.0,14.062,3.851,16.675,41.33,14.03,0.0,2.199,0.808,0.273,0.04,1.939,0.0,-999.0,-999.0,
1955,0.204,6.74,2.21,16.502,3.647,0.0,-999.0,0.153,1.811,2.373,1.191,0.249,6.052,16.023,0.287,0.444,0.25,0.0,0.333,0.479,0.784,0.15,2.886,0.939,16.025,5.888,0.333,2.071,6.401,1.009,0.473,0.641,0.042,13.5,1.34,0.201,0.0,0.674,9.91,0.492,13.291,10.536,0.0,0.776,2.083,0.055,1.343,0.008,0.0,-999.0,-999.0,
1956,4.779,10.206,13.995,8.815,3.439,0.0,-999.0,0.228,1.81,1.983,0.642,0.192,1.391,27.665,0.409,2.283,0.0,0.0,0.0,0.016,0.208,3.229,7.12,0.544,6.974,1.812,0.0,0.035,10.178,0.004,0.336,0.272,0.042,50.286,1.699,0.001,0.0,2.11,4.477,3.217,38.388,10.891,0.0,0.159,2.515,0.055,0.04,0.008,0.0,-999.0,-999.0,
1957,1.143,6.884,1.105,12.568,2.661,0.0,-999.0,0.064,2.465,1.059,0.105,0.052,0.687,12.203,0.182,1.636,0.0,0.0,0.0,0.016,0.081,1.15,1.465,0.89,5.89,3.038,0.0,1.475,12.447,0.23,0.66,0.831,0.042,26.933,0.323,0.001,0.0,1.121,2.21,0.302,24.134,9.423,0.0,0.514,0.742,0.055,0.04,0.008,0.0,-999.0,-999.0,
1958,0.055,9.082,0.321,14.081,3.071,0.0,-999.0,0.731,0.597,1.779,0.085,0.046,0.056,3.748,0.182,0.721,0.0,0.0,0.0,0.014,0.168,0.121,0.065,0.639,1.094,3.952,0.0,0.035,11.686,0.004,0.206,1.869,0.042,18.44,2.057,0.001,0.0,0.468,3.254,0.213,20.365,11.144,0.0,0.044,4.378,0.055,0.04,0.008,0.0,-999.0,-999.0,
1959,0.055,4.534,0.223,14.527,3.683,0.0,-999.0,0.064,1.757,4.123,0.119,0.046,0.134,7.456,0.182,0.867,0.0,0.0,0.0,0.014,0.154,0.138,0.065,0.948,4.601,14.509,0.0,0.035,8.72,0.024,1.458,2.852,0.042,9.693,2.213,0.001,0.0,3.86,5.98,0.205,9.309,11.388,0.0,0.323,2.755,0.055,0.04,0.008,0.0,-999.0,-999.0,
1960,0.702,9.158,2.258,17.819,6.097,0.0,-999.0,0.263,1.299,5.189,0.331,0.05,0.102,8.341,0.287,4.088,0.0,0.0,0.0,0.016,0.081,2.166,0.958,2.894,4.392,13.683,0.0,0.035,11.891,0.024,0.238,1.76,0.04,16.987,2.234,0.001,0.0,0.276,4.747,0.82,20.227,15.661,0.0,0.159,3.955,0.055,0.04,0.974,0.0,-999.0,-999.0,
1961,0.055,10.194,0.161,19.858,3.136,0.0,-999.0,1.087,0.307,6.885,0.082,0.053,0.071,4.994,0.182,0.985,0.0,0.0,0.0,0.016,0.081,0.121,0.065,3.323,3.942,14.392,0.0,0.035,5.638,0.0,0.206,1.58,0.042,8.626,3.938,0.001,0.0,0.249,3.715,0.197,4.401,12.013,0.0,0.159,6.261,0.055,0.04,0.008,0.0,-999.0,-999.0,
1962,0.982,6.719,5.728,10.226,2.602,0.0,-999.0,1.79,2.243,1.732,0.354,0.219,0.06,7.123,1.472,8.203,0.0,0.0,0.0,0.016,0.081,4.441,2.497,0.375,0.518,2.214,0.0,0.035,8.496,0.004,0.235,0.12,0.06,22.026,0.523,0.001,0.0,0.578,0.881,1.756,28.268,10.381,0.0,0.159,2.034,0.055,0.04,0.008,0.0,-999.0,-999.0,
1963,0.673,7.276,4.509,8.525,5.674,0.0,-999.0,0.063,1.1,1.284,0.633,0.447,0.59,18.42,0.182,2.413,0.0,0.0,0.167,0.016,0.081,3.106,2.229,0.95,5.696,0.722,0.0,0.664,9.556,0.004,0.263,0.454,0.042,23.929,0.597,0.001,0.0,0.405,2.05,0.3,29.571,9.436,0.0,0.159,0.921,0.055,0.142,0.008,0.0,-999.0,-999.0,
1964,0.187,5.324,9.818,10.113,5.55,0.0,-999.0,0.563,1.556,1.395,0.833,0.395,0.337,19.671,1.224,2.741,0.0,0.0,0.167,0.124,0.131,0.795,3.049,1.112,7.658,1.929,0.0,0.422,11.203,0.059,0.593,0.968,0.205,24.996,0.756,0.001,0.0,0.703,5.001,0.968,26.092,9.752,0.0,0.198,1.288,0.055,0.285,0.008,0.0,-999.0,-999.0,
1965,0.043,3.882,1.137,6.556,2.429,0.0,-999.0,0.089,0.265,1.281,0.268,0.187,0.259,4.321,0.392,0.897,0.0,0.0,0.0,0.022,0.256,0.177,0.486,0.554,1.744,0.537,0.0,0.035,6.545,0.004,0.206,0.359,0.042,16.503,1.263,0.001,0.0,0.168,3.393,0.201,15.053,6.917,0.0,0.159,2.668,0.055,0.137,0.008,0.0,-999.0,-999.0,
1966,1.619,4.663,6.807,11.653,3.73,0.0,-999.0,0.153,1.121,2.545,2.998,1.334,0.845,11.102,1.384,1.328,0.0,0.0,0.167,0.221,0.413,1.931,4.913,1.269,5.834,6.9,0.0,1.105,7.214,0.546,0.619,0.378,0.148,13.114,0.809,0.402,0.0,0.71,5.159,1.806,12.878,11.15,0.0,0.741,1.006,0.055,0.112,0.008,0.0,-999.0,-999.0,
1967,0.0,2.98,0.161,14.155,1.898,0.0,-999.0,0.524,0.307,5.131,0.085,0.046,0.346,3.006,0.182,0.721,0.0,0.0,0.0,0.016,0.081,0.116,0.065,0.404,1.888,10.511,0.0,0.035,3.843,0.004,0.197,0.451,0.042,9.529,4.125,0.001,0.0,0.168,2.207,0.197,19.007,9.918,0.0,0.159,5.716,0.055,0.04,0.008,0.0,-999.0,-999.0,
1968,0.438,6.001,0.206,9.262,3.743,0.0,-999.0,0.193,2.625,2.724,0.101,0.046,0.059,7.134,0.182,0.714,0.0,0.0,0.0,0.024,0.081,0.171,0.097,0.414,4.28,6.196,0.0,0.035,7.067,0.004,1.544,0.495,0.041,5.139,1.364,0.001,0.0,3.361,2.404,1.17,3.989,9.446,0.0,0.159,3.128,0.055,0.068,0.008,0.0,-999.0,-999.0,
1969,1.257,7.215,10.281,12.715,4.977,0.0,-999.0,0.848,0.865,2.265,0.104,0.046,0.055,10.2,0.287,5.785,0.0,0.0,0.0,0.016,0.081,3.27,1.256,1.731,3.221,10.617,0.0,0.035,10.892,0.004,0.507,0.841,0.042,23.929,0.496,0.001,0.0,0.893,2.537,1.623,32.446,12.324,0.0,0.159,0.882,0.055,0.04,0.008,0.0,-999.0,-999.0,
1970,0.476,10.576,5.349,13.827,4.688,0.0,-999.0,0.341,1.159,2.431,0.402,0.315,0.347,19.446,0.182,1.614,0.0,0.0,0.0,0.016,0.136,0.872,3.152,0.94,8.17,7.412,0.0,0.035,8.13,0.004,0.621,0.498,0.042,27.745,1.774,0.001,0.0,2.635,5.469,0.363,19.481,11.488,0.0,0.206,3.227,0.055,0.04,0.008,0.0,-999.0,-999.0,
1971,0.055,10.439,3.912,15.034,5.56,0.0,-999.0,0.104,0.307,3.501,0.206,0.046,0.128,7.391,0.287,1.13,0.0,0.0,0.0,0.323,0.095,0.4,0.834,1.723,3.011,10.891,0.0,0.035,5.434,0.004,0.206,1.5,0.172,13.631,3.188,0.001,0.0,0.168,4.417,0.213,11.438,12.229,0.0,0.159,6.358,0.055,0.04,0.008,0.0,-999.0,-999.0,
1972,0.468,8.243,4.505,12.878,2.573,-999.0,-999.0,0.074,1.003,3.233,0.049,0.046,0.06,2.444,0.182,0.973,0.006,0.0,0.0,0.016,0.081,0.622,0.624,0.421,0.789,7.955,0.0,0.035,6.979,0.004,0.206,0.471,0.042,7.108,4.243,0.001,0.0,0.168,1.11,0.197,8.861,10.038,0.0,0.146,3.016,0.055,0.04,0.008,0.0,-999.0,-999.0,
1973,0.055,9.582,1.31,14.007,4.37,0.0,-999.0,0.168,0.265,2.406,0.049,0.046,0.06,7.997,0.117,0.721,0.006,0.0,0.0,0.016,0.178,0.121,0.28,1.143,3.27,6.064,0.0,0.212,8.518,0.004,0.206,1.558,0.037,6.624,1.009,0.001,0.0,0.263,5.398,0.33,6.119,11.247,0.0,0.159,2.465,0.055,0.065,0.008,0.0,-999.0,-999.0,
1974,0.055,10.628,2.613,9.704,4.328,0.0,-999.0,0.171,0.265,2.222,0.313,0.046,2.026,15.005,0.182,0.897,0.006,0.0,0.0,0.014,0.251,0.389,3.917,0.648,9.198,5.489,0.0,0.035,9.023,0.004,0.206,0.619,0.042,14.468,0.87,0.0,0.0,0.342,7.422,0.197,13.908,12.517,0.0,0.269,1.662,0.055,0.154,0.008,0.0,-999.0,-999.0,
1975,0.055,3.709,0.537,10.133,2.721,0.0,-999.0,0.136,0.35,3.559,0.091,0.046,0.227,6.744,0.182,0.714,1.0,0.0,0.5,0.016,0.174,0.121,1.087,1.01,2.285,5.819,0.667,0.212,4.882,0.004,0.206,1.284,0.042,2.685,1.069,0.0,1.0,0.525,4.829,0.197,4.005,8.41,0.98,0.159,3.012,0.055,0.064,0.008,0.0,-999.0,-999.0,
1976,0.337,3.407,0.846,14.637,3.466,0.0,-999.0,0.065,0.278,1.464,0.331,0.147,0.828,8.524,0.182,0.721,0.0,0.0,0.0,0.014,1.638,0.259,0.792,0.695,3.863,4.095,0.0,0.035,5.153,0.004,0.435,2.863,0.042,13.246,0.294,0.001,0.0,0.342,11.169,0.213,4.777,10.461,0.0,0.159,0.987,0.055,0.179,0.491,0.0,-999.0,-999.0,
1977,4.118,7.617,4.077,12.272,4.285,0.0,-999.0,0.487,4.777,2.007,0.512,0.046,1.857,9.258,0.304,2.428,0.0,0.0,0.5,0.051,0.202,2.266,1.005,1.185,3.636,4.5,0.0,0.389,13.25,0.342,3.005,0.858,0.148,13.566,3.939,0.001,0.0,5.719,3.806,1.288,15.473,9.501,0.0,1.213,5.774,0.102,0.116,0.491,0.0,-999.0,-999.0,
1978,0.617,10.389,13.848,13.469,5.228,0.0,-999.0,0.1,2.749,2.266,0.419,0.419,0.061,23.857,0.287,2.348,0.0,0.0,0.0,0.014,0.194,0.59,2.144,0.71,4.629,12.123,0.0,0.035,17.165,0.004,0.269,2.275,0.042,37.789,3.16,0.001,0.0,1.054,3.028,0.513,24.667,11.306,0.0,0.159,1.999,0.055,0.04,0.491,0.0,-999.0,-999.0,
1979,0.468,11.947,0.059,14.028,4.147,0.0,-999.0,0.088,1.235,2.435,0.094,0.046,0.166,6.01,0.182,0.721,0.0,0.0,0.0,0.016,0.266,0.227,0.13,0.712,2.157,9.372,0.0,0.035,7.033,0.004,0.278,0.635,0.042,8.076,1.902,0.001,0.0,0.365,1.949,0.197,5.521,12.958,0.0,0.159,3.728,0.063,0.065,0.974,0.0,-999.0,-999.0,
1980,13.134,8.909,37.179,12.011,7.56,0.0,-999.0,0.355,10.879,1.58,1.762,2.113,2.098,36.334,4.557,11.23,0.0,0.0,0.0,0.0,0.631,13.556,24.209,0.998,12.186,5.555,0.0,0.824,23.698,0.23,1.804,1.543,0.096,46.216,1.008,0.001,0.0,6.652,5.694,7.597,44.097,11.098,0.0,1.353,1.469,0.273,0.129,0.491,0.0,-999.0,-999.0,
1981,1.54,6.929,1.497,14.091,4.776,0.0,-999.0,2.786,7.068,1.672,0.085,0.046,0.335,7.076,0.182,2.536,0.0,0.0,0.0,0.003,0.081,2.222,0.275,1.227,3.197,8.02,0.0,0.035,12.143,0.004,0.86,1.587,0.042,16.052,3.816,0.001,0.0,2.673,2.443,0.197,9.363,12.67,0.0,0.142,5.387,0.055,0.04,0.491,0.0,-999.0,-999.0,
1982,0.055,3.791,0.935,8.3,3.725,0.0,-999.0,0.153,0.265,1.382,0.101,0.046,0.17,7.059,0.182,0.79,0.0,0.0,0.0,0.005,0.081,0.121,0.78,0.529,2.099,1.796,0.0,0.035,6.364,0.004,0.346,0.581,0.042,18.185,0.603,0.001,0.0,0.29,1.659,0.197,16.985,9.622,0.0,0.159,2.375,0.055,0.04,0.008,0.0,-999.0,-999.0,
1983,4.022,3.323,10.542,11.514,4.183,0.0,-999.0,0.418,5.831,1.46,3.878,3.193,3.865,27.426,6.976,0.911,0.0,-999.0,0.0,0.005,0.31,1.006,10.975,2.707,8.816,2.486,0.0,0.774,8.555,0.0,5.621,3.835,0.365,30.584,0.59,0.001,0.0,6.272,5.707,2.983,10.279,9.411,0.0,1.639,1.238,0.055,0.34,0.0,0.0,-999.0,-999.0,
1984,0.0,2.254,2.209,14.756,3.208,0.0,-999.0,0.152,0.629,2.732,0.112,0.149,0.584,13.937,0.182,0.721,0.0,0.0,0.0,0.016,0.237,0.121,2.839,1.333,3.229,2.485,0.0,0.065,3.513,0.0,0.206,1.707,0.04,17.824,0.666,0.001,0.0,0.456,2.001,0.182,16.39,10.987,0.0,0.159,1.99,0.055,0.157,0.0,0.0,-999.0,-999.0,
1985,1.544,9.846,3.88,12.229,4.493,0.0,-999.0,1.938,2.355,3.652,0.099,0.05,0.705,11.997,0.18,1.359,0.0,0.0,0.0,0.016,0.347,0.699,0.591,1.779,3.708,7.66,0.0,0.065,8.863,0.0,0.215,0.909,0.042,25.349,1.448,0.002,0.0,1.735,2.853,0.197,22.004,14.512,0.0,0.159,2.881,0.002,0.042,1.456,0.0,-999.0,-999.0,
1986,1.796,4.479,8.374,9.195,2.569,0.0,-999.0,0.633,7.329,1.881,0.106,0.05,0.075,7.063,1.254,3.137,0.0,0.0,0.0,0.016,0.083,3.234,2.612,0.531,2.069,2.35,0.0,0.242,6.724,0.117,2.938,0.192,0.042,13.951,1.136,0.001,0.0,8.22,0.802,1.061,14.315,12.521,0.0,0.726,2.176,0.055,0.04,0.008,0.0,-999.0,-999.0,
1987,1.09,4.288,6.219,11.55,2.959,0.0,-999.0,0.141,1.838,1.599,1.704,0.179,1.25,8.065,0.531,1.216,0.0,0.0,0.0,0.05,0.275,0.637,4.708,0.46,3.876,2.869,0.0,0.035,8.992,0.004,1.033,0.284,0.042,11.079,2.53,0.001,0.0,0.68,3.757,0.685,9.047,9.98,0.0,0.783,1.964,0.055,0.068,0.008,0.0,-999.0,-999.0,
1988,2.201,3.645,2.943,14.316,3.957,0.0,-999.0,0.064,0.804,3.232,10.296,5.423,8.785,15.842,5.511,1.487,0.0,0.0,0.167,1.205,5.488,1.576,7.585,2.901,10.008,7.222,1.333,1.134,3.414,0.059,2.294,7.497,3.216,21.574,4.329,1.105,0.0,1.571,13.227,4.066,11.951,13.282,0.0,2.268,3.342,2.387,3.481,1.456,0.0,-999.0,-999.0,
1989,0.222,10.969,0.219,8.289,4.182,0.0,-999.0,0.461,0.614,1.508,0.679,0.046,0.465,4.067,0.182,0.806,0.0,0.0,0.333,0.016,0.389,0.112,0.321,1.083,3.969,4.903,0.0,0.072,11.598,0.004,0.314,2.116,0.042,6.46,0.323,0.001,0.0,0.235,4.288,0.197,13.995,14.695,0.0,0.159,1.133,0.006,0.068,0.008,0.0,-999.0,-999.0,
1990,2.958,9.134,4.507,13.182,6.176,0.0,-999.0,0.31,4.923,5.173,0.545,0.149,0.567,17.129,0.912,2.884,0.0,0.0,0.0,0.016,0.53,2.629,2.21,2.187,6.081,7.668,0.0,0.035,13.955,0.004,0.761,0.356,0.038,25.16,3.68,0.001,0.0,3.577,2.269,1.834,14.874,16.264,0.0,0.391,3.098,0.006,0.042,0.008,0.0,-999.0,-999.0,
1991,0.055,3.476,1.041,10.721,2.846,0.0,-999.0,0.064,0.573,1.642,0.592,0.352,0.125,12.868,0.304,0.721,0.0,0.0,0.0,0.05,0.075,0.198,3.105,1.014,4.06,3.856,0.0,0.035,7.206,0.245,0.371,1.063,0.042,9.11,0.786,0.001,0.0,0.334,4.441,0.283,4.903,10.282,0.0,0.459,1.538,0.055,0.04,0.008,0.0,-999.0,-999.0,
1992,0.055,2.85,0.283,10.337,2.196,0.0,-999.0,0.249,0.265,3.98,0.085,0.046,0.06,1.166,0.301,0.721,0.0,-999.0,0.0,0.016,0.034,0.277,0.065,0.408,0.071,5.402,0.0,0.035,8.818,0.004,0.718,0.192,0.039,2.521,4.459,0.001,0.0,0.913,0.411,0.192,3.887,12.214,0.0,0.104,4.99,0.055,0.04,0.008,0.0,-999.0,-999.0,
1993,1.418,7.664,3.372,8.468,2.562,0.0,-999.0,0.987,5.14,1.059,0.101,0.046,0.06,3.582,0.302,1.774,0.0,0.0,0.0,0.016,0.036,0.424,0.406,0.375,0.116,2.114,0.0,0.566,10.849,0.372,2.331,0.12,0.042,16.118,0.817,0.201,0.0,6.591,0.357,0.649,14.289,9.485,0.0,0.198,0.832,0.055,0.043,0.008,0.0,-999.0,-999.0,
1994,0.071,11.671,0.271,9.938,5.695,0.0,-999.0,0.064,0.265,4.354,0.132,0.046,0.061,6.375,0.182,0.721,0.0,0.0,0.0,0.014,0.036,0.214,0.065,0.528,0.946,9.193,0.0,0.212,19.247,0.004,0.206,0.248,0.042,19.088,3.132,0.001,0.0,0.43,0.691,0.192,14.308,20.323,0.0,0.151,4.164,0.055,0.038,0.008,0.0,-999.0,-999.0,
1995,3.481,11.13,3.81,11.936,6.493,-999.0,-999.0,0.512,2.951,1.161,1.164,0.261,1.335,10.012,0.594,2.662,0.0,0.0,0.248,0.646,0.339,0.996,0.684,1.135,6.707,2.854,0.0,0.686,10.02,0.287,0.352,0.763,0.155,13.049,0.873,0.201,0.0,1.221,2.547,0.349,13.599,13.856,0.02,0.159,0.982,0.163,0.889,0.008,0.0,-999.0,-999.0,
1996,0.055,9.902,0.453,16.002,2.738,-999.0,-999.0,0.132,0.554,2.607,0.082,0.046,0.052,4.581,0.706,0.721,0.0,0.0,0.0,0.016,0.035,0.213,0.183,1.005,0.6,8.615,0.0,0.035,11.779,0.0,0.235,0.303,0.042,14.468,5.757,0.001,0.0,0.982,0.625,0.197,16.673,15.381,0.02,0.159,3.351,0.103,0.039,0.008,0.0,-999.0,-999.0,
1997,0.055,8.729,2.31,8.221,3.429,0.0,-999.0,0.09,1.335,1.177,0.214,0.08,0.091,3.807,0.477,0.976,0.0,0.0,0.0,0.016,0.036,0.212,0.738,0.414,1.825,1.88,0.0,0.212,10.423,0.0,0.281,0.247,0.042,8.363,0.426,0.001,0.0,0.728,0.505,0.49,7.804,9.755,0.02,0.456,1.737,0.055,0.04,0.008,0.0,-999.0,-999.0,
1998,0.544,10.098,10.889,13.698,5.925,-999.0,-999.0,2.249,5.137,3.342,0.128,0.052,0.06,13.611,0.301,10.802,0.0,0.0,0.0,0.016,0.038,1.728,0.768,1.002,4.037,10.282,0.0,0.035,18.28,0.0,0.518,0.23,0.042,50.761,4.685,0.001,0.0,3.743,1.475,0.271,42.053,14.914,0.02,0.318,6.114,0.055,0.04,0.008,0.0,-999.0,-999.0,
1999,1.85,4.154,7.437,8.217,3.404,-999.0,-999.0,0.556,5.177,1.518,0.721,0.949,0.412,8.167,3.298,6.174,0.0,0.0,0.0,0.046,0.04,1.973,3.667,0.974,2.042,2.449,0.0,1.682,9.248,0.244,1.75,0.743,0.274,22.994,0.532,0.001,0.0,6.643,1.607,2.671,19.221,9.892,0.02,1.36,1.682,0.055,0.212,0.008,0.0,-999.0,-999.0,
2000,6.917,9.004,16.336,12.175,6.365,-999.0,-999.0,0.367,3.211,2.299,0.097,0.074,0.36,22.908,0.497,14.359,0.0,0.0,0.0,0.005,0.094,13.494,4.365,1.988,6.485,6.332,0.0,0.035,20.263,0.0,0.27,0.465,0.047,48.956,0.671,0.001,0.0,3.396,2.941,2.331,36.08,20.487,0.0,0.159,1.209,0.055,0.039,0.008,0.0,-999.0,-999.0,
2001,0.055,7.19,1.702,11.371,7.484,-999.0,-999.0,0.064,0.265,2.405,0.077,0.067,0.082,16.911,0.182,0.79,0.0,0.0,0.0,0.114,0.092,0.13,0.372,1.237,4.18,10.39,0.0,0.581,14.339,0.293,0.256,0.705,0.042,37.69,1.336,0.201,0.0,0.898,2.761,0.197,21.027,15.686,0.0,0.159,2.943,0.055,0.04,0.008,0.0,-999.0,-999.0,
2002,0.396,11.664,0.629,11.688,10.801,-999.0,-999.0,0.101,2.187,2.7,0.233,0.244,0.225,11.952,0.889,0.938,0.0,0.0,0.0,0.016,0.04,0.079,0.348,3.212,8.732,10.277,0.333,0.952,20.042,0.0,1.26,1.154,0.042,13.984,2.959,0.001,0.0,2.569,5.753,0.24,5.768,24.765,0.0,1.028,3.402,0.055,0.068,0.008,0.0,-999.0,-999.0,
2003,0.055,14.928,2.289,13.947,13.964,0.0,-999.0,0.064,0.161,5.481,0.131,0.074,0.724,18.874,0.182,1.387,0.0,0.0,0.0,0.014,0.056,0.096,4.131,4.357,6.503,10.677,0.0,0.035,18.116,0.0,0.206,1.658,0.042,31.651,4.365,0.029,0.0,0.168,3.758,0.197,13.844,22.138,0.0,0.488,4.629,0.055,0.039,1.456,0.0,-999.0,-999.0,
2004,0.055,3.844,0.144,8.481,3.077,0.0,-999.0,0.074,0.474,2.577,0.113,0.052,0.062,3.543,0.18,0.721,0.0,0.0,0.0,0.014,0.04,0.135,0.084,0.87,1.568,2.868,0.0,0.035,10.156,0.0,0.235,0.375,0.042,11.531,2.039,0.022,0.0,0.23,1.262,0.197,4.541,10.298,0.0,0.159,3.816,0.002,0.038,0.008,0.0,-999.0,-999.0,
2005,0.171,10.377,4.526,9.67,9.773,0.0,-999.0,0.064,0.141,2.492,0.838,0.074,0.414,8.551,0.447,2.58,0.0,-999.0,0.0,0.024,0.056,1.309,2.245,1.177,4.724,10.624,0.0,0.035,14.999,0.0,1.041,0.505,0.042,9.529,1.485,0.001,0.0,1.082,3.425,0.211,12.987,17.256,0.0,0.347,1.506,0.002,0.038,0.974,0.0,-999.0,-999.0,
2006,4.024,7.274,9.166,13.231,6.154,0.0,-999.0,0.247,1.95,5.034,0.248,0.046,0.267,16.75,0.287,4.604,0.0,0.0,0.0,0.151,0.167,6.243,3.014,1.833,7.88,9.222,0.0,0.566,15.253,0.0,0.418,2.158,0.026,39.881,4.548,0.001,0.0,2.609,7.901,0.709,25.443,15.022,0.0,0.311,4.94,0.055,0.196,2.422,0.0,-999.0,-999.0,
2007,10.237,11.016,8.88,10.602,4.649,0.0,-999.0,0.101,5.836,4.148,0.785,0.437,0.099,6.751,7.08,5.264,0.0,0.0,0.0,0.0,0.04,7.879,3.475,4.244,2.792,14.938,0.0,0.035,10.294,0.0,3.144,2.102,0.049,10.111,1.312,0.001,0.0,5.648,3.816,7.996,3.792,16.075,0.0,1.064,2.61,0.055,0.04,0.491,0.0,-999.0,-999.0,
2008,0.56,5.891,4.234,13.729,5.08,0.0,-999.0,0.104,0.816,2.614,0.071,0.046,0.068,6.468,0.115,2.68,0.0,0.0,0.0,0.016,0.061,0.472,0.251,0.668,1.553,5.596,0.0,0.0,10.924,0.004,0.802,0.248,0.056,17.537,3.534,0.001,0.0,4.206,0.516,0.236,15.583,11.759,0.0,0.159,3.141,0.055,0.04,0.0,0.0,-999.0,-999.0,
2009,0.043,5.729,0.915,14.437,2.52,0.0,-999.0,0.124,0.637,2.47,0.08,0.046,0.062,4.269,0.115,5.636,0.0,0.0,0.0,0.016,0.058,2.001,0.088,0.314,0.436,5.165,0.0,0.0,12.57,0.004,0.3,0.12,0.046,29.099,3.606,0.001,0.0,0.781,0.437,0.22,30.657,11.959,0.0,0.159,3.936,0.055,0.04,-999.0,0.0,-999.0,-999.0,
2010,2.422,7.873,8.567,12.229,3.908,0.0,-999.0,0.538,2.388,1.377,0.38,0.257,0.095,12.01,1.719,5.434,0.0,0.0,0.0,0.016,0.04,4.865,1.883,0.506,1.072,5.474,0.024,0.791,16.61,0.342,0.784,0.194,0.089,29.969,0.95,0.001,0.0,3.634,1.023,1.606,16.433,11.945,0.0,0.969,1.08,0.055,0.04,0.0,0.0,-999.0,-999.0,
2011,1.946,9.386,17.922,7.695,4.752,0.0,-999.0,0.458,5.165,1.003,1.167,0.603,0.597,30.615,1.392,14.623,0.0,0.0,0.333,0.016,0.385,4.488,6.609,0.608,2.873,1.326,0.333,0.63,31.717,0.339,1.863,0.12,0.198,69.716,0.316,0.599,1.0,7.566,2.277,1.131,67.443,12.044,0.0,0.359,0.967,0.055,0.128,0.0,0.0,-999.0,-999.0,
2012,3.209,9.858,14.494,15.188,11.481,0.0,-999.0,0.069,3.729,2.292,8.079,7.575,3.851,28.953,10.561,3.527,0.0,0.0,0.0,0.704,0.141,2.967,14.225,0.939,15.802,6.962,0.0,0.317,19.499,0.117,2.582,1.048,1.853,43.951,0.971,0.402,0.0,3.266,8.123,6.325,26.224,11.861,0.0,0.569,2.148,0.055,1.436,0.743,0.0,-999.0,-999.0,
2013,0.0,11.269,1.312,11.13,4.055,0.0,-999.0,0.066,0.219,3.341,0.126,0.052,0.547,10.554,0.248,0.788,0.0,0.0,0.0,0.005,0.21,0.205,0.251,0.401,3.217,12.088,0.0,0.035,15.165,0.004,0.206,0.251,0.021,23.699,0.886,0.004,0.0,0.151,0.912,0.236,18.176,11.973,0.0,0.214,1.812,0.055,0.065,0.008,0.0,-999.0,-999.0,
2014,0.186,9.046,0.874,13.552,3.189,0.0,-999.0,0.126,0.219,3.412,0.07,0.052,0.07,7.194,0.25,0.719,0.0,0.0,0.0,0.005,0.062,0.743,0.664,0.373,1.6,8.564,0.0,0.035,13.47,0.004,0.206,0.12,0.023,15.855,1.927,0.004,0.0,0.466,0.749,0.197,12.105,11.592,0.0,0.159,3.907,0.055,0.04,0.008,0.0,-999.0,-999.0,
2015,0.399,8.821,3.091,14.829,2.677,0.0,-999.0,0.157,0.219,6.941,0.072,0.043,0.063,5.82,0.117,6.439,0.0,0.0,0.0,0.005,0.071,1.598,0.125,1.461,1.209,7.775,0.0,0.035,11.626,0.004,0.806,0.941,0.031,18.825,4.358,0.001,0.0,1.984,0.653,0.253,15.245,12.319,0.0,0.159,5.671,0.055,0.04,0.0,0.0,-999.0,-999.0,
2016,0.399,14.363,1.316,13.407,3.763,0.0,-999.0,0.069,0.771,2.296,0.112,0.043,0.057,5.958,0.282,2.121,0.0,0.0,0.0,0.005,0.101,0.636,0.125,0.529,2.302,9.082,0.0,0.035,20.674,0.059,0.529,0.163,0.028,13.533,2.338,0.001,0.0,0.74,1.699,0.239,14.81,13.152,0.0,1.316,1.257,0.055,0.04,0.743,0.0,-999.0,-999.0,
2017,0.186,16.617,0.378,18.706,4.057,0.0,-999.0,0.26,0.386,3.317,0.124,0.043,0.096,7.514,0.108,0.697,0.0,0.0,0.0,0.005,0.101,0.248,0.987,1.819,3.075,15.899,0.0,0.035,12.715,0.004,0.355,0.811,0.028,10.431,3.632,0.004,0.0,0.274,3.174,0.201,12.168,12.801,0.0,0.328,2.338,0.055,0.04,0.974,0.0,-999.0,-999.0,
2018,0.067,13.732,2.138,10.94,5.113,0.0,-999.0,0.141,0.372,4.287,0.096,0.043,0.272,4.519,0.108,2.442,0.0,0.0,0.0,0.005,0.253,0.235,0.619,1.73,1.344,20.646,0.0,0.42,19.161,0.004,0.206,1.109,0.028,19.08,2.18,0.0,0.0,0.168,1.283,0.24,24.785,13.607,0.0,0.159,2.748,0.055,0.04,0.008,0.0,-999.0,-999.0,
2019,7.746,11.409,0.853,12.292,4.114,0.0,-999.0,0.39,0.633,1.255,0.068,0.047,0.057,5.615,0.597,3.244,0.0,0.0,0.0,0.013,0.115,0.272,0.117,0.401,1.236,7.642,0.0,0.035,20.42,0.004,0.413,0.149,0.028,22.797,1.067,0.0,0.0,1.849,0.577,0.229,21.179,12.736,0.0,0.206,1.302,0.055,0.028,0.239,0.0,-999.0,-999.0,
2020,0.082,24.241,0.124,19.142,5.085,0.0,-999.0,0.468,0.372,3.597,0.09,0.039,0.123,4.817,0.108,1.164,0.0,0.0,0.0,0.013,0.158,0.12,0.05,0.718,2.352,18.707,0.0,0.035,26.369,0.004,0.292,0.276,0.028,12.819,2.99,0.0,0.0,0.168,1.41,0.188,24.071,17.106,0.0,0.162,3.214,0.055,0.04,0.239,0.0,-999.0,-999.0,
2021,0.0,15.088,0.589,16.642,6.657,0.0,-999.0,0.353,0.362,10.17,0.09,0.172,0.288,9.161,0.108,1.892,0.0,0.0,0.0,0.017,0.373,0.183,0.086,2.748,3.434,27.56,0.0,0.035,14.593,0.0,0.256,2.778,0.028,7.461,6.554,0.0,0.0,0.151,4.336,0.198,6.265,20.646,0.0,0.233,8.328,0.055,0.04,0.239,0.0,-999.0,-999.0,
