Year,AL,AZ,AR,CA,CO,CT,DE,FL,GA,ID,IL,IN,IA,KS,KY,LA,ME,MD,MA,MI,MN,MS,MO,MT,NE,NV,NH,NJ,NM,NY,NC,ND,OH,OK,OR,PA,RI,SC,SD,TN,TX,UT,VT,VA,WA,WV,WI,WY,AK,HI,PR,VI
1900,22.892,1.62,14.378,5.892,2.305,11.0,-999.0,20.169,19.115,2.676,8.289,8.839,9.885,7.021,10.854,19.8,17.196,-999.0,16.555,6.864,7.021,21.886,11.523,1.688,7.378,2.43,6.0,8.488,0.976,7.568,15.036,3.103,5.991,13.084,4.209,8.185,15.0,14.577,6.115,12.33,13.582,1.733,9.709,12.559,5.236,7.736,9.029,1.85,-999.0,-999.0,-999.0,
1901,17.892,2.413,10.509,6.078,1.443,17.0,-999.0,16.818,18.148,1.22,4.667,6.111,5.734,4.395,8.912,14.714,12.144,-999.0,16.557,5.31,5.909,16.763,7.323,1.858,6.499,1.93,8.0,10.704,0.976,7.951,20.246,5.098,6.525,6.651,6.102,10.831,18.0,14.364,4.542,15.14,6.423,0.951,4.576,18.198,5.252,8.889,4.855,1.85,-999.0,-999.0,-999.0,
1902,14.516,1.002,18.096,6.491,1.625,19.0,-999.0,15.742,15.696,1.484,10.832,8.042,12.538,9.102,13.03,14.33,12.183,-999.0,12.854,5.855,6.796,13.024,13.271,2.616,9.339,0.049,6.0,14.787,3.575,8.427,12.278,3.288,7.236,13.324,6.676,6.224,14.0,13.186,4.39,15.008,10.654,1.562,4.547,7.149,7.458,10.203,8.167,1.387,-999.0,-999.0,-999.0,
1903,15.086,1.736,13.531,5.686,1.591,12.0,-999.0,17.167,15.42,0.979,9.3,9.073,8.871,8.344,11.213,15.434,8.601,-999.0,12.362,5.583,8.845,15.38,10.794,1.215,8.128,1.93,5.0,12.79,0.973,9.08,15.275,5.542,7.484,8.917,6.095,7.009,22.0,12.507,4.409,14.43,10.425,1.059,4.264,11.663,5.186,8.324,7.931,0.633,-999.0,-999.0,-999.0,
1904,12.637,2.155,13.079,7.745,2.724,8.0,-999.0,14.805,9.106,0.91,9.362,8.998,6.464,8.087,8.347,12.009,13.38,3.0,12.358,5.301,4.943,11.679,12.912,0.821,6.726,0.549,5.0,8.645,4.39,5.827,10.321,3.509,7.448,8.591,7.907,5.815,14.0,10.461,3.922,10.177,9.081,1.734,6.178,5.211,5.278,2.84,8.758,0.633,-999.0,-999.0,-999.0,
1905,17.039,6.133,21.578,6.31,3.371,6.0,-999.0,16.785,15.301,0.666,8.783,11.996,9.053,7.74,12.635,26.554,8.708,11.0,8.278,7.065,8.473,20.011,13.965,1.222,8.352,0.068,6.0,7.533,4.86,8.615,14.974,4.68,8.262,11.321,3.619,8.856,15.0,10.799,5.91,13.565,13.582,2.581,6.932,10.663,5.923,10.388,8.708,0.571,-999.0,14.241,26.0,
1906,18.255,3.123,18.302,10.679,2.7,6.0,-999.0,17.556,16.221,2.293,9.052,9.812,7.339,6.694,13.697,15.29,12.667,10.0,14.571,6.164,6.027,16.542,9.876,1.822,7.231,0.068,5.0,9.783,1.21,8.021,14.123,4.484,6.344,9.918,6.207,4.508,15.0,15.898,6.475,14.75,9.796,3.563,4.995,11.598,5.942,7.562,7.584,3.299,-999.0,16.461,-999.0,
1907,18.061,2.961,15.466,6.856,1.495,13.0,-999.0,14.592,14.692,0.982,10.588,11.631,7.567,6.059,12.401,18.712,12.147,10.0,10.097,4.335,5.04,17.908,10.986,1.831,5.011,0.09,9.0,11.615,1.779,7.222,13.483,1.791,7.412,10.403,8.583,5.676,12.0,12.229,4.46,13.867,10.838,2.292,7.722,10.25,6.55,11.188,6.295,1.3,-999.0,24.406,27.0,
1908,16.191,3.268,15.216,4.413,2.266,10.0,-999.0,12.723,16.062,1.042,7.821,6.966,8.36,8.303,9.753,16.496,7.235,12.0,9.411,5.801,6.842,16.982,12.081,2.332,7.045,0.403,1.0,13.834,1.195,6.945,16.645,2.689,5.823,17.356,3.954,6.367,11.0,16.388,6.562,13.702,10.252,3.549,5.793,11.92,5.228,6.622,6.206,2.414,-999.0,13.113,24.0,
1909,20.055,2.629,13.769,12.959,1.765,10.0,-999.0,13.461,15.823,1.505,11.314,11.676,10.642,8.066,12.249,15.642,13.907,7.0,10.823,7.56,6.821,20.064,14.131,2.222,6.056,0.549,4.0,11.056,0.826,5.629,12.829,2.534,8.265,7.192,8.658,6.518,15.0,11.601,4.589,15.532,7.617,2.456,5.279,9.073,6.472,7.874,8.089,0.979,-999.0,13.542,-999.0,
1910,13.026,1.418,15.201,3.009,2.101,12.0,-999.0,15.063,12.507,0.427,6.332,9.085,3.652,5.148,14.445,16.265,5.701,1.0,7.069,4.228,2.251,14.551,10.746,0.951,3.86,0.5,3.0,8.286,1.198,6.569,13.018,1.866,7.892,4.581,5.024,6.995,13.0,12.979,2.017,10.867,6.582,0.903,5.4,7.393,6.145,5.55,4.165,1.387,-999.0,15.145,26.0,
1911,15.54,3.457,14.172,7.993,1.89,9.0,-999.0,12.111,14.39,1.112,8.72,7.416,7.395,6.378,12.47,21.115,7.453,15.0,9.047,6.454,5.849,18.955,10.253,2.209,6.173,0.069,5.0,12.253,2.006,5.582,11.177,2.707,6.74,8.817,4.016,7.46,18.0,11.109,4.299,14.554,9.524,0.278,4.883,8.453,4.225,10.196,8.439,0.771,-999.0,16.427,24.0,
1912,21.393,2.019,14.047,4.85,2.467,14.0,-999.0,18.111,20.44,1.589,8.04,7.861,6.137,6.988,11.517,20.005,13.436,12.0,11.269,7.333,3.592,20.507,11.67,1.672,4.638,0.5,7.0,13.681,1.585,6.355,11.915,4.08,7.538,8.445,6.889,6.28,21.0,14.704,3.414,15.932,8.3,1.4,5.793,10.542,5.76,8.207,7.272,0.736,-999.0,11.243,30.0,
1913,15.986,1.808,16.566,5.882,1.849,13.0,-999.0,11.428,12.934,1.142,8.563,9.685,7.019,5.075,12.866,21.292,8.441,7.0,12.191,4.086,6.611,19.24,9.991,1.724,5.449,0.657,5.0,10.547,1.42,8.948,15.161,1.851,8.834,9.402,5.752,9.013,12.0,16.058,3.416,13.873,11.601,1.139,7.585,11.167,4.513,12.49,8.655,1.366,-999.0,14.988,26.0,
1914,13.229,2.105,12.665,8.348,2.483,7.0,-999.0,14.026,14.17,0.54,5.464,7.23,8.392,5.91,9.876,15.118,7.69,9.0,10.6,6.229,7.002,14.981,9.577,1.874,5.283,0.324,6.0,6.954,2.84,7.232,11.665,4.407,7.7,6.747,4.964,5.232,15.0,11.81,4.296,11.318,11.959,3.032,5.569,7.871,4.582,6.875,7.679,0.306,-999.0,16.21,37.0,
1915,18.411,2.807,18.489,9.006,2.314,13.0,-999.0,17.823,16.611,0.723,9.252,9.426,9.448,11.294,16.727,18.481,10.263,8.0,14.409,4.875,6.093,19.132,14.332,1.957,10.058,0.0,4.0,10.396,3.117,8.916,14.301,3.4,7.768,14.033,5.028,5.888,16.0,15.124,5.783,16.35,9.82,2.539,6.303,10.926,5.354,8.833,6.666,3.502,-999.0,21.809,27.0,
1916,14.838,3.408,14.575,9.172,1.727,13.0,-999.0,13.864,13.389,1.449,8.857,9.291,7.06,5.476,13.083,17.19,10.98,6.0,10.898,5.921,5.687,15.138,10.652,2.272,4.677,0.324,6.0,5.419,3.194,6.932,11.534,4.314,6.59,9.421,6.986,5.922,-999.0,11.389,3.834,15.15,8.618,1.997,3.843,7.636,6.478,9.807,7.741,0.223,-999.0,34.032,16.0,
1917,17.246,2.247,12.063,4.162,1.279,14.0,-999.0,11.038,15.036,0.813,8.276,8.301,6.211,4.654,13.154,10.429,11.452,9.0,10.117,4.475,3.266,14.679,8.625,1.044,5.03,1.0,2.0,7.444,0.511,7.246,13.211,0.932,7.55,5.958,5.577,6.292,-999.0,11.139,2.871,14.706,4.7,0.481,4.23,7.455,5.632,9.026,4.398,1.179,-999.0,10.585,20.0,
1918,18.856,2.031,13.433,5.688,1.926,9.0,-999.0,15.754,15.802,0.823,10.347,9.789,7.398,7.418,9.756,17.408,9.241,11.0,8.514,5.095,5.156,16.322,10.44,1.343,4.924,0.25,3.0,7.516,1.674,8.308,13.368,3.165,4.908,11.307,4.759,6.372,14.0,13.203,4.319,12.065,9.929,0.962,7.082,12.642,4.874,11.258,6.213,1.632,-999.0,28.816,27.0,
1919,23.116,3.052,18.03,5.646,2.267,8.0,-999.0,15.274,16.13,0.409,9.251,9.534,9.561,6.083,16.284,23.84,6.496,9.0,11.007,5.736,5.179,22.31,12.676,0.493,5.791,0.0,6.0,9.584,2.945,6.995,12.514,2.577,8.06,9.154,7.027,6.779,23.0,13.448,4.1,14.423,15.433,0.952,5.68,10.252,5.127,12.732,7.114,0.719,-999.0,6.989,23.0,
1920,20.438,2.301,18.0,4.764,1.909,-999.0,-999.0,15.905,20.314,0.675,6.681,8.786,7.519,6.043,14.013,21.047,17.006,4.0,14.32,4.294,5.16,18.508,10.324,0.903,6.191,0.324,9.0,13.178,1.523,8.637,16.022,2.829,7.08,11.62,5.52,5.584,15.0,15.669,5.503,15.976,11.074,1.527,10.973,9.667,5.896,10.114,6.65,1.245,-999.0,9.601,23.0,
1921,14.689,2.827,15.565,4.928,2.239,-999.0,-999.0,12.659,12.276,1.315,10.515,12.254,8.161,5.456,11.748,15.376,5.032,13.0,6.666,6.6,3.991,14.408,12.614,1.137,5.234,0.5,2.0,10.223,2.135,5.141,10.461,3.356,7.097,9.86,7.278,6.913,13.0,10.778,4.9,12.915,9.262,1.756,3.887,7.782,5.775,10.299,6.511,0.578,-999.0,17.03,24.0,
1922,19.298,2.489,13.803,7.684,1.174,13.0,-999.0,15.637,17.804,0.847,7.99,9.949,7.542,7.913,11.424,21.804,11.379,9.0,11.487,6.733,3.738,18.096,11.631,1.32,5.525,0.5,7.0,8.173,0.892,7.67,16.442,3.204,6.941,10.193,6.09,5.958,16.0,18.576,3.677,14.109,9.941,0.652,3.766,11.247,3.877,8.953,6.778,1.8,-999.0,13.168,29.0,
1923,19.606,2.63,18.826,2.369,3.035,15.0,-999.0,13.246,17.472,1.754,8.499,10.418,6.206,9.012,16.075,23.671,8.922,10.0,11.524,5.632,4.714,23.411,11.447,2.141,7.999,0.5,11.0,10.15,2.783,5.453,11.098,4.676,7.88,15.223,5.655,4.698,15.0,12.696,4.287,17.59,13.637,0.962,5.946,9.192,5.563,9.362,4.942,2.962,-999.0,16.82,19.0,
1924,15.046,1.138,10.584,3.979,1.465,9.0,-999.0,17.626,16.776,0.191,7.629,8.877,7.151,5.834,10.243,11.21,9.944,-999.0,8.487,4.881,5.734,13.0,11.388,0.963,4.232,0.25,7.0,11.969,1.094,9.702,15.087,3.594,7.826,6.689,5.459,7.088,12.0,17.901,3.343,13.308,7.955,1.103,6.961,13.417,4.698,9.96,6.26,0.598,-999.0,13.818,-999.0,
1925,14.053,1.647,11.819,4.962,1.758,9.0,-999.0,15.226,11.242,0.993,7.63,8.265,6.321,6.653,11.77,15.602,10.963,8.0,11.53,3.846,4.968,15.303,11.177,1.375,4.378,0.657,9.0,10.352,1.441,8.19,9.043,3.183,5.579,7.728,3.787,4.867,12.0,11.392,3.252,10.366,7.71,0.998,8.842,4.559,4.699,8.41,6.202,1.366,-999.0,7.861,36.0,
1926,19.73,2.243,15.222,8.807,1.608,11.0,-999.0,17.46,15.287,1.347,9.853,9.014,7.717,5.49,15.435,21.126,8.888,9.0,7.848,6.289,4.997,17.562,12.226,1.295,4.908,0.25,4.0,8.884,1.841,7.405,11.999,1.6,8.484,13.305,6.294,7.361,-999.0,11.92,4.056,15.843,12.619,0.887,5.448,8.231,5.768,10.456,8.005,1.245,-999.0,6.665,23.0,
1927,14.447,3.271,19.827,6.913,2.189,11.0,-999.0,10.976,12.41,2.004,13.542,14.587,6.338,8.758,16.448,18.884,12.647,8.0,8.718,5.553,3.137,17.145,18.198,2.553,6.23,0.0,-999.0,14.286,1.293,8.668,12.861,3.651,8.288,11.809,7.373,7.355,-999.0,10.494,3.348,17.571,8.73,2.037,6.323,10.596,6.651,10.217,6.166,0.82,-999.0,19.6,26.0,
1928,16.601,1.883,16.41,4.892,2.179,5.0,-999.0,18.45,16.656,0.465,8.252,8.971,8.361,9.356,11.299,18.837,7.415,5.0,11.08,5.067,5.948,17.111,12.712,1.171,5.193,0.0,-999.0,12.182,1.2,6.476,14.292,4.974,6.452,10.631,5.311,6.34,-999.0,16.793,3.375,13.874,9.681,1.028,3.5,8.969,4.714,8.017,7.419,1.256,-999.0,11.367,30.0,
1929,25.24,1.617,12.995,2.945,2.128,8.0,-999.0,15.834,21.289,0.997,10.317,12.881,5.557,6.885,11.65,18.449,8.519,7.0,9.498,4.575,3.577,18.637,14.107,1.07,4.888,0.25,-999.0,11.468,2.789,6.873,18.412,2.177,9.425,12.06,5.263,7.248,-999.0,18.423,4.298,14.695,10.393,0.971,3.198,10.281,3.454,9.886,4.819,0.578,-999.0,20.615,24.0,
1930,11.996,2.276,14.959,3.846,3.066,6.0,-999.0,19.059,16.208,0.944,5.912,6.59,5.529,7.403,4.134,18.87,8.244,4.0,6.888,2.398,4.863,14.513,8.179,1.137,7.012,0.75,-999.0,7.996,1.833,4.51,8.281,1.429,3.884,8.554,3.165,4.359,-999.0,10.24,4.036,9.37,9.624,0.747,5.656,4.63,4.33,2.071,4.433,1.662,-999.0,18.762,23.0,
1931,13.715,3.422,13.912,7.053,0.77,9.0,-999.0,11.051,11.656,0.65,8.928,9.348,8.694,5.752,10.832,15.829,11.469,9.0,10.987,4.929,4.084,19.032,9.812,0.852,4.81,0.0,-999.0,8.802,2.526,5.31,12.377,2.985,7.49,8.4,5.681,6.189,-999.0,8.183,2.173,11.341,8.184,0.51,4.685,8.054,5.901,6.343,6.379,1.362,-999.0,14.565,26.0,
1932,20.322,1.749,16.5,2.863,1.473,13.0,-999.0,12.593,18.242,1.093,7.884,9.96,7.004,5.545,12.596,19.688,9.704,11.0,12.577,5.165,4.036,21.889,10.17,1.613,4.963,0.25,-999.0,11.071,1.403,8.472,13.727,3.541,6.464,10.584,5.282,4.685,-999.0,14.61,3.066,16.988,10.764,1.534,8.899,13.464,6.356,10.809,5.559,0.515,-999.0,17.245,30.0,
1933,15.096,2.115,15.345,5.334,2.171,11.0,-999.0,15.996,12.592,1.608,7.629,10.355,5.462,6.558,16.418,17.795,8.451,10.0,10.845,4.496,4.636,16.857,8.897,1.378,4.919,0.25,-999.0,12.435,1.803,5.796,8.772,1.336,7.482,8.902,6.018,5.481,-999.0,10.567,2.59,14.959,8.228,0.805,4.375,7.976,7.565,11.011,5.275,0.94,-999.0,13.942,27.0,
1934,17.522,1.284,12.927,4.84,1.058,11.0,-999.0,13.75,14.08,1.364,7.668,6.418,6.471,4.249,10.064,18.345,9.485,10.0,7.787,3.338,4.701,14.941,9.621,1.178,2.821,0.0,-999.0,14.095,0.851,5.891,14.44,1.357,5.232,9.222,6.593,5.321,-999.0,11.929,2.855,12.416,8.801,0.341,5.192,11.901,5.414,7.954,7.295,0.09,-999.0,12.365,34.0,
1935,15.286,2.12,19.008,5.496,1.542,4.0,-999.0,13.662,12.257,0.429,10.557,7.554,7.943,7.329,18.571,19.163,9.975,9.0,7.981,3.966,5.02,15.917,12.648,0.707,6.422,0.0,7.0,10.333,1.724,6.884,11.048,2.792,6.733,10.419,3.355,6.194,-999.0,12.609,2.43,11.893,12.972,0.8,5.269,10.489,4.539,9.591,6.445,1.891,-999.0,16.168,35.0,
1936,17.864,2.109,9.531,8.17,1.839,20.0,-999.0,17.131,19.592,1.047,7.915,6.992,5.63,4.489,9.63,12.425,11.023,7.0,15.76,4.188,2.957,12.559,7.937,0.658,3.098,0.0,6.0,13.758,1.224,6.076,18.804,0.835,6.117,8.024,5.301,8.072,-999.0,16.362,1.823,13.11,9.546,1.411,7.13,10.898,5.254,7.637,4.331,0.311,-999.0,20.569,29.0,
1937,18.529,1.86,18.881,9.469,1.04,19.0,-999.0,15.35,16.417,1.713,8.642,12.229,4.905,5.093,12.856,16.41,12.264,10.0,12.711,6.229,5.095,15.47,9.599,1.494,4.249,0.0,10.0,11.841,3.034,8.235,12.91,3.952,10.96,8.059,8.539,10.396,-999.0,13.474,3.279,15.167,7.536,1.506,9.803,14.676,6.756,11.805,5.973,0.82,-999.0,19.944,27.0,
1938,15.495,2.13,14.93,7.685,2.579,17.0,-999.0,11.882,12.829,0.904,9.96,10.342,9.779,7.551,11.549,15.639,9.804,6.0,15.038,5.513,5.527,14.751,12.706,2.629,5.676,0.25,11.0,11.785,1.487,6.835,12.001,2.448,8.178,9.788,6.366,5.263,-999.0,11.164,3.52,12.924,8.309,1.604,12.032,8.456,4.652,6.511,9.973,0.957,-999.0,16.387,28.0,
1939,18.511,2.312,16.362,3.216,0.945,15.0,-999.0,15.406,13.921,0.434,8.577,10.116,5.163,4.612,14.849,13.769,3.765,9.0,7.166,4.578,3.754,17.807,9.569,0.543,3.574,0.25,3.0,12.574,1.411,5.086,12.794,1.87,7.69,7.08,3.835,5.081,-999.0,12.462,3.246,13.194,7.235,1.354,5.38,8.132,3.9,7.807,5.007,0.615,-999.0,14.476,26.0,
1940,17.123,2.992,13.792,10.356,1.511,11.0,-999.0,14.632,11.507,1.765,5.905,6.276,6.259,5.366,8.821,26.3,10.023,8.0,11.325,5.218,4.551,18.92,7.552,1.471,3.452,0.0,6.0,13.27,1.628,6.952,9.119,2.567,7.771,11.38,6.14,6.217,-999.0,10.701,2.604,10.355,11.992,1.944,8.957,10.797,5.482,6.51,7.182,0.837,-999.0,9.232,31.0,
1941,14.067,2.918,13.945,9.79,2.641,12.0,-999.0,19.073,11.595,0.855,9.501,7.62,8.748,9.041,8.013,19.538,4.531,13.0,9.452,5.758,6.102,13.772,12.491,2.131,5.134,0.324,7.0,9.795,3.842,4.746,10.677,4.57,5.79,13.666,6.187,5.521,-999.0,13.029,4.189,9.048,13.107,1.736,5.284,6.471,4.809,7.138,8.183,2.161,-999.0,10.662,42.0,
1942,16.033,1.054,15.066,6.136,2.934,9.0,-999.0,15.374,15.284,1.167,9.503,9.203,7.416,8.748,12.406,18.252,12.123,8.0,12.596,8.032,6.722,14.501,13.034,1.445,6.504,0.25,5.0,12.345,1.605,9.272,14.672,3.619,7.322,12.985,7.505,8.637,-999.0,13.359,4.553,12.463,10.255,0.415,7.954,11.922,5.079,9.873,7.848,1.161,-999.0,18.245,35.0,
1943,15.87,1.649,9.724,6.664,1.237,5.0,-999.0,15.587,17.387,0.517,7.681,8.603,7.089,5.322,9.749,16.333,10.646,7.0,6.457,5.18,6.485,13.208,11.814,1.36,3.61,0.5,9.0,9.383,1.873,6.412,12.578,3.347,6.443,8.001,5.443,4.56,-999.0,13.316,3.954,10.743,7.252,0.891,9.15,8.332,4.304,7.754,6.55,0.802,-999.0,10.888,30.0,
1944,18.247,1.696,17.834,6.104,2.444,10.0,-999.0,14.836,15.428,0.991,7.664,6.946,8.473,9.622,11.597,22.1,10.646,11.0,10.167,3.417,6.522,19.623,10.847,2.503,7.406,0.25,7.0,13.945,1.901,4.845,16.444,5.363,4.259,10.638,2.792,5.834,-999.0,14.003,6.41,15.48,11.237,0.588,5.627,9.962,3.126,6.93,5.111,1.003,-999.0,10.441,19.0,
1945,18.434,1.155,21.852,6.824,1.496,7.0,-999.0,16.994,15.765,1.456,10.957,12.989,7.815,7.175,12.89,18.542,14.15,13.0,11.629,7.224,5.797,19.882,14.087,0.593,5.614,0.25,11.0,11.178,1.549,9.469,14.179,1.758,9.182,13.835,6.269,8.225,-999.0,16.167,2.917,17.594,10.132,0.517,10.614,8.837,5.349,11.775,7.73,1.77,-999.0,10.815,30.0,
1946,20.681,2.678,18.934,4.324,1.809,11.0,-999.0,14.048,14.555,1.411,9.582,8.557,7.73,7.803,15.232,27.599,8.0,6.0,9.105,3.965,5.904,24.596,11.371,1.468,6.711,1.0,7.0,9.533,1.06,6.348,12.172,2.271,6.807,10.604,5.89,7.468,-999.0,12.462,6.836,15.903,12.294,0.855,6.591,7.737,4.884,4.409,6.302,2.261,-999.0,10.986,30.0,
1947,17.836,1.907,12.088,2.975,2.079,10.0,-999.0,20.588,19.246,0.838,8.471,10.428,8.171,6.673,10.521,18.984,11.127,6.0,10.92,4.941,4.547,20.726,11.196,1.491,5.601,0.0,3.0,11.44,1.173,8.447,13.517,3.047,8.669,9.489,5.374,5.15,-999.0,16.411,2.732,10.762,7.278,1.497,5.127,8.939,4.992,4.31,7.129,2.382,-999.0,9.87,22.0,
1948,19.976,1.918,15.431,4.222,1.584,8.0,-999.0,16.078,19.126,2.156,7.928,11.079,6.116,8.313,15.541,17.232,9.065,13.0,8.65,3.999,4.928,21.967,9.994,1.558,5.18,0.0,5.0,13.851,1.399,6.858,15.081,2.747,8.783,7.629,7.546,7.866,-999.0,19.468,4.235,16.876,6.973,0.316,6.591,13.97,7.29,10.711,3.938,1.77,-999.0,14.434,28.0,
1949,16.719,2.239,17.2,3.321,1.802,3.0,-999.0,15.204,13.362,1.498,10.872,11.17,5.987,7.677,12.76,18.177,5.793,10.0,5.603,5.498,5.342,18.12,12.795,0.946,6.548,0.0,4.0,9.036,1.379,5.468,12.947,2.791,6.173,9.972,5.257,3.568,7.0,11.762,3.652,15.056,10.844,1.182,3.877,9.569,4.296,6.188,5.236,1.366,-999.0,8.864,27.0,
1950,14.989,0.872,19.371,7.655,0.947,9.0,-999.0,14.078,12.472,0.77,11.722,16.024,7.029,7.672,18.633,18.515,8.244,5.0,8.592,5.964,4.53,19.951,10.797,1.435,5.461,1.0,4.0,10.072,1.221,8.479,9.187,3.763,11.518,9.171,9.158,7.458,7.0,9.146,3.257,19.121,8.901,0.769,3.865,8.202,6.198,8.35,6.332,0.311,-999.0,14.619,20.0,
1951,14.874,2.45,17.995,6.67,2.268,14.0,-999.0,14.232,13.124,1.504,9.508,10.41,10.483,11.36,15.752,15.272,15.274,6.0,12.01,6.453,5.349,17.081,13.104,1.194,7.91,0.5,9.0,15.917,1.031,6.71,8.943,3.044,6.101,9.426,7.149,5.249,12.0,10.488,4.264,16.205,7.653,1.26,9.035,8.476,6.061,7.348,7.357,1.483,-999.0,17.338,-999.0,
1952,13.852,2.091,13.312,9.351,1.441,17.0,-999.0,13.226,13.295,1.036,8.047,9.193,6.498,2.848,8.019,16.19,8.279,7.0,10.536,4.701,5.61,13.397,7.155,0.985,3.776,0.0,8.0,16.701,1.134,7.452,14.674,2.463,5.926,5.57,3.665,8.027,9.0,11.849,2.43,11.049,8.28,0.757,9.214,10.79,3.626,5.454,5.045,1.262,-999.0,10.559,31.0,
1953,18.06,1.144,13.445,3.522,1.345,17.0,-999.0,21.319,19.106,1.874,4.894,5.074,5.59,4.609,8.399,19.883,14.519,4.0,17.905,4.121,8.764,18.908,5.789,2.612,4.857,0.0,6.0,12.923,1.413,8.007,11.569,3.411,3.501,10.295,7.938,5.127,18.0,13.013,5.704,12.769,9.275,1.381,6.956,7.138,6.151,3.949,4.823,0.498,-999.0,4.102,25.0,
1954,8.311,2.23,12.67,6.853,0.761,9.0,-999.0,11.748,9.064,1.375,8.64,8.513,7.921,5.212,10.969,12.917,14.952,10.0,10.074,6.515,4.631,13.093,9.598,0.932,4.901,0.0,11.0,9.804,1.679,7.322,10.598,2.913,5.969,7.256,6.101,7.457,13.0,8.05,3.282,14.081,5.796,0.879,7.101,8.747,5.828,9.746,9.036,0.923,-999.0,17.858,38.0,
1955,14.202,2.708,13.261,6.277,1.225,17.0,-999.0,11.967,11.954,1.037,8.431,10.811,4.326,6.023,11.625,17.745,7.764,11.0,12.566,4.106,4.587,15.115,8.917,1.391,3.472,0.0,8.0,10.278,0.737,7.055,11.537,2.433,6.945,9.856,6.829,6.624,12.0,12.249,3.035,15.057,8.157,0.498,5.071,8.954,6.648,8.079,4.13,0.515,-999.0,15.946,22.0,
1956,15.158,0.443,11.6,4.704,1.092,8.0,-999.0,11.904,14.592,1.3,7.093,8.93,5.23,3.065,14.282,16.638,6.007,13.0,9.138,4.139,4.456,14.934,7.486,1.182,3.123,0.0,4.0,8.831,0.556,4.783,12.755,1.924,7.603,5.116,6.432,8.381,9.0,11.028,3.107,12.864,5.048,0.341,5.037,5.895,5.182,9.88,5.798,0.736,-999.0,13.265,25.0,
1957,16.252,2.153,21.709,5.793,3.035,6.0,-999.0,18.502,16.803,1.289,10.814,14.776,6.748,8.317,15.01,22.815,6.003,8.0,6.097,5.77,6.617,17.54,12.135,1.3,6.784,0.0,4.0,5.349,1.294,4.706,14.207,3.226,8.294,15.084,5.501,5.322,7.0,13.473,4.228,20.515,14.123,1.483,4.762,9.041,4.31,6.418,5.33,1.362,-999.0,13.246,24.0,
1958,14.104,2.714,16.909,8.318,1.581,12.0,-999.0,16.249,13.896,1.004,9.027,11.294,5.832,8.793,8.477,16.589,9.7,7.0,12.672,3.797,3.519,18.17,12.069,1.376,5.276,0.25,5.0,16.577,2.605,6.479,14.487,1.963,8.199,6.974,7.055,6.586,17.0,13.562,2.074,10.489,10.074,0.514,7.884,9.548,5.671,7.152,4.742,1.041,-999.0,16.799,20.0,
1959,16.241,1.358,14.794,4.576,1.482,13.0,-999.0,21.484,16.342,1.103,8.577,10.369,9.306,7.137,11.578,18.718,10.027,4.0,12.8,7.129,6.123,14.632,9.526,1.026,6.243,0.25,7.0,12.165,1.433,6.759,14.548,3.157,7.924,12.418,4.695,7.136,15.0,16.732,2.999,12.455,10.997,0.335,6.555,9.194,5.889,6.002,8.795,1.024,-999.0,12.123,43.0,
1960,14.658,1.288,13.223,5.412,1.94,16.0,-999.0,18.462,14.078,0.908,7.602,7.779,9.116,5.723,9.898,14.34,16.323,7.0,13.169,5.395,5.619,13.889,8.619,0.52,5.182,0.0,6.0,11.938,2.058,5.587,14.393,2.321,3.463,9.835,5.812,5.011,12.0,15.312,5.02,10.086,10.765,0.168,7.377,8.772,4.909,7.19,9.094,1.024,-999.0,10.231,30.0,
1961,20.264,1.698,17.069,3.766,2.035,5.0,-999.0,13.39,17.379,0.856,9.869,8.663,9.658,9.283,11.582,25.616,6.741,4.0,11.781,5.338,4.24,23.439,12.475,0.8,5.036,0.0,7.0,10.944,1.727,5.815,13.002,1.886,7.149,10.722,6.562,4.671,15.0,15.969,3.511,15.175,10.257,0.626,3.486,9.621,4.915,8.089,7.463,1.144,-999.0,11.893,28.0,
1962,15.153,1.444,14.286,8.097,1.408,7.0,-999.0,14.24,14.539,0.808,7.327,9.629,6.094,6.824,13.018,12.675,9.795,10.0,8.218,3.287,5.984,14.384,8.5,1.721,6.284,0.0,9.0,13.11,1.037,5.974,13.38,4.37,6.093,9.014,4.867,5.194,21.0,14.604,5.632,15.497,8.665,0.849,5.816,7.695,4.843,7.256,4.198,1.345,-999.0,10.658,30.0,
1963,17.013,2.175,9.284,8.163,1.316,7.0,-999.0,15.82,15.875,1.483,6.61,5.523,6.28,5.019,6.177,13.731,8.472,12.0,6.59,3.817,4.993,12.186,7.212,1.046,4.947,0.25,2.0,9.18,0.932,3.978,10.05,2.571,3.643,5.329,5.476,4.578,13.0,14.274,3.489,10.882,7.074,0.414,2.04,6.368,4.742,9.331,3.935,1.532,-999.0,17.686,21.0,
1964,20.326,1.534,15.701,4.775,0.997,6.0,-999.0,18.25,22.144,2.374,7.744,9.313,8.34,5.811,13.63,19.455,8.223,5.0,6.045,4.173,5.546,20.715,9.167,2.56,5.065,0.0,7.0,8.668,0.77,4.204,14.996,4.093,6.933,10.714,8.205,6.713,8.0,20.953,4.473,16.588,8.677,0.692,5.158,7.432,5.353,5.204,4.988,1.041,-999.0,18.396,26.0,
1965,15.872,3.922,13.22,5.82,3.169,5.0,-999.0,15.358,13.331,0.818,10.92,8.19,9.749,9.084,10.929,14.367,4.512,3.0,4.647,5.512,6.897,14.313,11.951,1.902,7.517,0.0,3.0,5.36,1.622,2.823,11.253,3.178,7.022,8.025,5.202,3.986,7.0,13.718,3.997,14.894,10.428,1.092,2.703,7.0,5.154,4.348,7.11,1.908,-999.0,19.279,38.0,
1966,19.36,1.965,13.889,5.779,1.515,8.0,-999.0,16.485,17.604,0.829,9.403,9.231,5.843,4.26,13.324,19.375,9.232,6.0,9.586,4.248,5.779,17.205,8.282,1.185,4.318,0.0,6.0,11.081,1.941,5.324,11.948,3.272,6.707,6.186,6.918,4.917,9.0,13.671,3.878,13.375,8.943,0.965,6.077,8.719,4.822,5.594,4.418,0.515,-999.0,12.333,27.0,
1967,16.341,2.665,13.839,6.068,1.665,13.0,-999.0,12.334,17.022,0.914,8.721,7.785,6.622,8.426,14.759,18.233,8.301,9.0,10.87,5.572,3.728,15.435,11.964,1.726,5.811,0.25,9.0,11.081,1.622,7.348,12.919,2.049,5.97,9.257,5.05,6.174,14.0,12.542,3.487,15.113,8.93,0.875,4.873,9.27,5.218,8.298,6.399,0.82,-999.0,17.149,21.0,
1968,11.902,1.096,18.603,4.838,1.285,15.0,-999.0,18.273,10.479,1.416,8.882,9.949,7.534,7.135,10.769,17.266,9.25,5.0,11.58,4.566,6.536,15.814,11.903,1.8,5.789,0.25,4.0,11.644,1.125,6.006,10.042,2.97,6.866,11.733,6.283,5.924,10.0,11.22,5.238,10.928,11.488,1.236,6.724,8.136,5.858,6.26,7.747,1.345,-999.0,18.18,26.0,
1969,17.34,1.314,14.01,10.954,2.829,16.0,-999.0,20.046,15.988,0.586,10.313,11.365,7.592,8.019,10.358,17.165,14.209,2.0,11.695,4.949,4.833,16.98,12.293,2.154,5.399,0.0,10.0,13.002,1.896,6.722,14.691,2.448,6.934,9.92,5.611,4.567,18.0,14.339,4.531,13.973,11.738,1.484,8.628,9.15,4.789,6.428,5.107,0.515,-999.0,25.424,26.0,
1970,14.057,1.717,15.296,9.107,1.548,10.0,-999.0,16.952,14.702,0.753,10.629,8.266,7.507,6.16,12.661,15.654,10.499,9.0,9.716,5.145,5.865,16.573,12.346,1.108,4.885,0.5,6.0,10.324,1.142,4.364,10.535,3.241,7.347,7.803,6.324,6.508,15.0,13.569,4.007,13.999,8.08,1.091,4.22,7.276,5.031,8.994,7.038,1.348,-999.0,17.835,18.0,
1971,19.871,2.1,10.705,3.115,1.806,12.0,-999.0,13.057,17.958,1.09,7.922,9.337,7.356,7.422,11.862,16.247,8.039,8.0,7.645,4.461,6.662,18.4,9.658,1.34,5.185,0.5,7.0,15.658,1.259,6.421,14.756,3.823,6.46,10.25,6.386,5.47,14.0,17.278,4.815,12.851,9.528,0.794,6.313,10.898,5.992,7.406,5.506,1.245,-999.0,13.864,25.0,
1972,16.793,3.572,14.725,3.487,1.042,-999.0,-999.0,14.819,14.056,1.024,10.334,11.768,8.346,6.902,15.417,19.917,10.942,9.0,16.3,6.294,5.584,20.549,9.994,1.04,5.428,0.25,5.0,17.424,2.268,8.867,13.184,2.068,7.937,8.545,6.236,6.462,20.0,14.31,4.367,15.363,8.868,1.514,6.111,14.186,5.785,9.669,8.001,0.09,-999.0,16.3,21.0,
1973,20.273,0.87,23.011,8.866,1.202,14.0,-999.0,15.318,17.832,1.675,11.687,10.024,11.43,11.053,12.055,22.66,16.82,10.0,13.709,4.607,6.698,23.448,16.81,1.639,7.475,0.0,7.0,16.356,1.645,9.081,14.33,3.056,6.854,14.314,6.571,7.092,18.0,15.041,3.458,17.834,13.278,0.789,10.156,9.924,4.861,9.324,8.242,1.144,-999.0,14.665,19.0,
1974,16.166,1.579,17.381,6.039,1.388,16.0,-999.0,14.578,15.94,1.081,9.538,8.511,6.81,6.392,12.735,22.692,12.406,8.0,10.167,4.621,4.828,21.386,12.149,2.228,2.957,0.25,7.0,11.5,1.543,6.278,13.535,1.809,7.175,12.225,6.931,7.35,13.0,13.499,1.805,16.524,11.245,0.689,7.101,8.341,5.41,9.893,4.883,1.041,-999.0,16.078,26.0,
1975,22.754,1.057,15.354,4.647,1.258,16.0,-999.0,13.591,19.621,1.083,9.78,11.542,6.088,6.758,16.894,22.517,9.481,10.0,17.566,5.89,5.51,22.173,10.434,2.839,5.084,0.0,8.0,16.676,1.545,9.483,18.104,3.83,7.877,10.956,5.821,7.19,16.0,16.898,3.338,16.911,9.389,0.545,10.79,12.777,6.315,8.613,5.551,1.041,-999.0,14.192,31.0,
1976,17.519,1.757,12.1,3.703,0.972,16.0,-999.0,14.347,17.504,1.038,6.943,8.524,5.242,5.457,11.021,16.246,14.471,5.0,8.404,3.699,2.92,16.233,7.355,1.287,4.342,0.0,12.0,10.339,0.959,8.881,12.862,1.207,5.365,7.496,3.354,6.344,10.0,14.838,1.944,10.682,11.226,0.489,12.002,11.162,3.889,6.793,3.914,0.294,-999.0,13.094,21.0,
1977,19.549,1.931,14.266,4.725,1.702,19.0,-999.0,11.639,14.768,0.772,10.55,11.838,8.767,8.826,12.654,18.691,12.634,5.0,17.04,3.734,7.461,18.947,12.472,0.54,8.456,0.75,9.0,12.566,1.731,11.221,12.586,3.63,7.219,8.691,5.506,8.258,17.0,12.9,5.836,16.556,7.306,0.601,7.643,6.525,5.34,6.147,5.57,0.515,-999.0,14.337,26.0,
1978,14.051,2.92,15.424,9.15,1.755,12.0,-999.0,13.972,11.68,0.574,7.699,9.861,8.919,5.396,15.967,17.334,5.981,11.0,10.769,4.988,5.622,14.357,11.021,2.202,4.706,0.25,9.0,13.43,2.35,6.968,15.338,3.955,5.982,8.946,4.531,7.095,19.0,11.508,3.99,13.37,8.25,1.873,4.651,10.256,3.89,11.467,9.031,1.141,-999.0,18.74,34.0,
1979,20.361,1.862,19.911,7.812,1.982,20.0,-999.0,19.591,17.989,1.08,9.466,13.133,8.019,8.483,17.943,23.155,12.492,5.0,16.566,4.511,6.116,25.209,10.242,0.859,6.484,0.0,-999.0,17.695,1.808,8.187,16.849,1.472,8.067,9.994,5.357,7.296,19.0,17.288,4.564,19.78,11.591,0.911,7.382,14.397,4.846,9.782,6.026,0.719,-999.0,16.649,31.0,
1980,17.544,2.869,13.82,6.952,1.77,12.0,-999.0,13.623,14.407,1.542,7.664,7.394,6.821,5.998,8.661,18.329,6.789,11.0,8.418,4.83,3.674,20.592,7.121,2.059,3.766,0.5,-999.0,8.456,2.312,5.574,10.803,2.553,7.104,8.078,7.148,6.54,12.0,12.652,3.239,10.955,8.371,0.844,2.36,6.356,5.132,8.398,7.627,0.09,-999.0,18.862,37.0,
1981,15.496,1.664,11.706,7.769,1.9,14.0,-999.0,13.942,11.588,0.623,11.091,8.928,7.917,7.817,11.587,13.777,9.52,9.0,11.074,5.735,5.983,13.07,13.64,1.912,6.37,0.25,7.0,9.629,1.5,5.758,9.924,2.414,8.159,10.551,6.991,6.615,11.0,11.146,3.131,11.399,11.46,0.592,9.001,5.768,5.36,6.664,6.545,0.719,-999.0,13.773,-999.0,
1982,19.557,2.35,17.806,10.217,2.003,14.0,-999.0,19.865,17.934,2.112,11.912,11.205,10.474,6.767,11.979,19.868,8.249,6.0,14.291,6.128,6.836,21.464,13.105,1.855,8.056,0.25,3.0,11.566,1.243,5.979,13.685,4.122,6.028,11.231,7.654,5.347,12.0,14.454,6.21,14.751,9.77,2.356,6.69,10.486,6.49,6.315,7.617,1.262,-999.0,26.906,-999.0,
1983,24.864,3.693,14.152,13.25,1.765,21.0,-999.0,22.184,19.508,1.402,10.462,11.132,8.026,5.427,13.082,21.862,18.521,-999.0,19.482,6.469,6.797,24.607,11.511,1.553,6.525,0.0,14.0,22.103,1.498,9.324,15.665,2.181,7.76,9.996,7.86,7.065,23.0,15.249,4.063,16.825,8.842,1.396,11.751,13.344,6.592,7.902,6.635,0.748,-999.0,8.575,16.0,
1984,15.982,2.862,19.583,3.395,1.565,18.0,-999.0,14.619,15.217,0.907,10.458,8.616,8.398,7.022,15.96,18.278,9.241,10.0,15.097,4.246,7.41,18.147,12.419,0.814,6.871,0.0,7.0,12.392,2.032,6.93,14.686,2.245,6.182,9.046,5.442,7.072,18.0,15.053,5.246,16.531,8.605,0.616,9.291,11.445,5.443,10.017,7.954,2.968,-999.0,15.795,23.0,
1985,14.189,1.83,14.228,4.552,1.41,11.0,-999.0,14.847,14.279,0.924,11.702,13.046,6.515,8.819,9.865,22.046,5.487,10.0,9.06,8.085,7.338,18.845,17.103,1.232,6.059,0.25,6.0,9.902,2.228,5.221,14.261,2.518,8.379,13.824,3.706,7.354,11.0,13.683,3.966,10.683,11.695,0.931,3.877,9.689,3.687,8.556,8.292,0.82,-999.0,13.91,19.0,
1986,14.876,2.031,13.907,7.863,1.827,13.0,-999.0,16.272,11.568,1.05,9.119,9.614,9.296,8.22,10.409,16.698,7.227,5.0,12.239,6.461,7.971,16.465,12.766,1.719,6.641,0.0,6.0,12.68,3.793,6.815,8.332,3.341,8.83,13.766,5.274,5.642,13.0,11.946,5.186,12.566,12.483,1.428,8.271,7.284,5.256,7.599,7.38,1.549,-999.0,14.724,24.0,
1987,14.884,2.381,16.765,4.727,1.229,15.0,-999.0,16.748,13.202,0.781,7.727,7.959,7.426,8.641,10.448,19.077,9.266,8.0,13.474,5.181,4.395,17.04,10.386,1.86,7.135,0.25,7.0,14.681,2.16,7.175,12.821,2.567,5.373,15.179,6.081,6.815,11.0,13.378,2.695,10.824,10.453,1.212,6.589,10.814,4.766,6.184,4.656,0.498,-999.0,18.429,19.0,
1988,16.292,1.887,14.449,3.538,1.442,13.0,-999.0,16.401,13.158,1.176,6.557,8.023,4.49,5.295,12.099,18.25,8.017,6.0,10.654,5.223,4.317,16.257,10.664,0.859,5.785,0.5,5.0,9.44,2.54,5.861,8.481,1.812,5.871,8.275,4.941,4.629,16.0,11.311,3.275,11.392,6.502,0.835,5.7,7.069,4.504,5.78,4.636,1.041,-999.0,15.696,24.0,
1989,20.803,2.45,15.669,3.103,1.234,17.0,-999.0,11.96,19.532,1.01,8.144,12.073,5.826,7.419,17.088,18.801,6.999,7.0,15.043,4.448,4.618,21.073,7.85,1.556,4.087,0.5,7.0,15.442,1.179,8.49,18.272,1.924,8.035,12.816,4.708,6.962,18.0,15.467,3.245,19.882,9.544,0.526,9.909,12.528,4.442,12.742,4.338,0.736,-999.0,26.887,19.0,
1990,17.664,2.392,21.819,3.276,1.708,14.0,-999.0,12.777,14.466,1.083,13.964,15.194,9.601,6.718,16.498,20.307,11.294,10.0,13.38,8.018,6.083,21.171,15.314,0.819,4.589,0.25,11.0,13.911,1.2,9.236,13.836,2.615,11.902,12.284,5.075,9.327,12.0,12.422,3.966,18.973,11.402,0.483,12.931,11.396,6.482,9.549,7.486,1.757,-999.0,18.488,20.0,
1991,20.031,1.787,21.089,6.716,1.447,19.0,-999.0,19.476,16.666,0.932,7.893,8.037,9.463,5.47,10.896,29.095,9.542,5.0,14.517,6.813,8.407,25.263,9.887,1.579,5.015,0.0,6.0,12.178,3.008,5.51,13.557,3.889,4.852,11.51,5.025,4.891,11.0,15.674,4.902,18.416,14.387,1.087,5.559,9.867,4.613,7.065,9.059,2.399,-999.0,15.968,20.0,
1992,18.081,3.804,14.768,7.187,1.835,11.0,-999.0,15.042,20.868,1.46,8.183,10.278,8.811,8.483,10.31,23.007,8.301,-999.0,10.687,4.798,4.879,16.573,10.783,1.58,6.523,0.0,3.0,10.594,1.787,7.641,15.138,2.15,7.734,12.525,4.635,5.677,14.0,18.255,4.162,13.412,12.749,0.385,4.685,8.85,4.842,6.89,6.372,0.615,-999.0,13.627,-999.0,
1993,14.563,3.388,16.808,8.575,1.532,11.0,-999.0,13.596,13.399,0.828,13.053,12.002,12.046,9.721,9.045,18.186,8.502,8.0,11.716,5.969,7.099,18.498,15.849,2.522,7.259,0.0,7.0,14.503,2.004,6.221,12.942,4.024,6.596,10.595,4.294,7.566,15.0,12.89,6.47,11.982,9.212,1.381,4.163,9.973,4.073,8.324,7.96,2.478,-999.0,10.507,17.0,
1994,20.086,3.129,17.681,4.504,1.574,16.0,-999.0,18.428,19.642,1.232,8.521,8.86,5.802,6.799,15.651,16.23,8.51,14.0,16.611,5.813,5.867,19.695,13.862,1.435,5.578,0.25,8.0,15.004,2.585,7.86,13.987,3.48,6.632,10.927,5.21,8.665,11.0,16.965,3.396,20.261,11.816,0.898,4.042,9.472,5.664,11.054,6.36,1.124,-999.0,16.292,20.0,
1995,19.882,2.169,13.105,11.769,1.891,-999.0,-999.0,19.123,15.556,2.043,9.973,9.337,7.35,7.909,14.658,19.578,10.709,5.0,11.127,5.171,6.452,19.181,12.687,2.331,6.24,0.5,7.0,13.141,1.254,7.378,15.809,3.948,7.802,12.961,8.06,5.0,15.0,15.421,6.846,16.034,10.968,0.788,6.424,10.71,6.024,7.074,7.747,1.245,-999.0,8.549,24.0,
1996,19.355,1.116,15.85,10.277,2.035,10.0,-999.0,16.546,15.684,2.495,9.338,14.623,7.679,9.53,15.047,17.77,12.5,13.0,17.767,4.968,5.575,18.601,12.975,1.365,6.918,0.0,10.0,19.255,1.842,10.234,13.504,2.345,10.719,10.678,11.719,11.087,14.0,11.744,4.366,16.582,8.444,1.427,11.245,14.572,7.331,15.2,6.718,0.515,-999.0,19.518,24.0,
1997,18.166,1.77,14.665,6.649,2.641,4.0,-999.0,18.016,19.137,1.951,7.238,9.314,7.052,8.881,11.485,21.541,6.505,9.0,7.837,4.452,4.975,21.063,9.817,1.87,5.769,0.75,9.0,9.636,2.768,4.77,11.571,3.205,6.479,12.766,5.731,6.368,16.0,15.883,5.479,15.709,13.574,0.567,8.353,5.896,5.598,8.484,5.931,1.466,-999.0,15.322,14.0,
1998,16.422,2.004,13.899,10.875,1.828,-999.0,-999.0,18.335,17.597,2.055,11.728,11.5,9.432,8.93,12.301,21.025,11.552,7.0,16.192,5.583,7.582,18.814,14.31,1.17,6.188,0.75,6.0,10.711,2.133,7.501,14.862,5.734,9.612,11.306,8.485,7.138,22.0,16.4,6.595,16.783,11.433,1.113,6.424,11.626,5.802,10.702,7.983,1.328,-999.0,10.71,29.0,
1999,15.719,2.482,14.069,3.665,2.411,-999.0,-999.0,15.185,12.131,1.552,8.987,8.251,7.713,8.754,7.785,14.977,12.536,6.0,14.259,5.302,7.935,16.001,12.63,0.957,6.622,0.0,5.0,12.763,2.127,6.661,14.526,3.83,5.244,13.256,6.358,7.877,15.0,13.348,5.105,12.182,8.519,0.637,8.651,9.815,6.146,7.283,7.512,1.445,-999.0,12.78,22.0,
2000,13.558,2.703,14.562,6.146,1.619,-999.0,-999.0,11.208,10.369,0.991,10.393,11.135,6.555,6.436,12.179,17.13,10.268,11.0,14.32,6.755,5.602,13.438,9.462,1.172,4.742,0.0,5.0,13.576,2.192,7.782,10.197,3.387,8.714,12.366,4.331,6.759,15.0,12.848,3.989,12.851,10.862,0.439,7.875,9.55,3.785,8.579,8.404,1.144,-999.0,8.523,19.0,
2001,19.744,1.129,18.284,6.53,1.632,-999.0,-999.0,16.516,13.048,0.298,9.802,11.47,7.905,7.481,11.013,22.988,6.475,5.0,11.502,5.713,6.926,22.334,12.726,1.068,6.924,0.25,6.0,8.737,1.241,5.401,10.062,3.702,6.546,10.064,3.362,6.18,13.0,9.255,4.586,15.843,11.314,0.22,5.192,8.444,4.958,6.928,6.725,1.57,-999.0,9.587,27.0,
2002,17.461,1.182,17.209,5.891,0.841,13.0,-999.0,17.237,14.643,1.127,10.198,11.953,6.852,5.422,15.329,21.799,7.282,12.0,13.266,4.756,6.597,21.899,11.735,2.116,3.448,0.0,6.0,13.162,1.621,8.725,13.631,2.41,7.022,13.11,5.681,7.08,15.0,13.778,3.663,17.375,13.185,0.974,9.542,7.506,4.752,10.241,7.089,0.598,-999.0,12.043,28.0,
2003,20.579,1.799,13.631,5.854,1.71,12.0,-999.0,18.537,18.301,0.737,9.861,12.394,6.191,6.537,15.094,15.818,15.717,15.0,17.256,5.012,4.013,18.514,9.93,0.54,4.703,0.25,9.0,17.949,0.867,11.062,18.929,2.053,10.653,7.733,4.683,10.362,15.0,15.947,3.907,17.654,9.023,0.797,11.205,16.252,5.506,12.54,5.184,1.953,-999.0,11.505,33.0,
2004,17.057,2.599,17.468,6.739,2.276,13.0,-999.0,18.177,14.041,1.05,9.707,10.416,9.409,7.747,16.147,22.314,9.498,11.0,10.305,4.945,7.272,21.851,12.741,1.376,5.267,0.0,4.0,11.878,2.883,9.197,12.695,2.836,9.832,12.705,3.987,9.541,11.0,11.835,5.018,19.3,14.88,1.359,7.372,11.55,5.031,12.078,7.152,1.383,-999.0,24.073,20.0,
2005,17.071,3.202,9.239,8.534,1.596,10.0,-999.0,20.441,14.961,1.728,6.938,10.958,6.964,7.876,9.132,13.062,21.047,-999.0,13.044,4.359,7.19,15.147,10.311,1.717,6.519,0.25,12.0,17.318,1.808,11.253,12.227,4.807,9.005,9.086,7.028,8.494,19.0,13.622,4.768,11.135,7.214,1.878,10.286,8.286,5.866,7.46,4.921,2.703,-999.0,15.659,27.0,
2006,14.652,1.411,17.031,6.461,1.631,14.0,-999.0,13.871,10.058,1.731,10.413,14.894,7.703,6.818,14.179,17.691,14.562,6.0,14.07,6.853,4.55,18.264,11.172,1.931,5.908,0.296,16.0,16.955,2.839,11.111,14.257,1.721,8.978,8.773,8.346,8.873,19.0,11.898,3.571,14.876,9.006,1.089,12.733,12.638,6.362,8.062,6.351,1.024,-999.0,19.685,26.0,
2007,10.194,2.41,14.564,3.087,1.744,10.0,-999.0,12.66,10.411,0.706,8.495,11.068,11.672,9.453,9.107,14.6,13.514,-999.0,8.502,5.027,7.122,11.669,11.056,1.816,8.723,0.0,10.0,13.277,0.959,9.077,10.48,3.923,11.067,15.961,5.68,6.808,12.0,10.124,6.058,10.89,13.564,1.068,8.638,10.016,4.919,8.529,7.668,2.074,-999.0,12.15,26.0,
2008,16.216,3.031,19.03,4.293,1.737,14.0,-999.0,14.498,14.014,1.112,13.483,15.003,10.349,9.701,12.661,15.649,15.472,11.0,16.886,6.042,5.759,18.465,17.84,1.765,8.405,0.0,15.0,13.758,2.08,8.458,11.571,3.94,9.336,10.991,3.594,6.135,10.0,14.935,5.108,13.284,8.77,1.308,10.108,6.699,3.606,7.265,7.205,1.882,-999.0,10.981,17.0,
2009,23.936,1.084,24.668,5.193,1.974,11.0,-999.0,13.857,21.118,1.384,14.622,11.945,9.06,7.844,15.182,23.305,15.305,5.0,14.433,5.744,4.437,24.049,15.625,1.037,5.039,0.0,13.0,13.774,1.224,6.93,14.858,3.312,5.648,12.164,4.429,5.333,17.0,16.225,4.014,16.963,10.818,0.256,6.468,13.407,5.239,7.958,6.854,0.46,-999.0,14.973,26.0,
2010,16.074,3.113,10.629,8.428,1.702,16.0,-999.0,14.462,13.765,1.584,9.998,10.398,11.692,8.416,11.088,12.982,14.794,12.0,16.972,6.227,8.019,14.696,12.279,1.341,7.867,0.963,10.0,13.404,1.855,9.914,12.791,4.479,7.689,10.217,7.129,8.37,19.0,12.222,6.026,13.86,9.902,1.616,10.088,10.326,5.927,7.674,10.319,2.743,-999.0,9.51,23.0,
2011,15.319,1.771,17.893,4.71,1.496,21.0,-999.0,17.274,11.643,1.487,11.696,16.566,7.309,5.784,19.552,12.149,12.78,7.0,17.931,6.937,5.049,16.54,12.928,2.052,6.893,0.0,-999.0,17.207,0.825,12.483,12.959,4.031,12.907,5.622,4.422,11.986,18.0,10.177,3.942,20.575,5.629,1.588,9.702,12.358,4.954,10.981,6.699,2.149,-999.0,13.142,32.0,
2012,16.578,1.891,12.262,6.411,1.105,9.0,-999.0,14.259,10.883,2.327,6.432,7.791,5.488,4.832,10.827,20.684,12.234,6.0,10.992,4.617,6.683,19.905,8.782,0.495,2.854,0.25,-999.0,9.964,0.643,6.555,11.89,1.745,6.145,6.983,7.866,8.506,9.0,12.514,2.362,11.032,8.924,0.545,6.454,9.304,5.907,6.98,5.969,0.181,-999.0,5.849,20.0,
2013,20.654,2.246,17.059,1.854,1.559,12.0,-999.0,16.591,22.447,0.692,10.846,13.024,8.611,7.578,17.67,19.589,11.273,14.0,12.888,7.685,5.63,20.415,14.102,2.53,6.308,0.25,-999.0,13.577,1.875,9.848,16.585,5.648,9.83,11.097,2.872,7.52,13.0,18.25,6.054,19.066,8.605,0.997,6.555,12.774,4.448,9.901,7.75,1.549,-999.0,13.47,29.0,
2014,15.717,3.025,15.14,6.596,1.691,10.0,-999.0,17.334,17.165,2.349,10.545,11.566,10.835,6.961,12.428,17.708,14.987,10.0,13.23,6.835,5.827,18.677,11.108,1.609,6.798,0.0,-999.0,14.294,1.335,9.024,12.331,3.501,6.861,7.203,6.334,6.627,11.0,14.026,4.189,16.699,8.727,1.142,6.867,10.887,5.481,7.129,8.255,2.482,-999.0,14.954,18.0,
2015,17.352,2.435,21.854,3.081,2.637,13.0,-999.0,16.993,17.793,2.426,14.371,13.252,11.88,9.649,14.75,22.836,7.742,10.0,11.418,5.92,7.408,18.013,17.168,1.471,7.099,1.0,-999.0,10.685,3.424,8.603,14.754,3.521,8.975,16.393,6.267,7.225,9.0,17.785,5.452,18.166,15.619,1.594,10.23,10.316,7.012,9.294,9.253,3.393,-999.0,18.535,19.0,
2016,14.239,2.293,15.807,6.893,1.381,9.0,-999.0,16.414,11.874,2.357,9.278,10.625,10.014,9.011,12.546,22.734,11.998,7.0,8.784,4.7,8.043,17.115,11.533,1.261,7.038,0.5,-999.0,7.472,2.21,8.128,12.105,5.15,5.964,9.434,5.994,6.002,11.0,12.378,4.101,15.161,11.828,1.151,5.693,9.935,5.408,9.239,9.061,1.448,-999.0,12.339,25.0,
2017,22.187,1.596,15.07,8.949,2.024,15.0,-999.0,16.539,15.568,1.832,10.047,12.541,7.78,8.855,10.953,19.131,12.277,16.0,12.759,7.932,6.301,18.941,11.982,1.592,7.329,0.0,-999.0,12.993,2.406,10.179,14.342,2.112,9.548,13.449,5.857,9.686,15.0,14.707,4.447,15.086,11.308,0.636,6.287,8.666,6.512,8.584,7.105,0.94,-999.0,12.728,31.0,
2018,20.996,1.161,20.973,5.856,1.771,14.0,-999.0,15.849,18.488,1.299,12.727,13.651,12.842,9.001,15.338,20.496,11.513,15.0,17.242,7.577,6.873,20.69,12.001,1.778,7.892,0.63,-999.0,21.171,1.791,10.565,19.914,3.167,10.555,12.293,4.297,14.168,20.0,16.937,5.102,19.168,13.371,0.295,6.838,16.511,4.754,15.099,10.507,1.604,-999.0,15.966,20.0,
2019,18.016,2.746,21.793,8.517,1.455,15.0,-999.0,16.826,17.107,1.913,12.635,12.421,10.243,10.068,19.612,20.519,12.002,8.0,11.438,7.496,8.871,20.328,16.822,1.662,8.388,0.296,-999.0,15.063,2.101,9.219,13.993,5.534,10.174,14.694,4.514,10.397,19.0,12.636,7.252,21.567,10.368,0.27,12.58,9.411,4.409,6.932,10.882,2.324,-999.0,13.255,22.0,
2020,19.718,0.45,18.456,2.464,1.262,12.0,-999.0,18.46,21.607,1.444,11.454,10.853,6.982,6.838,13.108,23.422,13.737,8.0,11.372,7.112,6.403,20.499,12.756,0.94,4.177,0.0,-999.0,11.619,0.853,7.391,20.136,2.506,7.443,10.003,3.88,7.748,13.0,19.02,2.946,19.566,9.572,0.196,4.576,15.603,6.559,9.042,8.461,0.613,-999.0,8.908,25.0,
2021,18.31,2.838,13.783,5.737,2.047,15.0,-999.0,15.833,18.454,0.699,11.029,11.619,7.649,7.431,14.605,22.315,6.484,7.0,16.599,6.039,5.244,19.278,13.769,0.908,6.219,0.75,-999.0,12.902,2.911,10.207,11.257,3.306,8.652,9.205,4.101,10.403,13.0,11.722,3.241,17.159,10.461,1.818,7.433,9.375,5.535,6.67,5.848,0.613,-999.0,15.087,24.0,
