Year,AL,AZ,AR,CA,CO,CT,DE,FL,GA,ID,IL,IN,IA,KS,KY,LA,ME,MD,MA,MI,MN,MS,MO,MT,NE,NV,NH,NJ,NM,NY,NC,ND,OH,OK,OR,PA,RI,SC,SD,TN,TX,UT,VT,VA,WA,WV,WI,WY,AK,HI,PR,VI
1900,2.127,0.636,3.232,1.473,14.643,39.0,-999.0,0.0,2.268,13.599,33.259,25.055,51.537,13.254,14.019,0.827,64.504,-999.0,31.807,58.087,87.47,1.8,15.581,28.104,31.906,1.792,50.347,19.762,2.995,48.959,3.307,86.811,32.062,-999.0,4.49,33.893,25.0,0.913,49.493,8.356,1.458,8.112,67.072,13.16,9.401,20.109,67.641,34.333,-999.0,-999.0,-999.0,
1901,4.809,2.65,6.024,1.731,24.508,54.0,-999.0,0.0,3.289,20.931,39.782,32.238,52.777,20.126,13.314,0.429,73.262,-999.0,48.331,69.573,86.169,3.533,18.363,40.652,36.489,7.752,63.704,34.91,2.995,62.88,6.249,84.139,41.247,-999.0,7.811,42.138,43.0,1.346,49.911,9.879,3.584,11.256,66.588,20.074,10.686,31.16,70.922,26.76,-999.0,-999.0,-999.0,
1902,1.18,1.733,6.688,1.758,19.968,40.0,-999.0,0.0,0.598,21.845,44.326,35.729,57.106,27.613,20.057,0.277,62.087,-999.0,37.34,56.332,73.38,1.737,26.191,47.275,42.921,5.854,51.725,27.108,2.2,55.055,3.41,75.728,40.794,-999.0,7.71,42.188,36.0,0.755,54.821,11.862,1.822,17.651,61.019,20.183,18.95,36.138,61.379,29.732,-999.0,-999.0,-999.0,
1903,1.793,0.745,2.665,2.13,25.884,39.0,-999.0,0.0,0.653,26.151,42.713,31.21,54.387,16.331,14.449,0.082,62.015,-999.0,38.209,65.039,89.342,0.724,19.991,47.048,33.294,10.568,41.755,22.27,2.2,57.531,1.916,94.716,41.209,5.651,5.654,39.423,31.0,0.251,61.256,4.219,1.354,22.872,61.998,15.657,16.033,31.687,69.141,46.462,-999.0,-999.0,-999.0,
1904,0.678,0.672,2.708,1.693,13.467,67.0,-999.0,0.0,0.941,18.05,45.31,37.213,62.022,17.793,14.057,0.064,86.416,38.0,65.083,87.656,89.573,0.584,23.616,42.645,31.949,6.758,81.714,39.683,2.2,80.386,5.823,94.045,49.186,6.558,3.704,60.089,60.0,1.164,57.1,2.848,0.843,13.325,87.969,23.142,8.891,25.551,82.63,35.974,-999.0,-999.0,-999.0,
1905,5.555,2.321,9.078,1.944,27.086,48.0,-999.0,0.0,3.199,23.335,43.306,31.393,56.013,28.138,23.439,1.463,62.851,38.0,47.709,63.865,73.323,3.81,31.824,46.117,41.516,18.68,55.362,25.527,7.735,55.506,6.38,77.631,39.538,21.979,7.846,40.428,35.0,2.198,59.432,12.639,5.77,19.525,68.988,20.671,15.142,20.349,66.262,40.541,97.0,-999.0,-999.0,
1906,0.484,2.574,2.607,1.985,21.608,30.0,-999.0,0.0,0.322,28.896,33.366,24.123,51.239,17.516,12.87,0.331,58.735,27.0,35.767,52.995,83.544,0.898,20.422,47.274,33.934,15.48,48.701,14.489,5.425,49.053,2.352,95.714,30.5,2.929,6.071,31.109,25.0,0.266,61.753,4.834,1.628,21.469,49.668,10.837,13.38,14.633,62.203,39.85,135.0,-999.0,-999.0,
1907,0.368,2.03,2.225,1.743,14.541,41.0,-999.0,0.0,0.267,26.091,22.295,18.593,43.419,14.986,9.68,0.085,54.485,29.0,45.376,54.371,74.171,0.93,11.534,41.736,33.005,8.059,47.044,24.111,1.86,50.79,2.237,86.395,27.245,-999.0,8.585,32.387,34.0,0.297,49.353,3.759,0.8,9.065,58.764,13.243,23.049,14.873,53.887,28.525,130.0,-999.0,-999.0,
1908,0.178,2.28,0.757,1.73,18.916,32.0,-999.0,0.0,0.16,20.137,21.963,14.722,38.229,5.572,6.359,0.089,62.209,29.0,31.741,54.558,73.55,0.421,6.505,37.896,17.571,8.138,45.925,17.507,2.096,50.031,1.201,93.966,23.393,1.115,5.51,33.428,22.0,0.232,49.118,1.773,0.542,15.071,61.796,9.063,9.704,11.909,60.652,34.754,156.0,-999.0,-999.0,
1909,1.262,2.046,6.902,1.661,33.733,33.0,-999.0,0.0,1.252,30.805,37.354,28.835,58.585,29.629,17.147,0.863,57.842,36.0,36.341,58.204,83.031,2.432,26.074,50.955,46.839,16.512,43.344,18.792,7.226,48.385,3.02,96.129,33.837,12.907,12.717,35.919,28.0,1.039,67.395,8.301,4.084,26.78,44.869,11.53,27.612,17.804,65.104,52.124,140.0,-999.0,-999.0,
1910,0.294,2.367,3.119,1.77,18.521,41.0,-999.0,0.0,0.14,36.577,35.55,29.43,55.663,14.645,15.111,0.082,49.422,36.0,36.974,62.75,88.593,0.913,14.471,38.738,30.459,22.337,44.293,22.34,2.255,52.482,1.502,89.233,41.115,6.493,7.909,44.092,30.0,0.146,58.634,5.461,1.046,23.345,57.955,12.231,15.062,20.678,75.323,28.143,113.0,-999.0,-999.0,
1911,1.316,1.924,2.551,2.075,27.013,30.0,-999.0,0.0,0.55,34.592,22.153,15.077,44.078,20.944,8.258,0.711,56.028,24.0,32.646,46.86,82.639,1.128,11.671,46.686,31.386,14.183,35.323,9.423,6.766,45.401,0.863,102.01,18.943,12.207,6.052,21.623,26.0,0.199,54.843,2.465,2.001,20.92,57.503,6.35,13.443,10.4,54.792,43.209,134.0,-999.0,-999.0,
1912,1.966,1.447,5.735,1.586,28.072,46.0,-999.0,0.0,2.345,22.764,51.025,40.082,67.095,29.931,21.739,0.619,66.406,46.0,48.131,75.284,87.057,1.967,30.325,40.741,46.061,7.256,58.031,34.053,4.725,60.617,4.646,88.916,46.219,10.536,6.078,46.286,42.0,1.455,62.122,8.204,1.649,14.684,67.86,23.988,11.602,30.373,77.098,57.377,132.0,-999.0,-999.0,
1913,0.178,6.131,2.303,2.254,37.427,20.0,-999.0,0.0,0.086,40.396,31.207,21.22,49.319,29.449,10.672,0.082,46.827,24.0,23.744,51.405,77.118,0.396,19.275,54.173,42.448,15.061,32.984,10.666,8.008,36.229,0.42,81.861,25.863,14.825,7.559,22.399,19.0,0.0,51.35,1.161,1.901,24.437,50.679,3.626,21.417,12.544,60.968,54.967,156.0,-999.0,-999.0,
1914,1.84,1.29,3.11,1.754,23.411,54.0,-999.0,0.0,0.811,29.084,42.453,34.773,54.731,21.831,21.191,0.176,73.776,47.0,52.969,68.099,78.816,1.268,21.291,42.615,35.983,13.917,55.995,27.383,1.982,59.515,4.173,90.757,44.281,5.379,8.256,47.844,53.0,0.487,56.457,5.403,0.93,16.231,73.441,21.629,14.644,32.03,69.423,38.417,153.0,-999.0,-999.0,
1915,0.178,1.949,2.148,1.629,24.683,26.0,-999.0,0.0,0.086,27.488,28.126,20.21,50.147,15.976,6.914,0.232,51.318,30.0,30.033,58.132,78.406,1.154,14.902,38.812,44.02,5.806,35.914,11.894,2.717,45.404,0.652,94.774,28.12,2.905,5.769,30.426,35.0,0.088,64.537,1.597,0.586,17.147,52.007,7.903,12.871,15.867,59.541,39.698,151.0,-999.0,-999.0,
1916,2.226,4.731,6.035,2.173,33.195,50.0,-999.0,0.0,0.638,50.904,41.058,28.936,59.786,31.183,16.908,0.279,78.758,37.0,62.39,70.198,90.73,1.839,25.131,59.453,47.893,22.921,69.404,30.938,3.257,62.148,1.226,101.297,41.685,13.671,16.343,43.078,-999.0,0.048,69.356,7.685,2.223,24.066,67.935,13.533,38.022,21.257,73.189,53.197,142.0,-999.0,-999.0,
1917,3.802,3.17,12.159,2.264,26.688,51.0,-999.0,0.0,4.35,36.998,41.444,33.0,61.863,22.065,23.33,1.068,75.869,39.0,55.465,74.091,92.121,5.023,26.189,57.656,39.479,26.176,63.337,27.242,4.151,60.28,9.322,101.845,43.454,13.218,4.805,43.527,-999.0,4.055,70.048,15.648,2.737,26.308,74.462,22.812,13.4,29.908,81.059,49.181,147.0,-999.0,-999.0,
1918,2.067,4.128,11.266,1.653,35.043,36.0,-999.0,0.125,2.436,31.443,40.428,34.1,47.652,30.073,22.792,1.1,73.284,43.0,54.235,56.201,66.927,3.671,30.845,43.327,39.688,10.573,58.707,30.413,9.762,49.18,6.802,70.23,37.628,12.557,5.883,36.04,44.0,1.948,51.719,14.048,4.003,20.128,62.998,20.323,11.6,27.383,59.258,51.074,156.0,-999.0,-999.0,
1919,1.866,4.661,4.268,1.707,29.298,22.0,-999.0,0.0,1.077,43.353,31.693,20.5,50.359,23.554,7.27,0.47,51.989,31.0,29.611,55.73,76.746,2.053,15.981,60.024,39.592,11.602,38.949,10.981,4.845,41.08,1.996,109.069,26.837,8.165,11.327,27.872,22.0,0.43,58.352,4.231,1.659,19.293,55.524,8.276,22.696,16.24,63.61,43.439,163.0,-999.0,-999.0,
1920,0.328,3.644,1.358,1.569,22.631,-999.0,-999.0,0.0,0.206,24.422,38.189,30.192,55.156,18.27,14.809,0.075,73.635,45.0,45.324,73.428,89.251,0.689,20.079,49.78,34.735,6.206,51.662,25.4,4.439,55.852,3.2,96.383,39.244,8.061,5.327,42.481,36.0,0.301,56.227,6.271,0.93,18.57,65.009,16.385,11.155,25.992,80.128,41.288,155.0,-999.0,-999.0,
1921,0.098,1.277,0.814,1.902,13.317,-999.0,-999.0,0.0,0.121,25.519,16.117,10.121,32.815,8.723,3.516,0.08,65.052,24.0,26.457,42.23,77.044,0.365,7.347,41.665,21.294,7.102,37.339,6.744,1.366,33.437,0.534,89.267,15.867,1.973,6.362,18.099,13.0,0.075,42.121,0.444,0.405,9.37,47.512,5.142,15.423,8.394,55.752,33.676,146.0,-999.0,-999.0,
1922,0.368,2.882,1.776,2.006,19.821,42.0,-999.0,0.0,0.17,52.636,26.308,20.361,42.799,16.216,6.342,0.08,72.742,27.0,41.659,55.657,78.064,0.421,15.234,63.631,30.357,23.456,50.361,19.073,2.646,45.371,2.824,96.094,28.722,6.35,11.514,31.915,26.0,1.023,64.237,1.424,1.935,26.13,57.513,12.455,31.144,13.364,61.123,54.742,151.0,-999.0,-999.0,
1923,0.178,3.505,1.447,1.694,17.754,52.0,-999.0,0.0,0.173,29.346,17.837,12.681,36.5,6.307,5.879,0.278,74.275,23.0,49.21,54.487,76.467,0.526,7.295,39.81,20.146,16.356,59.055,18.649,6.495,48.807,0.906,83.401,20.804,1.973,4.88,24.398,41.0,0.043,39.553,2.76,1.482,19.108,66.504,7.497,12.229,13.41,63.92,44.67,140.0,-999.0,-999.0,
1924,2.901,1.988,6.981,2.117,34.814,48.0,-999.0,0.0,0.978,35.229,44.052,33.683,61.983,28.306,15.978,0.279,69.289,39.0,44.832,70.73,80.869,2.241,29.177,46.818,49.014,25.955,49.444,19.845,4.998,53.351,1.991,83.932,41.189,13.114,14.005,40.079,28.0,0.321,65.245,7.413,3.375,26.417,68.041,16.813,26.309,23.481,76.951,54.096,161.0,-999.0,-999.0,
1925,0.889,1.263,2.715,1.423,21.567,33.0,-999.0,0.0,0.731,15.124,29.318,21.142,52.216,16.827,8.332,0.185,49.44,31.0,34.329,62.263,86.476,1.255,16.461,32.212,33.5,2.716,40.658,16.886,2.952,38.24,1.944,87.351,27.355,7.401,2.881,30.837,29.0,0.641,54.702,3.338,1.992,16.28,43.607,9.239,6.026,11.801,73.901,31.985,143.0,-999.0,-999.0,
1926,0.595,2.576,1.814,1.439,19.724,47.0,-999.0,0.0,0.34,27.212,32.267,26.956,50.077,11.913,8.89,0.084,75.6,43.0,47.954,71.595,93.159,0.846,13.455,36.815,26.376,9.362,58.311,20.393,4.61,55.763,0.679,90.665,39.655,7.711,5.758,39.54,37.0,0.008,49.013,2.108,1.889,17.507,79.031,12.586,12.914,25.987,81.063,32.446,120.0,-999.0,-999.0,
1927,1.665,1.423,1.589,1.617,18.268,32.0,-999.0,0.0,0.169,31.075,25.127,17.345,42.812,16.903,7.322,0.082,43.003,34.0,28.008,51.445,81.796,0.623,15.41,57.596,34.302,9.385,34.28,11.537,2.86,43.492,1.69,91.573,26.402,9.175,7.089,28.699,22.0,0.229,60.444,3.34,1.399,13.686,51.576,10.081,19.478,17.439,60.802,40.187,168.0,-999.0,-999.0,
1928,2.955,1.638,3.176,1.618,17.645,37.0,-999.0,0.0,2.264,30.171,21.607,18.516,31.015,6.798,8.74,0.763,51.039,29.0,32.195,48.405,64.677,2.169,9.573,39.412,18.287,10.268,32.298,12.577,2.367,41.798,3.23,71.988,23.812,2.555,5.165,25.56,23.0,1.682,34.586,4.255,1.803,16.431,52.081,8.538,15.679,15.01,48.357,45.361,142.0,-999.0,-999.0,
1929,1.542,2.9,5.978,1.747,33.642,44.0,-999.0,0.0,1.018,46.05,44.976,37.207,69.168,29.135,18.331,0.276,66.537,34.0,48.834,71.683,92.69,2.589,26.319,60.235,49.009,8.828,49.321,19.898,5.898,53.095,1.187,91.841,40.426,9.668,7.904,38.455,26.0,0.266,73.62,9.2,2.94,19.997,51.197,13.456,27.733,25.59,81.617,57.377,145.0,-999.0,-999.0,
1930,0.464,3.829,7.189,2.176,30.897,37.0,-999.0,0.0,0.399,50.082,33.008,28.71,47.467,22.423,12.117,0.133,54.039,34.0,38.405,60.086,79.661,1.355,19.97,51.192,33.088,22.957,38.323,18.273,4.74,45.828,1.293,84.468,32.23,17.196,19.362,34.944,23.0,0.071,48.493,5.205,4.385,31.742,56.46,13.243,30.856,23.381,65.71,50.023,152.0,-999.0,-999.0,
1931,0.48,5.221,0.551,1.732,17.683,22.0,-999.0,0.0,0.222,33.491,9.422,7.534,14.762,6.522,2.365,0.082,40.416,20.0,29.071,27.266,43.023,0.394,3.492,34.81,17.142,16.061,36.643,7.617,2.443,26.681,0.397,63.691,10.887,1.544,5.196,13.206,6.0,0.032,31.378,0.461,0.368,26.858,52.965,2.912,14.082,8.85,29.543,37.929,148.0,-999.0,-999.0,
1932,1.131,6.982,5.791,2.279,30.798,23.0,-999.0,0.0,0.654,46.963,29.045,22.756,56.024,27.41,10.654,1.262,47.53,20.0,33.024,48.013,91.972,3.621,20.226,58.148,48.703,30.691,36.675,10.719,8.284,34.764,1.198,100.415,22.966,12.7,12.354,24.22,6.0,0.262,71.062,6.982,3.179,31.841,49.954,8.668,22.319,14.797,62.688,60.478,121.0,-999.0,-999.0,
1933,1.32,4.738,3.892,1.786,14.904,21.0,-999.0,0.0,0.801,29.118,19.792,14.813,29.788,9.013,5.258,0.263,44.248,26.0,27.997,48.66,71.198,0.893,9.058,44.628,18.844,29.801,37.605,14.961,2.259,34.18,0.702,88.003,20.526,3.462,5.468,21.023,9.0,0.219,39.693,2.924,1.666,21.043,49.028,6.347,14.412,12.573,52.217,38.777,160.0,-999.0,-999.0,
1934,0.843,1.047,2.064,1.347,6.012,42.0,-999.0,0.0,1.344,10.742,30.153,22.861,48.026,10.119,9.79,0.032,69.021,36.0,49.882,62.257,78.67,0.921,13.749,26.304,25.376,2.099,54.998,24.037,1.366,52.474,3.58,68.308,32.07,1.544,2.742,33.824,32.0,1.332,42.159,5.534,0.396,7.033,67.999,14.769,5.344,17.716,65.074,29.474,125.0,-999.0,-999.0,
1935,1.086,2.247,4.607,1.774,8.34,37.0,-999.0,0.0,1.435,29.857,30.554,25.717,44.379,10.848,13.961,0.42,62.833,45.0,45.173,63.818,86.741,2.231,15.691,45.181,24.944,9.038,49.686,25.358,1.557,50.777,6.372,94.808,36.232,3.915,8.628,37.779,27.0,1.499,49.653,10.315,0.819,10.783,62.514,20.49,18.311,21.646,69.648,27.862,144.0,-999.0,-999.0,
1936,1.766,1.638,7.367,1.804,23.277,41.0,-999.0,0.0,0.869,36.632,41.103,31.346,65.886,25.928,19.014,0.133,62.588,38.0,46.173,68.037,101.213,2.738,28.382,66.46,50.3,7.084,53.356,26.738,2.364,51.494,5.338,106.236,35.606,13.361,8.487,35.678,26.0,0.212,77.363,13.47,2.225,12.377,65.051,19.519,22.537,21.632,79.4,50.254,140.0,-999.0,-999.0,
1937,1.025,7.844,3.442,2.904,32.672,21.0,-999.0,0.0,0.454,40.718,43.737,27.802,73.922,30.877,9.69,0.082,36.984,31.0,26.185,62.483,94.584,0.801,24.223,69.345,53.384,33.929,32.307,6.325,3.568,39.197,0.89,104.235,32.191,15.485,14.555,27.273,4.0,0.036,82.103,5.78,2.741,36.277,49.028,8.478,29.908,19.556,82.609,49.024,133.0,-999.0,-999.0,
1938,0.309,1.257,1.436,1.671,16.666,33.0,-999.0,0.0,0.149,18.835,19.721,14.038,44.148,10.338,5.157,0.082,53.84,24.0,38.076,52.826,84.635,0.434,11.415,42.046,24.87,6.887,43.264,13.187,1.868,44.463,1.474,86.82,19.681,4.472,4.376,25.21,21.0,0.251,52.616,2.563,0.523,9.705,56.029,7.198,11.106,13.208,63.722,32.294,135.0,-999.0,-999.0,
1939,0.178,3.694,0.515,2.013,20.735,41.0,-999.0,0.0,0.086,19.817,20.536,14.366,38.297,10.83,3.579,0.08,59.291,25.0,40.903,49.819,75.946,0.314,10.39,34.116,24.341,8.87,50.273,11.28,3.91,45.176,0.299,78.622,22.131,4.472,3.356,22.356,20.0,0.036,45.79,0.915,0.824,18.75,67.02,4.39,7.403,11.54,53.419,35.856,165.0,-999.0,-999.0,
1940,7.32,1.012,9.644,1.46,26.885,52.0,-999.0,0.0,3.591,20.867,43.875,31.071,72.131,32.553,19.472,1.893,63.922,48.0,50.223,70.867,101.113,6.209,30.62,54.739,51.33,9.72,52.302,29.11,7.474,63.069,4.826,95.778,39.723,17.96,6.218,42.684,30.0,1.407,76.794,12.669,3.462,14.549,52.682,20.772,11.568,35.11,79.963,36.058,137.0,-999.0,-999.0,
1941,0.178,2.193,0.458,1.464,18.952,44.0,-999.0,0.0,0.086,14.018,27.138,21.974,49.571,15.113,6.376,0.082,56.496,46.0,40.205,57.837,81.834,0.314,11.614,37.895,34.57,6.03,44.25,14.931,1.714,53.905,0.336,85.468,32.623,2.905,3.621,34.816,21.0,0.036,55.019,1.419,0.395,11.353,65.535,9.823,8.522,24.063,62.997,27.474,142.0,-999.0,-999.0,
1942,1.503,3.47,9.021,1.594,20.768,44.0,-999.0,0.0,0.522,29.821,34.546,30.493,54.4,18.066,14.565,0.755,58.105,37.0,34.886,59.026,74.124,2.463,18.017,47.53,33.738,15.357,41.916,21.58,3.643,48.578,4.074,80.218,34.977,9.668,7.585,34.219,26.0,0.398,53.716,9.904,2.309,17.039,58.566,14.072,17.196,26.226,61.76,43.799,145.0,-999.0,-999.0,
1943,0.727,1.481,3.262,1.48,11.961,53.0,-999.0,0.0,0.442,26.307,31.753,26.576,49.7,15.44,11.441,0.232,62.946,37.0,47.347,60.452,84.624,1.548,17.828,45.082,24.524,2.964,53.255,21.613,3.182,56.359,2.898,81.941,31.422,6.843,8.28,34.044,30.0,0.783,49.3,6.242,1.248,10.632,68.546,14.003,22.411,22.309,64.256,30.474,129.0,-999.0,-999.0,
1944,0.273,1.481,1.737,1.728,14.131,46.0,-999.0,0.0,0.335,30.859,29.779,24.106,47.392,14.498,8.64,0.369,57.797,29.0,35.022,59.043,71.95,0.639,15.113,48.546,34.189,18.318,50.27,13.04,2.41,48.933,0.869,96.127,26.524,5.69,7.319,27.856,21.0,0.036,55.307,3.841,0.967,18.083,67.504,8.96,16.892,15.915,57.11,38.238,135.0,-999.0,-999.0,
1945,0.273,2.663,1.728,1.843,19.371,51.0,-999.0,0.0,0.238,26.284,39.671,33.375,60.436,19.265,14.096,0.034,64.346,39.0,45.576,65.313,87.94,0.529,21.476,43.779,35.889,11.088,54.032,28.259,2.484,58.686,1.763,92.688,43.764,3.358,5.585,42.074,35.0,0.197,58.021,4.564,0.595,12.386,64.503,15.157,13.021,23.645,69.307,39.928,146.0,-999.0,-999.0,
1946,0.178,1.603,1.875,1.67,11.273,39.0,-999.0,0.0,0.086,19.473,15.24,12.833,33.205,4.634,5.441,0.214,58.891,18.0,38.227,46.981,72.888,0.486,5.396,31.669,13.89,7.18,43.765,8.281,3.457,38.783,0.3,78.67,16.583,2.555,3.475,19.081,18.0,0.028,36.929,1.412,1.564,12.769,51.544,3.437,9.059,7.71,49.174,29.502,149.0,-999.0,-999.0,
1947,0.5,2.622,4.079,1.62,21.276,40.0,-999.0,0.0,0.603,24.201,32.637,28.611,53.328,17.311,12.419,0.246,61.868,42.0,36.893,66.832,93.564,1.253,16.044,51.601,34.107,11.873,46.955,13.713,6.465,51.653,2.105,99.365,37.014,-999.0,4.336,35.451,17.0,0.206,62.647,5.79,3.157,17.307,62.545,12.382,11.796,24.045,73.113,48.333,141.0,-999.0,-999.0,
1948,1.11,3.781,10.393,2.206,28.558,54.0,-999.0,0.0,0.345,35.281,37.296,27.927,61.852,29.326,18.628,1.748,62.512,35.0,49.968,64.389,92.207,4.705,23.813,55.398,48.564,12.847,54.109,27.443,14.439,54.993,3.445,103.537,34.496,18.66,7.497,37.252,34.0,0.502,67.537,11.32,5.705,18.311,61.998,14.711,14.805,24.871,72.965,57.916,167.0,-999.0,-999.0,
1949,0.986,11.705,3.341,2.705,28.517,40.0,-999.0,0.0,0.086,49.803,22.96,11.945,50.675,23.74,5.067,0.701,43.909,19.0,24.768,50.031,82.625,1.827,17.311,66.477,45.834,43.922,30.237,5.037,13.123,32.806,0.255,97.372,13.99,17.96,13.04,14.861,14.0,0.048,61.963,1.771,4.696,37.482,39.501,1.913,26.091,7.831,63.357,50.613,137.0,-999.0,-999.0,
1950,1.295,1.861,3.97,1.95,17.231,33.0,-999.0,0.0,1.086,28.552,40.403,33.419,63.38,14.83,13.647,0.173,59.766,31.0,29.35,70.865,106.795,0.937,20.81,55.0,36.712,10.208,40.556,13.701,1.44,47.3,1.902,119.908,35.355,10.329,16.105,30.423,19.0,0.661,75.128,6.308,2.135,18.379,47.647,10.446,32.061,20.882,82.978,25.553,148.0,-999.0,-999.0,
1951,1.635,3.306,6.702,1.92,22.087,30.0,-999.0,0.0,0.717,33.578,36.964,29.277,67.752,21.213,14.745,2.277,50.324,30.0,27.177,61.582,101.69,3.613,25.406,67.749,43.452,16.934,33.629,14.491,7.04,42.417,2.427,112.164,33.099,9.175,7.305,27.802,16.0,0.036,70.234,6.772,6.492,19.85,45.48,12.329,18.003,17.359,80.723,47.821,155.0,-999.0,-999.0,
1952,0.178,4.53,0.653,2.16,25.055,34.0,-999.0,0.0,0.086,31.937,22.428,16.129,48.286,17.247,6.007,0.146,42.068,17.0,18.766,44.927,86.322,0.42,14.16,52.741,37.914,15.061,26.533,7.067,4.767,36.469,0.68,99.255,19.064,5.833,8.305,17.28,10.0,0.036,67.328,1.874,0.976,23.59,44.954,4.876,19.336,11.355,61.974,50.461,140.0,-999.0,-999.0,
1953,0.368,2.535,1.338,1.554,12.519,25.0,-999.0,0.0,0.086,8.307,18.343,15.054,40.279,7.06,5.764,0.025,37.388,19.0,19.085,39.77,79.333,0.397,8.661,21.669,20.45,5.368,24.31,5.759,4.193,27.849,0.736,71.878,15.908,2.555,2.322,14.798,7.0,0.036,45.617,2.46,1.139,11.0,34.479,4.629,3.352,9.486,55.906,30.704,143.0,-999.0,-999.0,
1954,0.309,1.228,2.505,1.521,12.077,32.0,-999.0,0.0,0.112,18.213,17.531,16.586,35.117,10.211,7.809,0.082,46.575,34.0,29.887,45.594,72.264,0.583,10.552,39.64,20.24,5.437,35.229,15.736,2.643,42.566,1.294,66.245,22.195,5.236,4.462,26.243,15.0,0.036,42.486,2.647,1.454,10.502,52.997,11.523,13.164,18.137,56.372,25.783,149.0,-999.0,-999.0,
1955,0.692,4.613,1.627,1.854,27.685,52.0,-999.0,0.0,0.369,46.856,33.671,29.224,62.531,19.769,13.748,0.032,72.221,36.0,40.628,65.732,105.389,0.708,19.1,74.922,52.319,21.33,55.191,20.831,3.26,56.083,0.887,113.261,34.312,1.647,8.939,34.245,25.0,0.227,76.915,4.24,0.421,27.315,75.968,14.729,23.94,23.971,80.336,46.232,167.0,-999.0,-999.0,
1956,0.178,2.159,2.147,1.79,20.879,34.0,-999.0,0.0,0.086,36.717,24.323,17.691,50.291,19.179,5.583,0.032,54.262,32.0,27.521,56.753,88.784,0.372,15.833,46.146,32.1,11.761,37.603,12.642,4.451,43.697,0.459,89.862,25.421,8.968,10.95,22.605,12.0,0.036,59.076,1.005,2.095,16.855,57.471,7.445,22.191,16.581,67.455,41.03,159.0,-999.0,-999.0,
1957,1.29,1.896,1.481,1.84,16.607,33.0,-999.0,0.0,0.287,33.637,22.165,19.753,39.937,16.126,8.817,0.032,47.374,18.0,27.248,51.856,78.459,0.702,12.91,48.468,24.916,9.15,33.998,15.583,2.443,39.379,2.13,83.838,23.135,9.175,11.481,21.002,13.0,0.415,45.59,3.514,1.802,14.34,47.47,6.651,22.343,10.942,62.221,36.957,136.0,-999.0,-999.0,
1958,3.021,1.455,5.845,1.562,17.427,45.0,-999.0,0.0,1.63,12.705,43.746,41.475,59.631,28.669,26.985,0.176,58.058,50.0,45.604,60.575,77.644,2.913,27.082,39.617,43.953,3.312,52.34,35.044,2.564,58.574,5.444,88.302,45.88,12.103,3.585,45.236,32.0,1.226,56.995,13.443,1.818,8.604,64.472,20.701,8.495,39.549,67.884,34.468,154.0,-999.0,-999.0,
1959,1.5,1.356,2.625,1.525,13.552,42.0,-999.0,0.0,0.277,17.96,31.262,25.197,56.343,17.696,10.993,0.082,60.797,29.0,35.103,61.129,82.592,0.964,18.592,44.307,31.304,6.751,39.63,15.794,3.89,47.861,2.193,90.852,26.081,8.722,6.79,25.322,18.0,0.258,58.837,5.242,2.732,9.714,63.482,11.086,15.0,17.147,73.622,30.676,168.0,-999.0,-999.0,
1960,1.759,7.92,4.362,1.777,31.809,32.0,-999.0,0.0,0.522,36.523,50.524,44.035,74.356,34.606,19.465,0.146,51.283,54.0,36.699,74.148,96.024,1.209,31.504,55.774,54.737,11.746,40.925,24.375,7.148,62.841,4.865,100.796,52.698,19.631,9.148,47.08,19.0,0.279,77.485,9.325,2.873,21.28,59.987,19.66,20.929,32.156,80.945,44.052,156.0,-999.0,-999.0,
1961,1.5,4.205,4.875,1.526,19.064,41.0,-999.0,0.0,0.868,20.328,30.863,27.584,49.37,18.859,14.476,1.444,55.873,38.0,37.024,49.528,66.374,2.965,18.772,33.309,33.79,6.833,42.326,24.412,4.535,49.892,4.554,75.756,32.693,9.629,5.474,29.308,27.0,1.038,50.294,6.482,3.421,13.567,54.987,15.061,11.337,24.13,53.424,30.805,177.0,-999.0,-999.0,
1962,5.855,5.241,5.557,2.019,25.409,46.0,-999.0,0.0,1.734,32.231,41.479,34.529,61.605,22.51,15.398,2.627,61.598,42.0,42.286,67.038,79.113,4.823,24.249,44.79,41.896,17.96,46.337,25.577,6.126,53.929,5.63,83.258,41.818,12.0,9.288,38.173,33.0,2.021,59.375,8.704,4.688,21.075,59.503,17.431,13.678,22.913,72.899,36.26,151.0,-999.0,-999.0,
1963,4.61,3.706,12.674,1.507,24.243,46.0,-999.0,0.0,0.546,28.222,56.617,51.054,63.583,28.986,29.318,4.054,68.567,49.0,49.1,76.755,81.118,6.977,35.856,40.366,40.881,7.658,55.895,32.159,8.26,61.281,3.344,79.008,54.023,18.724,7.994,46.287,31.0,0.309,54.464,17.983,6.404,21.35,69.02,23.11,19.165,36.106,78.139,32.598,163.0,-999.0,-999.0,
1964,1.545,2.973,2.285,1.7,16.85,29.0,-999.0,0.0,0.466,32.999,27.685,22.241,41.766,12.178,9.372,0.279,51.51,26.0,29.956,53.428,80.611,1.79,13.258,47.019,27.861,11.721,34.603,17.817,4.106,46.217,1.244,87.248,28.428,6.04,5.58,26.406,20.0,0.111,52.677,3.716,1.664,23.539,48.049,8.081,13.509,16.04,60.862,56.405,158.0,-999.0,-999.0,
1965,1.85,3.153,2.3,1.772,19.333,33.0,-999.0,0.0,0.517,24.441,32.591,26.015,54.343,16.912,11.574,0.129,58.762,31.0,32.055,54.226,88.026,0.894,18.426,50.304,36.478,12.324,38.95,22.006,3.336,43.543,2.521,103.287,29.79,6.493,5.285,26.907,24.0,0.096,61.169,5.709,0.916,15.456,53.029,13.806,10.993,19.359,65.13,34.597,152.0,-999.0,-999.0,
1966,2.661,4.863,5.15,1.566,25.055,33.0,-999.0,0.0,1.057,20.922,41.694,37.759,54.639,27.478,21.826,0.326,52.941,45.0,31.719,64.195,87.161,2.547,26.889,52.8,43.921,9.765,40.946,25.915,4.35,49.237,3.547,99.507,43.491,20.745,2.887,42.603,15.0,1.077,63.284,11.678,2.887,23.092,54.481,15.464,7.255,33.619,68.94,43.951,158.0,-999.0,-999.0,
1967,0.755,5.055,2.658,1.917,18.369,29.0,-999.0,0.0,0.247,19.752,29.2,27.069,44.054,13.219,11.213,0.576,67.34,35.0,28.836,61.362,79.721,1.305,15.342,43.977,28.204,11.388,43.965,23.109,3.933,48.556,1.665,89.707,32.588,3.112,4.005,27.591,13.0,0.102,49.345,4.62,0.884,25.055,59.998,9.775,7.935,18.834,67.497,40.979,151.0,-999.0,-999.0,
1968,2.267,5.169,5.382,1.586,18.91,46.0,-999.0,0.001,1.822,23.812,38.668,38.699,50.564,20.683,18.668,0.358,65.686,50.0,41.082,59.68,77.391,2.182,24.44,43.679,37.87,6.764,51.292,29.428,1.909,57.374,4.862,87.104,44.829,9.732,6.829,42.836,25.0,1.24,57.357,8.15,2.71,20.683,67.493,22.095,12.486,35.462,62.18,27.963,144.0,-999.0,-999.0,
1969,0.5,2.144,1.903,1.615,18.622,53.0,-999.0,0.001,0.366,30.531,39.143,32.524,67.118,19.8,13.036,0.082,63.152,55.0,32.145,60.457,97.524,0.808,18.32,63.284,48.227,7.364,44.599,22.421,3.722,62.291,1.773,107.528,39.429,6.04,9.583,37.851,23.0,0.374,75.086,4.803,1.029,11.732,64.482,12.73,27.551,31.485,72.468,42.9,133.0,-999.0,-999.0,
1970,3.808,1.749,6.833,1.597,15.679,55.0,-999.0,0.0,2.814,23.932,36.967,33.287,52.823,15.56,17.248,0.405,70.968,40.0,49.822,67.578,91.361,3.9,22.693,48.144,33.093,8.534,58.039,32.547,3.023,61.426,7.219,108.108,43.356,8.165,5.706,42.249,33.0,3.152,61.812,12.044,1.904,11.948,68.514,17.428,13.336,33.173,72.124,33.547,143.0,-999.0,-999.0,
1971,1.79,8.967,4.81,2.05,23.618,30.0,-999.0,0.0,0.44,31.916,29.344,26.869,58.894,20.774,16.838,0.695,62.56,42.0,32.805,58.629,94.252,2.626,19.782,54.593,40.11,17.517,43.34,23.066,6.366,44.926,3.183,104.107,33.42,9.175,6.216,26.18,18.0,0.266,70.632,9.799,1.776,28.855,57.577,16.651,13.041,25.236,73.937,52.023,169.0,-999.0,-999.0,
1972,0.631,2.229,4.669,3.023,27.664,-999.0,-999.0,0.0,0.431,35.775,34.915,26.878,60.5,25.13,11.831,0.082,71.176,28.0,31.3,64.34,99.089,1.581,25.231,54.685,41.639,21.182,52.02,21.036,3.989,53.785,1.266,106.611,31.849,18.167,16.938,30.741,19.0,0.352,65.905,5.574,3.372,22.209,63.514,7.615,27.006,18.212,76.878,47.383,164.0,-999.0,-999.0,
1973,1.648,2.755,6.29,1.647,24.911,24.0,-999.0,0.001,0.786,23.569,31.102,26.597,46.599,18.176,13.412,0.962,41.42,28.0,22.504,49.659,67.347,4.024,21.212,41.229,35.116,13.62,30.023,18.13,3.437,39.463,3.414,81.782,29.101,13.218,5.891,24.431,18.0,0.952,48.302,10.553,5.0,26.722,42.501,12.958,11.825,18.432,54.422,47.641,155.0,-999.0,-999.0,
1974,0.404,3.797,5.297,1.804,26.368,35.0,-999.0,0.0,0.111,24.733,28.595,23.692,47.973,17.276,8.772,0.18,59.889,25.0,25.036,50.892,75.269,1.029,18.488,29.299,28.367,17.168,42.865,14.702,3.146,48.605,0.434,89.672,29.028,9.525,7.769,25.754,15.0,0.0,45.115,4.42,2.592,23.272,50.997,3.768,11.766,12.011,55.055,34.086,100.0,-999.0,-999.0,
1975,0.763,3.821,1.636,1.894,22.911,34.0,-999.0,0.0,0.111,36.841,29.258,19.614,68.612,17.02,7.778,0.064,67.445,22.0,22.701,56.534,101.87,1.329,16.696,62.377,45.472,14.263,38.246,15.379,2.091,46.548,0.503,105.878,25.35,7.05,5.126,24.166,16.0,0.033,73.098,3.676,0.967,21.919,49.335,6.842,14.293,12.342,77.559,41.389,145.0,-999.0,-999.0,
1976,1.686,2.294,3.817,1.596,18.511,46.0,-999.0,0.001,0.233,28.601,36.369,27.682,46.448,14.141,15.017,0.232,77.774,33.0,37.278,68.32,79.511,1.483,19.786,32.997,28.088,7.015,46.968,29.42,3.992,56.41,2.153,83.341,38.343,7.05,5.666,37.921,25.0,0.068,49.188,8.154,1.963,14.286,67.072,12.475,12.054,21.252,70.586,28.626,134.0,-999.0,-999.0,
1977,5.654,2.471,8.572,1.752,12.763,50.0,-999.0,0.125,2.548,38.001,54.048,48.386,60.12,18.32,34.434,0.428,70.463,48.0,42.066,73.622,82.892,4.645,32.766,45.974,32.652,4.878,50.326,37.32,1.326,62.305,6.069,88.766,53.809,8.515,7.021,51.016,29.0,1.515,62.441,18.465,2.255,12.881,64.546,28.217,24.135,39.16,73.945,26.373,148.0,-999.0,-999.0,
1978,5.036,4.711,14.909,1.795,36.427,57.0,-999.0,0.0,0.977,34.148,61.953,54.153,82.656,45.707,36.255,1.402,80.562,57.0,47.827,82.302,100.675,7.556,46.082,76.232,66.453,11.286,62.289,39.519,6.46,71.254,3.255,112.274,57.602,29.53,8.379,56.942,36.0,0.45,89.91,23.607,6.659,19.11,78.537,23.982,18.082,35.014,91.464,46.434,133.0,-999.0,-999.0,
1979,2.303,3.741,13.366,1.779,32.965,39.0,-999.0,0.0,0.771,41.309,50.513,43.843,65.568,33.336,26.616,0.996,57.237,41.0,31.49,66.419,91.022,3.643,37.182,56.399,49.185,12.837,43.734,29.74,4.559,49.635,3.026,102.063,47.886,26.148,12.021,42.764,28.0,0.889,69.272,13.03,5.606,31.387,48.975,18.798,24.632,33.175,74.923,47.383,147.0,-999.0,-999.0,
1980,1.688,1.283,7.589,1.403,19.723,38.0,-999.0,0.0,1.211,26.312,44.188,36.291,55.428,24.07,19.863,0.574,67.253,42.0,42.978,68.902,81.024,3.035,27.848,42.45,38.642,4.443,49.301,28.458,3.794,62.552,5.963,86.028,46.723,13.114,8.681,44.315,25.0,1.261,50.783,10.279,2.618,11.187,73.515,15.39,19.826,26.913,73.442,28.856,127.0,-999.0,-999.0,
1981,1.881,1.047,2.956,1.364,10.025,34.0,-999.0,0.0,0.44,21.416,31.718,29.499,39.787,10.26,17.883,0.133,50.488,38.0,30.471,55.041,65.522,1.992,16.302,30.394,23.562,1.345,29.02,26.167,1.788,50.545,3.981,68.928,37.909,2.555,3.774,34.712,24.0,0.775,42.029,9.763,0.718,10.607,56.976,16.237,9.691,30.671,60.04,17.84,118.0,-999.0,-999.0,
1982,3.177,2.8,8.295,2.105,20.622,37.0,-999.0,0.0,2.937,40.948,41.853,31.552,59.626,24.854,14.257,1.538,73.965,28.0,37.27,66.598,84.623,4.347,24.791,57.653,44.344,14.87,45.058,25.102,8.108,47.611,5.695,93.813,35.075,10.432,7.622,29.744,24.0,2.354,66.398,10.051,4.646,20.569,66.019,13.615,17.719,18.432,73.06,36.468,157.0,-999.0,-999.0,
1983,3.448,1.443,12.58,1.575,26.275,31.0,-999.0,0.0,2.414,26.893,37.897,29.545,61.236,31.956,15.94,3.251,44.482,-999.0,28.422,55.889,81.823,5.689,26.802,39.874,51.763,8.24,32.346,18.016,7.81,36.258,4.122,84.399,31.656,14.292,9.638,28.544,16.0,1.919,63.666,9.177,8.458,13.495,44.533,12.471,18.359,21.379,67.021,48.85,154.0,-999.0,-999.0,
1984,0.955,1.137,5.117,1.685,17.456,35.0,-999.0,0.0,0.237,41.982,33.715,28.665,45.591,16.243,14.28,0.279,58.441,29.0,31.938,56.992,74.345,1.619,16.706,39.031,29.414,19.09,38.273,20.149,5.351,46.977,1.267,76.117,35.026,8.968,6.157,34.093,18.0,0.097,46.715,7.539,1.913,27.918,52.028,10.301,15.779,17.459,61.099,37.322,133.0,-999.0,-999.0,
1985,3.868,4.309,11.095,1.976,29.027,48.0,-999.0,0.125,2.224,74.389,52.565,46.625,74.575,33.803,26.574,2.123,76.213,49.0,38.377,72.401,89.738,7.47,36.461,65.142,54.503,24.741,49.999,28.274,7.085,57.44,3.571,92.159,50.206,19.074,16.811,49.137,25.0,1.594,70.371,17.031,7.743,31.748,68.956,17.625,42.941,34.282,82.344,47.664,146.0,-999.0,-999.0,
1986,0.693,1.607,2.755,1.358,12.486,32.0,-999.0,0.0,1.009,23.915,28.904,25.04,46.627,12.483,10.576,0.227,61.618,35.0,25.631,53.761,76.101,1.912,13.719,34.133,23.679,2.797,34.674,16.834,6.982,46.642,2.097,77.153,31.267,6.597,4.127,31.29,12.0,0.751,45.553,3.974,1.75,10.415,56.492,9.362,13.623,18.758,67.893,24.912,147.0,-999.0,-999.0,
1987,0.486,6.988,0.897,1.879,23.521,21.0,-999.0,0.0,0.278,30.13,19.375,16.332,27.715,14.969,6.3,0.082,63.78,27.0,18.802,33.289,49.711,0.289,13.097,29.846,23.33,18.508,34.639,17.023,11.465,41.67,1.858,65.919,21.011,8.515,5.574,24.03,9.0,0.205,33.641,2.881,1.793,18.764,56.892,10.032,14.552,17.448,42.827,40.85,128.0,-999.0,-999.0,
1988,2.016,3.192,7.74,1.762,28.828,41.0,-999.0,0.0,1.766,35.771,39.193,36.042,50.544,17.998,17.886,0.905,62.5,38.0,28.829,57.886,73.015,3.835,21.779,38.161,33.846,15.141,40.098,22.542,4.574,48.256,4.905,80.795,39.918,13.114,6.208,38.981,15.0,0.755,55.001,10.963,2.841,24.627,53.502,17.927,13.704,29.871,64.34,51.023,153.0,-999.0,-999.0,
1989,4.699,2.225,14.551,1.951,29.734,50.0,-999.0,0.074,2.648,40.063,43.349,37.61,60.261,25.358,22.634,4.354,84.923,43.0,43.03,74.832,82.573,7.589,27.935,49.81,42.039,18.669,54.107,34.665,7.409,59.904,7.06,96.584,45.628,11.3,8.576,49.299,31.0,2.02,62.28,15.72,9.266,28.586,67.009,19.878,19.649,30.051,80.874,45.383,152.0,-999.0,-999.0,
1990,0.415,7.043,3.636,2.52,24.331,22.0,-999.0,0.0,0.086,29.487,14.858,10.401,33.01,15.397,4.781,0.279,39.273,9.0,14.362,35.962,54.394,0.985,9.859,35.2,25.311,22.056,21.683,5.032,4.491,24.102,0.312,63.331,12.532,6.39,11.271,12.575,10.0,0.036,37.381,1.421,2.705,20.798,37.5,3.675,19.572,5.717,45.707,41.108,147.0,-999.0,-999.0,
1991,0.5,2.47,2.078,1.443,26.157,26.0,-999.0,0.0,0.361,24.338,34.201,24.021,56.408,19.289,6.591,0.18,54.703,23.0,21.954,56.064,82.805,0.435,21.127,33.668,33.093,12.6,36.356,7.995,4.302,36.003,0.574,79.924,25.772,8.515,3.699,24.762,7.0,0.111,51.683,2.637,1.108,21.473,48.481,7.375,10.899,12.789,72.819,42.31,149.0,-999.0,-999.0,
1992,0.404,4.276,1.165,1.446,22.382,32.0,-999.0,0.0,0.195,27.389,17.79,17.288,41.22,11.157,5.761,0.082,59.062,-999.0,29.221,46.505,77.349,0.419,7.688,28.004,26.304,11.455,42.07,11.503,2.598,39.466,0.623,81.891,24.666,1.647,4.47,29.25,15.0,0.036,46.404,1.735,0.726,21.7,54.944,7.796,12.429,19.569,60.084,40.85,169.0,-999.0,-999.0,
1993,0.69,1.047,2.938,1.941,29.773,24.0,-999.0,0.0,0.27,45.394,39.3,35.567,67.563,30.072,12.352,0.082,64.895,38.0,39.29,62.249,92.026,0.464,27.029,48.554,51.97,22.381,47.408,19.849,3.103,48.144,1.768,93.94,39.079,12.0,13.109,35.754,20.0,0.111,72.148,4.279,1.416,20.984,59.503,13.675,26.974,22.732,70.882,60.349,144.0,-999.0,-999.0,
1994,1.6,1.678,6.176,1.631,17.271,49.0,-999.0,0.0,1.253,28.965,33.213,27.578,59.487,17.784,14.436,0.082,67.656,28.0,45.231,59.096,80.124,1.452,20.812,39.069,40.645,9.765,53.743,27.139,2.182,51.062,5.033,88.415,36.296,4.783,4.292,37.011,23.0,1.247,67.514,8.377,1.034,11.449,64.472,14.342,10.502,20.653,68.362,42.412,167.0,-999.0,-999.0,
1995,1.174,1.047,3.855,1.434,17.784,-999.0,-999.0,0.0,0.406,21.271,42.415,38.583,64.991,22.868,20.238,0.082,70.275,50.0,30.653,72.319,93.295,0.725,28.153,43.509,44.305,2.086,50.353,20.173,3.344,54.999,2.251,103.308,50.485,7.854,5.766,41.906,16.0,0.161,69.063,10.035,1.296,8.887,61.796,18.166,12.185,37.172,83.969,31.418,154.0,-999.0,-999.0,
1996,6.536,1.588,11.268,1.545,24.938,-999.0,-999.0,0.0,2.516,32.762,43.377,38.971,68.71,25.356,20.926,1.926,65.234,47.0,40.715,72.033,106.349,5.108,28.942,65.538,50.622,9.012,49.085,24.862,4.57,51.313,7.107,117.955,47.456,12.557,5.572,40.429,23.0,1.804,83.19,12.721,4.874,10.225,52.7,21.903,20.755,35.594,87.045,45.052,164.0,-999.0,-999.0,
1997,1.11,2.85,6.525,1.581,29.948,22.0,-999.0,0.0,0.341,23.251,34.25,28.256,61.374,22.449,12.391,0.856,64.579,31.0,24.048,55.767,96.542,2.375,23.305,44.258,41.485,9.026,39.654,11.1,9.572,44.2,2.591,99.515,32.636,6.247,4.623,23.35,8.0,0.036,66.99,7.213,4.263,18.509,56.743,12.24,11.458,21.081,69.995,59.86,164.0,-999.0,-999.0,
1998,0.368,1.896,3.351,1.503,16.449,-999.0,-999.0,0.001,0.086,16.653,20.974,15.618,43.868,18.798,8.351,0.373,46.071,13.0,13.425,34.366,68.397,1.451,15.291,33.706,33.694,9.231,20.459,6.099,2.448,26.699,0.927,82.53,17.221,9.525,9.179,13.436,6.0,0.0,49.441,3.402,2.379,10.946,24.401,9.306,14.405,12.521,45.958,34.316,141.0,-999.0,-999.0,
1999,1.625,1.231,3.658,1.473,9.549,-999.0,-999.0,0.001,0.738,16.61,23.897,20.303,39.101,8.182,9.945,0.082,42.962,33.0,25.175,43.467,57.306,1.729,14.243,17.918,19.109,3.467,27.785,11.746,1.793,44.537,1.893,63.514,29.523,5.276,3.505,27.881,11.0,0.154,33.831,3.691,0.585,6.502,43.604,13.386,6.589,24.269,49.745,27.654,164.0,-999.0,-999.0,
2000,2.925,1.297,11.568,1.34,16.56,-999.0,-999.0,0.0,1.794,31.71,42.027,39.18,62.521,20.5,23.053,0.227,63.333,47.0,36.419,62.629,85.898,2.962,28.826,44.325,41.614,3.942,46.722,23.51,3.101,57.462,4.888,94.609,47.925,13.114,5.119,43.598,15.0,0.565,64.589,11.743,2.265,9.623,60.461,24.873,15.34,35.708,72.483,35.597,140.0,-999.0,-999.0,
2001,0.946,1.983,4.008,1.61,19.384,-999.0,-999.0,0.0,0.222,34.864,27.78,20.77,54.463,16.426,8.782,0.227,65.572,28.0,21.9,47.852,78.136,1.257,17.492,40.279,34.569,12.964,34.336,9.866,6.006,39.16,0.953,88.832,31.189,10.989,5.237,26.727,4.0,0.0,61.711,4.638,1.725,19.276,53.039,9.113,10.925,20.724,58.91,45.67,154.0,-999.0,-999.0,
2002,1.006,2.023,2.962,1.697,25.02,-999.0,-999.0,0.0,0.471,24.864,20.472,16.522,39.075,15.125,9.566,0.082,50.669,24.0,10.918,45.595,70.686,0.381,14.964,45.423,29.718,7.782,28.557,5.382,3.145,36.007,2.584,87.807,25.828,7.504,3.845,23.012,3.0,0.443,48.049,3.667,0.898,15.971,43.006,10.912,8.98,20.453,54.146,47.844,135.0,-999.0,-999.0,
2003,1.389,1.228,5.366,1.419,15.89,53.0,-999.0,0.0,0.324,16.682,38.008,38.06,56.21,18.631,16.757,0.082,77.217,51.0,45.464,67.439,86.993,1.342,23.283,45.753,36.191,4.18,57.949,29.207,2.031,62.114,3.446,103.671,51.662,11.339,3.648,50.678,27.0,0.707,57.102,7.293,1.535,10.631,70.988,23.156,9.281,34.113,71.73,34.058,147.0,-999.0,-999.0,
2004,1.684,1.297,4.38,1.458,19.892,41.0,-999.0,0.0,0.238,24.104,33.459,30.177,44.925,18.585,15.423,0.403,62.485,31.0,35.854,56.074,66.235,2.118,19.18,28.661,31.701,15.289,45.054,25.829,4.734,50.302,4.107,79.421,35.848,10.122,5.623,35.04,22.0,0.484,42.394,5.92,2.133,24.546,54.965,19.291,11.764,24.711,61.248,37.058,153.0,-999.0,-999.0,
2005,0.37,1.286,2.145,1.444,20.021,39.0,-999.0,0.0,0.658,32.709,33.455,28.306,51.745,21.859,8.236,0.082,66.92,-999.0,32.376,69.104,77.284,0.365,18.784,41.932,37.978,19.978,48.959,18.828,3.187,55.173,3.155,79.23,42.831,8.411,7.349,38.246,16.0,0.485,49.973,3.287,1.305,12.68,66.461,14.966,16.449,29.545,72.151,32.496,146.0,-999.0,-999.0,
2006,0.368,1.878,2.552,1.671,19.271,27.0,-999.0,0.0,0.094,25.535,12.176,10.22,24.841,9.638,5.039,0.279,44.901,14.0,16.704,34.251,56.623,0.607,10.617,29.473,21.143,9.24,28.337,7.524,2.216,31.294,0.503,75.342,18.177,4.019,5.138,18.433,6.0,0.0,31.903,1.782,1.374,17.119,41.459,6.818,12.389,15.448,42.816,38.339,149.0,-999.0,-999.0,
2007,0.178,3.292,4.869,1.656,38.134,50.0,-999.0,0.0,0.123,34.091,38.918,28.738,68.481,31.526,14.557,0.33,69.033,35.0,41.172,71.129,92.636,0.596,25.833,44.161,52.268,15.617,53.643,21.86,7.661,54.962,0.598,88.113,41.093,19.774,6.29,40.492,17.0,0.036,69.03,4.404,4.123,26.544,65.967,17.336,18.36,30.939,78.659,49.866,164.0,-999.0,-999.0,
2008,1.042,1.944,5.499,2.038,25.938,35.0,-999.0,0.0,0.344,32.185,40.595,35.973,69.185,21.178,13.27,0.082,62.59,25.0,28.808,70.563,94.663,0.863,24.893,40.401,40.377,15.668,39.648,12.068,2.295,46.554,1.522,90.429,41.286,7.854,8.336,35.36,9.0,0.036,63.465,5.441,1.063,22.922,58.019,12.431,19.088,26.427,84.739,45.007,167.0,-999.0,-999.0,
2009,1.197,1.382,4.651,1.821,26.909,51.0,-999.0,0.0,0.378,36.497,39.508,32.782,62.736,21.781,12.949,0.082,65.84,31.0,39.849,65.829,84.283,0.773,23.704,48.86,41.203,15.346,48.684,23.078,3.65,55.6,3.967,100.447,43.133,8.308,8.031,42.011,23.0,0.299,64.364,5.572,1.217,19.198,60.482,18.79,20.427,31.785,75.711,-999.0,152.0,-999.0,-999.0,
2010,4.418,1.472,9.198,1.406,16.696,46.0,-999.0,0.0,1.817,19.923,53.236,48.113,76.92,23.489,29.86,0.755,42.622,69.0,30.531,65.043,88.465,4.261,33.349,51.316,48.101,9.669,39.141,22.194,3.221,56.77,6.575,104.479,56.196,8.658,4.975,50.619,10.0,0.279,75.239,18.803,2.279,18.765,57.966,35.322,12.865,54.287,75.331,39.884,140.0,-999.0,-999.0,
2011,1.968,4.396,9.387,1.534,26.125,37.0,-999.0,0.0,1.083,26.566,33.333,26.543,53.189,23.542,12.655,0.861,58.009,36.0,29.201,59.814,80.018,3.038,23.104,43.722,39.01,6.189,36.282,18.711,10.383,48.002,2.282,89.94,33.737,11.339,6.357,29.493,8.0,0.424,58.926,7.712,4.705,24.511,57.513,10.4,15.278,22.51,70.44,42.445,151.0,-999.0,-999.0,
2012,0.297,1.491,1.733,1.547,13.874,12.0,-999.0,0.0,0.23,19.544,18.074,12.902,34.84,10.413,4.541,0.085,43.227,20.0,12.206,33.536,62.077,0.388,8.725,34.641,22.622,7.744,21.011,6.513,2.106,30.622,0.675,74.197,18.557,4.122,3.695,17.208,5.0,0.036,41.043,1.698,0.809,14.291,40.522,7.267,9.128,14.864,48.561,39.884,170.0,-999.0,-999.0,
2013,0.357,4.04,5.62,1.929,31.866,43.0,-999.0,0.0,0.255,40.283,41.978,30.766,68.173,26.687,10.107,0.08,61.902,39.0,36.94,70.913,102.733,0.97,26.864,41.303,43.254,28.013,40.789,17.794,6.697,55.14,1.348,110.381,39.796,13.361,13.741,37.969,15.0,0.071,69.502,4.911,3.116,39.282,59.461,15.582,21.934,29.929,86.386,43.563,156.0,-999.0,-999.0,
2014,4.937,1.047,10.663,1.413,29.627,53.0,-999.0,0.0,2.941,32.035,53.387,45.457,71.693,32.146,19.652,1.0,67.479,43.0,43.527,86.475,100.909,5.306,33.342,51.352,50.743,4.92,52.696,28.602,6.279,65.929,6.012,100.77,51.469,18.31,8.007,49.745,18.0,1.76,71.225,13.841,4.601,12.453,69.935,24.326,21.902,33.358,96.557,29.238,147.0,-999.0,-999.0,
2015,1.527,2.202,7.706,1.48,27.019,56.0,-999.0,0.0,1.028,24.563,37.12,34.518,49.667,24.86,19.884,0.28,69.354,38.0,49.74,64.437,71.68,2.0,23.833,38.925,37.422,12.385,53.73,28.658,7.93,60.708,6.518,74.926,42.434,10.122,4.776,42.012,21.0,1.015,53.062,10.028,3.02,14.891,64.482,19.974,11.94,31.15,68.314,45.007,131.0,-999.0,-999.0,
2016,0.714,2.146,3.204,1.416,18.606,33.0,-999.0,0.0,0.496,29.438,31.044,26.979,47.021,15.355,14.138,0.085,48.272,34.0,24.429,52.337,70.8,0.782,17.722,33.699,29.064,12.75,30.76,16.426,3.605,42.456,5.682,68.415,32.055,5.276,6.984,29.863,7.0,0.071,49.194,7.682,1.266,20.8,43.501,17.032,15.703,26.901,60.802,30.918,139.0,-999.0,-999.0,
2017,1.581,1.798,3.85,1.502,16.592,30.0,-999.0,0.0,0.555,38.493,24.164,21.543,41.744,15.15,10.171,0.142,58.49,28.0,30.89,52.771,74.687,1.749,15.565,54.948,30.306,10.347,41.437,18.528,3.129,49.711,3.448,81.707,29.308,8.061,9.649,31.283,12.0,0.078,51.876,4.714,1.809,15.847,56.997,12.376,25.337,20.124,61.657,29.856,152.0,-999.0,-999.0,
2018,3.434,1.172,8.048,1.595,18.873,30.0,-999.0,0.004,1.63,20.062,34.367,26.153,61.17,23.647,14.301,1.673,67.336,38.0,26.079,59.838,95.457,3.546,26.78,51.253,45.918,9.798,42.817,17.593,3.416,52.017,7.545,102.194,30.592,10.122,4.263,35.534,9.0,1.276,67.122,9.886,3.661,14.641,56.902,17.367,10.182,25.214,76.937,36.339,147.0,-999.0,-999.0,
2019,0.126,4.257,2.542,1.804,27.515,39.0,-999.0,0.001,0.0,31.489,39.205,27.477,66.568,27.632,10.348,0.085,69.093,30.0,37.997,63.369,96.77,0.694,26.301,63.113,53.821,10.786,48.791,15.997,4.421,56.167,0.734,104.532,33.888,9.915,8.342,32.513,10.0,0.0,82.041,3.189,1.607,22.444,60.977,11.583,19.675,19.919,79.34,48.276,128.0,-999.0,-999.0,
2020,0.463,1.172,0.876,1.451,20.316,19.0,-999.0,0.001,0.156,17.331,18.282,13.48,42.602,11.186,3.979,0.154,36.377,23.0,14.932,38.627,73.391,0.467,11.93,37.615,26.842,3.45,21.506,5.713,2.48,32.528,0.686,81.74,15.519,3.255,2.759,15.213,3.0,0.0,49.673,2.014,0.828,13.962,36.458,7.056,8.54,13.092,55.136,25.312,131.0,-999.0,-999.0,
