Year,AK,AL,AR,AZ,CA,CO,CT,DE,FL,GA,HI,IA,ID,IL,IN,KS,KY,LA,MA,MD,ME,MI,MN,MO,MS,MT,NC,ND,NE,NH,NJ,NM,NV,NY,OH,OK,OR,PA,RI,SC,SD,TN,TX,UT,VA,VT,WA,WI,WV,WY
1895,-999.0,61.64,58.86,58.49,56.46,42.43,46.6,52.71,68.72,62.03,-999.0,46.12,41.41,49.72,49.9,52.38,53.68,64.78,45.88,52.08,39.37,41.72,38.61,52.93,62.15,38.99,56.86,37.17,46.68,41.53,49.81,51.17,48.23,43.46,48.97,57.82,44.27,46.65,47.73,61.0,42.42,56.17,62.33,45.25,53.24,40.57,45.15,41.28,50.35,37.86
1896,-999.0,64.27,62.08,59.98,57.47,44.88,46.83,53.88,69.93,64.43,-999.0,47.4,42.78,52.2,51.9,54.67,56.02,67.24,46.04,53.73,38.33,43.06,38.73,55.38,64.69,39.43,59.23,36.43,47.86,41.6,50.52,53.79,49.75,44.06,50.9,60.62,45.63,48.03,47.68,63.38,42.52,58.6,65.07,47.2,55.31,40.73,45.41,42.43,52.58,39.82
1897,-999.0,64.19,61.3,58.62,56.46,44.03,47.28,53.61,70.43,64.17,-999.0,46.57,42.57,51.4,51.24,53.97,55.93,67.29,46.38,53.15,38.97,42.51,38.57,54.73,64.73,39.85,58.88,37.43,47.59,41.91,50.53,52.48,48.72,44.35,50.62,59.54,45.67,47.91,47.6,62.93,42.6,58.57,64.41,45.77,55.29,41.07,45.33,41.94,52.21,39.66
1898,-999.0,62.98,60.44,59.02,56.7,42.72,48.21,54.75,70.07,63.56,-999.0,46.71,41.71,51.3,51.86,52.63,56.13,65.96,47.18,54.38,40.16,43.48,39.59,54.12,63.43,39.84,58.98,38.47,47.12,42.78,51.61,52.09,48.52,45.95,51.41,58.68,45.05,49.22,48.82,62.83,43.54,58.26,63.88,45.07,55.54,42.26,45.68,42.9,52.52,39.19
1899,-999.0,63.1,59.97,59.17,56.56,43.17,47.05,53.27,70.37,63.65,-999.0,46.45,41.52,50.82,51.35,52.82,55.27,66.08,46.4,53.01,39.32,42.31,38.33,53.57,63.5,38.1,58.38,36.25,46.36,41.6,50.33,52.51,48.73,44.67,50.81,58.84,44.27,47.93,47.78,62.59,41.77,57.67,64.0,46.15,54.63,41.15,45.08,41.48,51.75,38.48
1900,-999.0,63.41,61.23,60.07,57.49,45.41,48.44,55.17,69.91,63.67,-999.0,48.42,43.98,52.09,52.37,54.7,56.57,66.75,46.98,54.75,39.91,43.72,41.22,55.18,63.95,42.85,59.43,40.62,49.79,42.03,51.92,53.72,50.35,45.19,51.45,60.31,46.66,49.22,48.64,63.03,46.17,58.51,64.79,48.22,56.09,41.1,47.0,43.43,53.07,42.37
1901,-999.0,61.39,60.24,59.94,57.24,45.11,46.56,52.85,67.98,61.4,-999.0,47.95,43.18,50.78,50.43,54.2,54.37,65.42,45.56,52.32,39.33,42.62,40.11,54.95,62.36,41.8,56.89,40.02,48.66,41.64,49.88,53.43,49.83,43.87,49.48,60.13,45.71,47.24,46.93,60.71,45.58,56.16,65.03,47.94,53.41,40.78,45.83,42.38,50.51,41.15
1902,-999.0,63.58,59.73,59.65,56.17,44.69,47.17,53.5,69.89,63.35,-999.0,46.59,41.94,50.62,51.01,53.04,55.47,66.6,46.05,53.04,39.44,43.32,40.09,53.57,64.05,39.81,58.19,38.2,47.34,41.73,50.57,53.1,48.9,44.14,50.1,59.08,44.96,47.65,47.55,62.1,43.3,57.61,65.35,47.0,54.43,40.64,45.28,42.62,51.3,40.1
1903,-999.0,61.98,58.48,58.99,56.21,42.79,46.88,53.15,68.97,62.37,-999.0,46.24,41.06,50.16,50.25,52.13,54.82,64.67,45.91,52.67,39.3,42.4,38.02,52.97,62.48,39.92,57.87,37.47,46.79,41.52,50.33,51.75,48.13,44.06,49.84,57.78,44.93,47.57,47.28,61.54,42.7,56.81,62.66,45.2,54.03,40.71,44.91,41.16,51.01,38.83
1904,-999.0,62.77,59.53,59.65,57.42,44.73,44.32,50.92,69.26,62.41,-999.0,45.27,43.25,48.85,48.66,53.02,54.24,66.13,43.28,50.58,36.52,39.81,37.3,52.72,63.49,40.86,56.47,36.93,47.81,38.77,47.82,52.98,49.7,41.28,47.92,59.67,46.62,45.34,44.77,60.8,43.14,56.68,64.73,47.23,52.58,37.64,46.63,39.61,50.06,41.09
1905,-999.0,62.63,58.75,58.78,57.07,43.49,46.28,52.81,70.05,63.05,-999.0,46.25,42.19,50.3,50.26,52.28,54.77,65.65,45.12,52.46,37.89,42.02,39.09,52.85,62.94,40.59,57.66,38.92,46.73,40.35,49.82,51.68,48.6,43.16,49.33,57.82,45.74,47.1,46.62,61.91,43.08,56.95,63.18,46.28,54.01,39.46,45.9,41.23,51.06,39.63
1906,-999.0,63.27,59.52,59.02,57.18,43.96,47.66,54.46,69.64,63.31,-999.0,47.47,42.95,51.41,51.37,53.03,55.82,66.37,46.5,54.03,38.92,43.76,39.91,53.75,63.65,41.47,58.72,39.43,47.72,41.62,51.46,52.21,48.91,44.61,50.89,58.37,46.69,48.62,47.97,62.53,43.97,57.68,63.59,46.82,55.16,40.72,46.9,42.64,52.61,40.04
1907,-999.0,63.72,61.11,59.45,56.52,45.12,45.62,52.0,70.54,63.95,-999.0,46.39,42.68,50.47,49.75,53.62,55.21,67.72,44.58,51.57,37.43,41.03,37.49,54.23,64.52,39.23,57.82,36.63,47.53,39.79,48.8,53.17,48.91,42.52,48.94,60.03,46.19,46.16,46.0,62.5,42.81,57.93,65.62,47.93,53.68,38.82,45.24,40.64,50.76,40.42
1908,-999.0,64.04,61.38,58.72,56.23,43.62,48.22,54.02,70.29,64.06,-999.0,48.33,42.05,52.29,52.12,54.54,56.47,67.5,46.91,53.45,39.75,44.06,41.13,55.28,64.72,41.5,58.61,40.27,48.85,42.29,51.26,52.08,48.51,44.78,51.32,59.99,45.83,48.47,48.42,62.9,45.11,58.62,64.99,45.6,54.77,41.33,45.88,43.63,52.18,39.79
1909,-999.0,63.85,61.29,58.46,56.22,43.3,47.37,53.43,70.17,63.55,-999.0,46.3,42.12,50.9,50.61,53.23,55.64,67.27,46.24,53.15,39.33,42.89,38.7,54.58,64.43,39.27,58.23,37.91,46.87,41.57,50.57,52.43,49.05,44.06,50.23,60.07,45.19,47.88,47.61,62.43,42.66,58.08,65.38,46.43,54.72,40.48,44.29,41.83,51.87,39.52
1910,-999.0,62.67,60.13,61.18,57.66,46.1,47.57,53.33,68.16,62.42,-999.0,47.59,43.35,50.84,50.15,54.71,54.43,66.52,46.5,53.02,40.06,43.32,40.78,54.09,63.45,42.52,57.7,40.48,49.3,42.07,50.45,54.68,50.39,44.13,49.62,60.71,46.13,47.63,47.86,61.64,45.23,56.76,65.4,48.97,54.08,40.97,46.02,42.87,51.19,42.27
1911,-999.0,65.33,62.05,58.77,55.38,44.4,47.68,54.52,71.26,65.05,-999.0,48.4,40.77,52.72,52.29,54.82,57.21,68.77,46.56,54.36,39.47,44.12,39.6,56.08,65.86,38.72,59.78,37.74,48.63,42.04,51.27,53.01,47.51,44.93,51.84,61.42,44.27,49.11,47.89,63.82,44.07,59.66,65.76,46.56,55.84,41.06,44.67,43.18,53.41,39.63
1912,-999.0,62.12,58.51,57.2,55.54,41.78,46.57,52.95,70.03,62.46,-999.0,45.21,40.96,49.37,49.0,51.61,53.83,65.39,45.76,52.51,38.49,40.86,38.01,52.44,62.25,39.43,57.75,37.73,46.0,40.83,50.04,50.75,47.62,42.97,48.78,57.81,44.73,46.96,47.14,61.61,42.79,56.32,63.13,45.38,53.9,39.6,45.53,40.01,50.58,38.01
1913,-999.0,63.61,60.62,57.48,56.45,42.81,49.18,55.59,69.99,63.66,-999.0,48.63,41.04,52.76,52.48,54.18,56.93,66.08,48.04,55.1,41.0,44.09,40.02,55.49,63.83,39.75,59.38,39.42,48.15,43.61,52.81,50.97,47.75,46.09,51.52,59.29,44.7,49.62,49.38,62.83,44.56,58.74,63.23,45.82,56.03,42.76,44.67,42.86,52.81,39.21
1914,-999.0,62.83,60.31,59.92,57.38,44.41,46.38,53.1,69.07,62.76,-999.0,48.18,42.77,51.96,51.22,54.65,55.39,65.84,45.24,52.57,37.65,42.83,39.88,55.0,63.25,41.46,57.8,39.82,48.85,40.41,49.83,52.85,49.73,42.93,49.93,59.98,46.4,46.94,46.87,61.43,44.88,57.72,63.66,47.51,54.02,39.32,46.54,42.19,50.78,40.91
1915,-999.0,63.2,59.75,58.22,56.74,43.16,47.88,53.72,69.11,63.35,-999.0,46.71,43.1,50.9,50.67,52.34,55.36,66.06,46.93,53.17,40.91,42.78,40.19,53.88,63.45,41.17,58.15,39.24,46.34,42.82,50.98,51.35,49.59,44.57,49.75,58.54,46.6,47.82,48.13,61.83,42.72,57.63,63.78,46.99,54.32,42.03,46.91,42.07,51.36,40.1
1916,-999.0,63.44,60.78,58.78,55.58,43.48,46.42,53.05,69.61,63.59,-999.0,46.3,40.18,51.13,51.09,52.89,55.34,66.8,45.34,52.65,39.36,42.28,37.16,54.33,63.75,37.16,58.54,35.73,46.67,41.13,49.85,53.18,47.7,43.77,49.87,59.55,43.69,47.47,47.16,62.47,41.54,57.7,65.28,45.98,54.47,40.4,42.97,40.77,51.47,38.18
1917,-999.0,61.85,58.34,58.66,56.63,42.91,44.76,51.43,68.77,61.97,-999.0,43.96,41.5,48.33,48.07,51.99,52.58,65.12,43.73,50.9,36.94,39.02,35.68,51.83,62.15,38.91,56.38,35.92,45.89,38.87,48.33,52.51,48.14,41.08,46.84,57.95,45.49,45.18,45.57,60.66,40.98,55.35,64.32,45.82,52.24,37.93,45.46,37.97,48.83,38.58
1918,-999.0,63.78,60.52,58.82,56.84,43.77,46.86,53.42,69.83,63.59,-999.0,48.12,43.09,51.27,51.1,53.97,55.52,66.77,45.71,53.17,38.46,42.57,40.12,54.71,64.12,41.28,58.39,39.42,48.48,40.97,50.43,52.25,49.38,43.8,50.42,59.72,46.6,48.08,47.3,62.29,44.28,58.04,64.47,47.45,54.29,40.25,46.81,42.18,51.61,40.19
1919,-999.0,64.09,60.74,58.08,56.28,43.26,47.98,54.45,70.4,64.4,-999.0,47.52,41.86,52.09,52.29,52.67,56.66,66.82,47.04,54.11,39.86,44.1,39.23,54.67,64.27,40.5,59.3,38.32,47.19,42.69,51.56,51.56,49.23,45.13,51.28,58.73,44.99,49.02,48.21,63.27,43.44,58.77,63.32,46.66,55.41,41.58,44.78,42.38,52.43,40.33
1920,-999.0,62.3,59.72,57.79,56.09,43.19,46.44,52.94,68.9,62.35,-999.0,47.06,41.77,50.82,50.38,53.16,54.53,65.84,45.56,52.53,39.35,42.39,39.67,53.72,62.97,40.53,57.47,39.2,47.58,41.36,50.06,51.96,48.93,43.45,49.23,58.87,45.23,46.95,46.97,61.27,43.77,56.92,63.76,46.12,53.47,40.56,45.45,41.74,50.31,39.31
1921,-999.0,65.71,63.32,59.93,57.31,46.0,49.32,56.23,70.96,65.43,-999.0,51.03,43.23,55.0,54.93,56.45,58.7,68.92,48.16,56.04,41.1,46.68,42.45,57.58,66.42,42.32,60.73,41.64,50.93,43.68,53.04,53.94,51.18,46.87,53.47,62.05,46.05,50.63,49.37,64.15,47.15,60.65,66.45,48.88,57.11,43.2,45.48,45.55,54.32,42.23
1922,-999.0,65.17,61.68,58.62,56.06,44.16,47.88,54.33,71.05,65.02,-999.0,48.98,40.77,52.97,52.86,54.63,57.2,67.8,46.7,54.36,39.59,44.2,40.89,55.67,65.4,39.25,59.55,39.33,48.62,41.99,51.42,53.19,48.02,44.93,51.62,60.61,44.32,48.93,48.04,63.47,43.73,59.43,65.33,46.27,55.58,41.34,44.22,43.22,52.83,39.12
1923,-999.0,63.42,60.74,57.86,56.37,43.23,46.77,53.93,70.07,63.8,-999.0,47.87,41.86,51.68,51.36,53.78,55.95,66.52,45.56,53.85,38.06,42.52,40.35,54.67,63.81,41.42,58.92,40.05,48.13,40.82,50.62,52.13,48.07,43.34,50.24,60.01,45.73,47.84,46.82,62.59,44.93,57.96,64.44,45.87,54.96,39.73,46.35,42.29,51.69,39.56
1924,-999.0,62.25,59.12,58.62,57.15,42.67,46.35,52.34,69.37,62.28,-999.0,45.08,41.78,49.23,48.95,51.93,53.88,65.84,45.28,52.03,38.67,40.83,37.67,52.35,62.99,39.56,57.26,37.72,45.82,40.67,49.38,52.25,48.93,42.38,48.07,58.35,45.62,46.02,46.68,61.23,42.19,56.2,63.59,46.19,53.14,39.76,45.95,39.48,49.6,38.71
1925,25.28,64.96,61.83,59.1,57.14,44.64,47.94,54.49,70.42,64.98,-999.0,47.52,44.09,51.78,51.59,54.61,56.38,67.36,46.73,53.96,38.81,42.65,39.79,55.04,65.13,42.17,59.56,40.1,48.73,41.64,51.08,53.19,49.99,44.04,50.12,60.88,47.44,47.78,48.31,63.72,44.97,59.28,65.53,47.43,55.26,40.72,47.75,41.97,51.93,41.5
1926,29.84,62.9,60.27,59.61,58.79,44.67,45.65,52.45,69.27,63.01,-999.0,47.07,44.18,50.37,50.02,54.11,54.77,66.17,44.33,52.19,37.13,40.76,38.79,53.79,63.53,42.49,58.44,40.17,48.91,39.32,48.88,52.5,51.52,41.68,48.81,59.27,48.11,46.15,45.9,62.38,45.04,57.38,63.97,48.6,53.99,38.2,47.86,40.18,50.48,41.38
1927,23.9,65.58,62.02,59.53,56.88,44.52,47.92,53.89,71.08,65.27,-999.0,47.6,42.17,51.98,51.95,53.84,56.49,68.69,47.15,53.7,40.22,43.33,38.56,54.96,66.01,38.62,59.43,37.5,47.6,42.59,50.89,53.93,49.81,44.52,50.83,60.56,45.76,48.35,48.55,63.63,42.65,59.32,66.38,47.72,55.19,41.55,45.14,41.57,52.22,39.71
1928,26.92,62.48,60.12,59.63,57.67,43.93,47.81,53.55,69.24,62.71,-999.0,48.2,42.34,51.41,50.56,53.97,54.72,65.84,46.79,53.33,39.3,42.79,40.52,54.39,63.2,41.24,58.07,40.66,48.53,42.28,50.82,52.68,50.01,44.36,49.89,59.92,46.52,47.91,48.12,61.88,45.23,57.03,64.52,47.72,54.26,41.29,46.43,42.25,50.78,39.9
1929,27.6,63.43,59.66,58.53,57.23,42.54,47.72,54.31,70.71,63.67,-999.0,45.2,40.83,49.9,49.9,52.18,55.01,66.11,46.78,53.83,39.26,41.61,37.54,52.82,63.56,38.83,58.55,37.3,46.29,42.01,51.3,51.68,49.23,44.13,49.28,58.48,45.09,47.9,48.08,62.36,42.12,57.41,63.96,46.35,54.71,40.94,44.42,39.94,51.2,38.43
1930,25.34,63.27,60.78,58.53,56.94,43.62,48.64,54.72,69.21,62.93,-999.0,48.96,41.58,52.55,52.03,54.41,56.44,66.12,47.77,54.46,40.65,44.15,41.19,55.15,63.83,41.58,58.56,40.77,48.82,43.0,51.69,52.21,48.73,45.23,51.22,59.98,45.37,48.77,49.51,62.12,45.55,58.08,64.17,46.18,55.3,42.21,45.18,43.38,51.88,40.07
1931,26.72,64.05,61.67,59.22,58.28,44.96,49.64,55.68,69.86,64.32,-999.0,52.02,42.63,54.88,54.21,56.27,57.77,66.62,48.66,55.54,42.06,47.03,45.03,57.22,64.34,43.78,59.62,44.17,51.32,44.11,53.26,52.46,50.22,46.73,52.92,61.22,46.84,50.38,50.03,63.35,48.67,59.32,64.72,47.56,56.38,43.17,46.5,47.02,53.46,41.77
1932,23.9,64.02,61.15,58.38,56.93,43.67,48.79,55.03,70.96,64.62,-999.0,47.03,40.89,52.05,51.86,53.55,56.62,66.8,47.6,54.73,40.88,44.08,39.57,54.88,64.25,40.46,59.97,39.39,47.73,43.16,52.24,51.64,48.06,45.38,51.32,59.68,45.57,49.2,49.2,63.88,43.96,58.69,63.88,45.91,56.03,42.27,45.48,42.17,52.75,39.21
1933,22.97,65.1,62.32,58.75,56.72,45.43,48.41,54.86,70.87,65.03,-999.0,49.52,42.51,53.61,53.21,56.66,57.39,68.51,47.07,54.59,39.59,44.25,40.42,56.52,65.88,42.02,60.47,40.61,50.63,42.3,51.86,52.93,48.72,45.33,52.02,62.02,46.04,49.25,48.48,64.27,46.68,59.53,66.58,47.18,56.31,41.7,45.43,43.18,52.88,41.95
1934,26.37,63.4,61.96,61.73,59.71,47.97,47.23,53.33,69.79,63.46,-999.0,50.19,46.92,53.22,52.37,57.51,56.54,67.11,45.96,53.32,38.56,43.34,41.36,56.63,64.55,44.9,58.78,42.84,52.02,41.31,50.49,55.27,52.96,43.7,50.99,62.13,49.92,48.06,47.22,62.6,48.15,58.39,66.52,51.32,54.93,40.2,49.1,43.4,51.81,44.54
1935,25.66,63.58,60.79,59.0,56.84,45.17,47.31,53.14,69.78,63.72,-999.0,47.38,41.79,51.26,51.06,54.76,55.7,67.0,46.02,52.97,39.08,42.73,39.39,54.21,64.22,40.66,58.64,38.87,48.72,41.46,50.5,53.04,49.12,43.41,49.98,59.93,45.7,47.54,47.49,62.62,44.88,58.01,64.98,47.98,54.44,40.29,45.44,41.72,51.5,41.02
1936,26.35,63.81,61.04,60.31,58.62,45.44,47.69,53.74,70.08,63.78,-999.0,47.27,42.93,51.86,51.48,55.16,56.27,66.25,46.5,53.39,39.4,42.42,37.86,55.36,63.98,40.74,58.63,38.12,48.42,41.87,50.95,53.25,50.43,44.28,50.3,60.76,47.03,47.81,47.87,62.59,43.71,58.26,64.12,48.82,54.86,40.88,45.93,41.05,51.68,41.15
1937,27.17,63.39,60.0,59.12,57.16,44.21,48.72,54.08,69.83,63.24,-999.0,46.29,41.98,50.55,50.42,53.52,55.25,66.18,47.58,53.75,41.92,43.29,38.36,53.41,63.68,40.01,58.51,38.38,47.64,43.41,51.66,52.79,48.68,45.19,49.88,59.21,46.02,48.23,49.0,62.2,43.26,57.58,64.51,47.11,54.58,42.55,45.25,41.38,51.19,39.96
1938,26.82,64.54,62.63,59.31,57.25,45.09,48.88,55.08,70.22,64.3,-999.0,50.02,43.43,54.07,53.46,56.76,57.51,67.37,47.83,54.77,41.02,45.2,41.56,57.27,65.22,42.25,59.77,41.3,50.77,43.46,52.18,53.04,49.12,45.76,52.29,61.85,46.97,49.35,48.99,63.5,46.62,59.36,65.89,48.1,55.93,42.55,47.12,43.97,53.05,41.66
1939,24.75,63.87,61.97,59.64,58.32,45.47,47.75,54.94,70.6,64.31,-999.0,49.88,44.06,53.25,52.74,56.71,57.06,67.28,46.47,54.75,39.15,44.31,41.4,56.35,64.7,43.26,59.91,41.37,50.91,41.56,51.77,52.82,50.39,44.42,51.82,61.88,48.01,49.09,48.04,63.7,47.18,58.77,65.7,48.27,56.02,40.53,47.53,43.88,52.89,42.37
1940,29.21,61.18,58.6,60.85,58.83,45.45,45.75,51.68,68.23,61.52,-999.0,46.62,44.92,50.51,50.01,53.47,53.97,64.4,44.73,51.62,38.99,42.42,39.73,52.91,61.59,42.33,57.14,40.4,48.57,40.55,48.88,53.08,51.43,42.17,48.72,58.5,48.45,46.01,46.23,60.8,44.81,55.72,63.52,49.59,53.05,39.28,48.1,41.42,50.1,42.52
1941,26.94,63.6,61.24,58.17,57.06,44.61,48.48,54.62,69.85,63.76,-999.0,49.78,43.64,53.44,52.86,55.02,56.8,66.52,47.45,54.41,40.73,45.45,42.33,56.16,64.13,42.83,59.1,41.64,49.66,42.83,51.91,52.05,49.03,45.15,51.53,60.13,47.58,48.82,48.96,62.74,46.49,58.68,64.11,47.24,55.57,41.57,47.94,44.62,52.31,41.67
1942,27.19,62.5,60.36,59.18,57.05,43.9,48.27,54.49,69.36,62.89,-999.0,47.64,41.62,51.72,51.47,53.88,55.67,65.59,47.17,54.21,40.89,44.03,40.77,54.44,63.26,40.93,58.97,40.3,48.23,42.96,51.48,52.55,48.94,44.95,50.62,59.46,46.22,48.37,48.62,62.6,44.72,57.45,63.94,47.07,55.2,42.0,46.35,42.77,51.8,39.97
1943,27.14,63.24,61.07,60.48,57.83,45.72,47.32,54.18,69.47,63.22,-999.0,46.54,42.57,50.96,50.78,54.41,55.55,66.26,46.08,53.89,38.83,42.37,39.04,53.97,63.92,40.77,58.68,39.32,48.99,40.86,50.9,53.58,50.29,43.28,49.73,60.18,46.32,47.52,47.88,62.31,44.66,57.62,64.67,49.07,55.13,39.7,45.35,41.25,51.32,41.68
1944,27.48,63.61,61.06,57.99,56.23,43.91,48.25,54.18,70.17,63.41,-999.0,48.05,41.68,52.29,52.22,53.98,56.28,66.92,47.14,53.92,40.46,44.59,41.52,54.7,64.19,41.25,58.46,40.4,47.78,42.08,51.49,51.79,47.25,44.66,51.0,59.97,45.86,48.48,48.93,62.41,44.22,58.06,64.41,46.24,54.99,41.13,46.52,43.83,51.68,39.56
1945,25.64,63.85,60.29,58.52,57.09,44.22,48.27,54.51,70.72,63.91,-999.0,46.4,42.36,50.67,50.67,53.55,55.53,66.92,47.16,54.01,40.46,43.01,38.93,53.64,64.04,40.57,59.26,38.43,47.67,42.55,51.52,52.86,48.55,44.56,49.89,59.16,46.54,48.16,48.84,63.3,43.67,57.73,65.07,47.09,55.49,41.77,46.32,41.19,51.88,39.82
1946,24.47,64.11,61.96,59.31,56.72,45.58,48.89,55.22,71.24,64.27,-999.0,49.31,42.78,53.72,53.31,56.68,57.26,67.24,47.76,54.88,40.66,45.09,40.66,56.73,64.58,41.87,59.66,40.35,50.44,43.03,52.62,53.58,49.01,45.78,52.05,61.68,46.16,49.45,49.32,63.57,45.99,58.93,65.68,48.15,56.12,42.36,45.91,43.76,53.14,41.91
1947,25.85,62.65,60.2,59.34,57.55,44.5,47.88,53.93,70.32,62.72,-999.0,47.48,43.23,51.28,50.62,54.14,54.83,65.88,47.13,53.4,40.72,43.53,39.82,54.4,63.04,41.2,57.86,39.61,48.31,42.73,51.2,52.65,49.53,44.81,49.88,59.48,47.27,48.18,48.64,61.79,44.43,56.8,64.03,47.79,54.38,41.75,46.97,42.35,51.23,40.66
1948,23.36,63.4,59.92,58.56,55.65,43.77,47.78,53.97,71.61,63.83,-999.0,47.76,41.41,51.67,51.49,53.64,55.7,66.45,46.72,53.63,39.96,43.82,40.17,54.12,63.65,40.48,58.97,39.42,48.25,42.25,51.27,52.48,47.82,44.7,50.61,58.92,44.54,48.21,48.41,62.78,44.49,57.72,64.64,46.51,55.1,41.36,44.27,42.63,52.07,40.18
1949,25.54,64.22,60.87,58.17,56.22,44.18,50.53,56.44,71.57,64.41,-999.0,48.0,41.71,52.76,53.04,53.56,56.98,67.31,49.68,55.88,42.14,45.44,40.69,54.64,64.87,39.99,60.24,39.2,47.63,45.07,53.86,52.1,47.62,47.11,52.59,58.89,45.47,50.38,51.28,63.79,44.39,58.78,64.23,45.87,56.62,44.09,44.92,43.63,53.68,40.02
1950,26.07,63.12,59.78,60.49,58.13,45.21,47.85,54.01,70.26,63.33,-999.0,44.82,42.26,49.83,49.98,53.2,54.52,66.84,47.09,53.44,40.33,41.88,36.46,52.86,63.73,38.15,58.77,34.9,46.33,42.72,51.07,54.23,50.55,44.15,49.37,58.95,46.24,47.43,48.67,62.53,40.91,57.09,65.37,47.9,54.78,41.63,44.32,39.48,51.37,40.0
1951,25.16,63.77,60.1,58.86,57.23,43.47,48.98,54.66,70.36,63.69,-999.0,44.32,41.35,49.9,50.29,52.03,54.97,66.97,47.99,54.12,41.17,42.67,37.17,52.72,64.36,37.43,58.82,35.62,45.5,43.14,52.13,52.96,49.15,45.0,50.02,59.17,46.12,48.34,49.97,62.63,40.87,57.62,65.27,46.8,55.03,42.17,45.38,39.84,51.73,38.69
1952,25.42,63.35,60.99,58.82,56.76,44.25,49.36,54.98,70.27,63.85,-999.0,47.79,41.81,52.64,52.51,54.79,56.54,66.32,48.43,54.59,41.82,44.79,41.15,55.22,64.02,41.09,59.25,40.63,48.62,43.73,52.5,52.73,48.6,45.88,51.57,60.56,46.09,49.13,50.2,63.0,44.73,58.46,64.98,46.82,55.71,42.75,46.13,43.06,52.57,40.75
1953,26.05,63.76,61.81,59.25,57.18,45.63,50.52,55.96,70.81,63.86,-999.0,49.11,44.19,53.71,53.34,56.31,57.09,67.15,49.61,55.66,43.07,45.91,41.77,56.62,64.59,43.59,59.97,42.06,50.23,45.22,53.54,53.33,50.02,47.04,52.32,61.24,47.28,50.12,51.13,63.49,46.09,58.94,65.8,48.35,56.69,44.44,47.39,44.08,53.29,42.69
1954,24.55,64.17,62.78,60.88,57.57,47.35,48.69,55.14,70.09,64.11,-999.0,49.26,43.2,53.73,53.14,57.24,56.91,67.48,47.53,54.63,40.47,44.21,40.88,57.05,65.08,41.54,59.1,40.81,50.77,42.69,52.21,54.94,50.39,45.03,51.61,62.63,46.23,48.81,49.3,63.27,46.07,59.03,66.61,49.32,55.59,41.63,45.1,43.17,52.25,43.01
1955,23.29,63.43,60.81,58.45,56.21,44.16,48.67,54.55,70.22,63.5,-999.0,47.92,40.3,52.43,52.13,54.58,55.96,66.85,47.48,54.11,40.43,45.17,40.04,54.97,64.1,38.68,58.61,38.76,48.24,43.02,52.08,52.54,47.79,45.39,51.29,60.24,44.61,48.83,48.97,62.53,44.4,58.05,65.22,46.13,54.99,41.88,43.36,42.91,51.95,39.75
1956,21.82,63.58,61.38,59.54,56.97,45.08,47.62,54.3,69.94,63.78,-999.0,48.11,42.01,52.65,52.12,55.93,56.09,67.02,46.35,53.84,39.33,43.44,39.63,55.72,64.38,41.05,59.12,39.1,49.27,41.53,51.28,53.41,49.15,43.83,50.63,61.56,46.05,47.88,48.2,63.11,44.56,58.56,65.96,47.93,55.28,40.6,45.29,42.1,51.87,41.12
1957,28.23,63.95,60.58,59.54,57.09,44.12,49.22,55.14,70.99,64.09,-999.0,47.54,42.07,51.83,51.62,53.64,56.09,67.07,48.23,54.56,41.08,43.62,40.07,54.53,64.25,40.71,59.29,40.06,47.96,43.39,52.49,53.12,48.75,45.38,50.77,59.03,45.96,48.76,49.98,63.05,44.23,58.49,64.61,47.32,55.63,42.37,45.53,42.16,52.52,40.4
1958,27.01,61.22,58.76,60.39,58.89,45.5,46.62,52.42,68.98,61.84,-999.0,46.86,44.48,50.05,49.45,53.14,53.03,64.94,45.71,52.0,39.62,42.88,40.6,53.0,61.72,42.59,56.77,40.62,47.86,41.31,50.03,53.21,50.96,43.08,48.35,58.65,49.01,46.27,47.37,60.7,45.03,55.62,63.42,49.24,52.96,40.15,49.0,42.02,49.35,41.98
1959,24.62,62.95,60.0,60.2,58.95,44.76,49.22,55.74,70.6,63.52,-999.0,46.89,42.63,51.88,51.97,53.57,55.83,65.8,47.9,55.22,40.7,43.77,40.14,54.28,63.28,40.26,59.1,39.47,47.98,43.22,52.88,52.98,50.34,45.43,51.27,58.88,46.82,49.25,49.48,62.69,44.37,57.78,63.7,48.48,55.82,42.17,45.5,41.91,52.41,40.68
1960,26.72,61.54,58.88,59.58,58.05,44.21,47.97,53.45,69.32,62.02,-999.0,46.1,42.27,50.32,50.05,52.67,53.63,65.12,46.86,52.87,41.23,43.25,39.83,53.12,62.08,41.14,57.19,39.59,46.95,42.65,51.07,52.25,50.13,44.27,49.21,58.35,46.5,47.21,48.48,61.03,43.68,55.84,63.66,48.12,53.6,41.66,45.65,42.05,50.04,41.03
1961,23.71,61.93,59.13,59.25,57.81,43.86,48.29,53.96,70.0,62.59,-999.0,46.68,43.56,51.11,50.82,52.66,54.47,65.07,47.04,53.52,40.73,44.12,41.05,53.29,62.33,42.81,57.95,41.08,47.72,42.85,51.49,52.17,49.94,44.78,50.02,58.22,47.6,47.95,48.75,61.69,45.09,56.7,63.44,47.74,54.27,41.76,46.97,42.9,50.97,40.98
1962,26.84,63.05,60.31,59.83,57.38,45.05,46.75,52.88,69.84,63.09,-999.0,46.48,42.43,50.9,50.52,54.32,54.65,66.49,45.57,52.48,39.01,42.91,39.77,54.02,63.65,41.52,57.6,39.84,48.15,41.07,50.23,53.29,49.56,43.46,49.43,59.77,46.43,46.9,47.12,61.82,44.31,57.21,65.14,47.88,53.49,40.14,46.15,41.62,50.58,41.1
1963,26.56,61.73,60.33,59.79,57.08,46.18,47.2,53.01,69.22,61.88,-999.0,47.69,43.49,50.68,49.62,55.83,53.67,65.87,46.31,52.45,39.59,42.88,41.18,54.52,62.68,42.74,56.7,41.93,50.07,41.85,50.47,53.55,49.8,43.3,48.5,60.78,47.05,46.51,48.12,60.73,46.47,56.05,65.2,48.4,53.26,40.45,46.66,42.05,49.27,42.48
1964,23.26,62.39,60.67,57.77,56.57,43.59,48.0,54.19,70.05,62.57,-999.0,48.53,40.6,52.49,51.95,54.87,55.59,66.07,46.81,53.79,40.1,44.69,40.87,55.12,63.21,40.53,58.08,39.75,48.59,42.16,51.61,51.72,48.1,44.93,50.88,60.08,45.33,48.04,48.49,61.69,44.85,57.44,64.67,46.07,54.53,41.55,44.76,43.43,51.34,39.55
1965,24.7,63.01,61.02,58.48,56.7,44.18,47.53,53.63,70.2,63.13,-999.0,46.72,42.48,51.95,51.55,54.45,55.57,66.83,46.3,53.46,39.3,42.95,38.26,55.03,63.85,39.73,58.16,37.64,47.79,41.63,51.05,52.58,48.65,43.68,50.43,60.36,46.88,47.62,48.04,62.19,43.34,57.76,65.09,47.07,54.61,40.52,46.73,41.25,51.51,40.24
1966,23.76,61.64,59.17,59.5,58.01,44.62,47.95,53.33,69.01,61.73,-999.0,46.38,43.48,50.58,50.15,53.45,53.78,65.17,46.89,52.86,41.07,43.33,38.59,53.39,62.24,41.05,56.85,38.09,47.45,42.33,51.14,52.56,50.07,44.07,49.13,58.58,47.43,47.27,48.66,60.68,43.3,56.19,63.48,48.06,53.33,41.28,46.93,41.47,50.01,41.21
1967,27.06,61.92,59.87,59.0,57.49,44.77,47.12,52.62,70.22,62.43,-999.0,46.62,43.59,50.56,50.28,53.85,54.39,65.75,46.02,52.42,39.42,42.62,38.9,53.73,62.56,41.53,57.15,39.28,48.03,41.64,50.32,53.02,49.58,43.75,49.49,59.49,47.8,47.02,47.67,61.13,44.23,56.68,64.87,47.46,53.38,40.72,47.84,40.89,50.39,40.82
1968,25.38,61.0,58.67,58.65,57.59,43.63,47.74,53.92,68.61,61.62,-999.0,47.63,42.31,51.12,50.71,53.48,53.99,64.37,46.48,53.35,39.75,44.01,40.57,53.37,61.49,40.68,57.21,39.47,48.02,41.77,51.32,51.97,49.56,43.93,49.73,58.18,47.18,47.6,48.33,60.77,44.19,56.06,63.11,46.53,53.82,40.77,46.34,43.01,50.25,39.81
1969,27.03,61.37,59.52,59.7,57.49,44.68,47.95,53.39,68.99,61.69,-999.0,46.05,42.75,50.4,50.13,53.14,53.9,65.62,47.14,53.01,40.9,43.43,39.54,53.44,62.3,39.9,56.96,38.72,47.37,42.72,51.25,53.17,49.73,44.15,49.37,59.09,46.45,47.53,48.83,60.69,43.63,56.12,64.53,48.03,53.45,41.54,45.5,41.69,50.12,41.09
1970,25.24,62.12,59.72,58.96,57.82,44.3,47.75,53.97,69.43,62.82,-999.0,46.92,42.48,51.22,50.97,54.0,55.04,65.34,46.66,53.67,40.1,43.58,39.1,54.07,62.59,40.36,58.43,38.43,48.25,42.32,51.42,52.25,49.29,44.08,50.56,59.25,46.73,48.07,48.36,62.28,43.64,57.06,63.73,47.45,54.77,41.03,45.97,42.09,51.61,40.32
1971,22.28,62.68,60.47,58.22,56.21,44.07,48.26,54.55,70.42,63.31,-999.0,47.43,41.7,52.22,51.56,53.83,55.43,66.48,47.04,54.04,39.99,43.99,39.63,54.83,63.38,40.41,58.67,39.07,48.02,42.24,51.96,52.22,48.37,44.34,50.57,59.5,45.82,48.21,49.13,62.42,43.73,57.65,64.92,46.64,54.88,41.03,45.38,42.02,51.5,40.0
1972,23.56,62.96,60.03,59.64,57.26,44.6,47.27,53.58,70.95,63.46,-999.0,45.49,42.13,50.33,50.22,53.19,54.74,66.48,45.94,53.1,38.52,41.72,37.67,53.74,63.53,39.62,58.04,37.57,47.2,41.18,50.97,53.04,49.36,43.08,49.36,59.18,46.31,47.18,48.05,62.08,42.57,57.19,64.43,48.08,54.18,40.05,45.27,39.95,50.87,40.17
1973,24.6,63.06,60.57,58.39,57.3,43.38,50.05,55.62,70.26,63.44,-999.0,48.74,42.78,53.04,52.92,53.99,56.26,66.23,48.98,55.07,42.25,45.62,42.27,55.24,63.73,41.95,58.95,41.77,48.66,44.39,53.42,51.48,49.32,46.38,52.17,59.02,47.29,49.69,50.82,62.56,45.97,58.27,63.72,46.21,55.62,43.43,46.52,44.32,52.68,39.83
1974,23.67,63.1,60.27,59.48,57.63,44.42,48.23,54.64,70.87,63.83,-999.0,47.6,43.04,51.62,51.29,54.38,55.45,66.52,47.11,54.21,39.6,43.26,40.15,54.44,63.47,42.38,59.01,39.91,49.24,42.32,52.09,52.78,50.12,44.2,50.4,59.58,47.03,48.17,49.08,62.97,45.95,57.68,64.52,47.73,55.27,41.19,46.73,42.18,51.82,41.22
1975,23.03,62.82,59.88,57.89,56.27,43.51,49.06,55.19,71.21,63.72,-999.0,47.39,41.17,51.98,51.99,53.73,55.77,66.08,48.0,54.59,40.83,44.61,40.12,54.64,63.29,39.33,59.33,39.44,47.73,43.33,52.78,51.35,48.25,45.48,51.13,58.67,45.82,48.9,49.89,63.14,43.99,57.81,63.77,45.72,55.42,42.47,45.21,42.62,52.26,39.43
1976,25.82,60.68,58.75,58.97,57.48,44.7,47.58,53.77,68.98,61.48,-999.0,47.36,42.14,50.37,49.97,54.2,53.32,64.33,46.58,53.15,39.52,42.63,40.49,53.62,61.41,42.68,57.3,41.27,48.97,41.72,51.1,51.88,49.52,43.19,48.9,58.62,46.44,46.83,48.33,60.92,46.15,55.52,62.82,47.48,53.82,40.48,45.92,41.38,49.81,41.33
1977,26.99,62.46,60.77,60.21,57.97,46.28,48.19,54.63,69.43,62.85,-999.0,48.36,42.99,51.51,51.04,55.45,54.79,66.05,47.13,53.92,40.48,44.0,41.2,54.85,63.3,41.59,58.32,41.07,49.81,42.74,51.82,53.7,50.31,44.49,50.03,60.72,46.97,47.89,49.15,62.2,45.55,57.27,65.28,48.94,54.75,41.87,46.22,42.93,50.87,42.0
1978,29.07,61.87,58.9,59.8,57.61,44.53,46.72,52.91,69.73,62.58,-999.0,45.32,42.36,49.57,49.05,52.7,53.37,65.08,45.7,52.46,39.3,42.38,39.04,52.61,62.21,38.88,57.44,38.14,46.12,41.17,50.23,53.23,49.38,42.87,48.31,58.48,46.53,46.44,47.44,61.57,42.17,56.15,63.77,47.86,53.59,40.01,45.92,40.98,49.93,39.38
1979,27.58,61.36,57.99,58.82,57.67,43.49,48.82,53.78,69.85,62.27,-999.0,45.13,42.37,49.37,49.24,52.29,53.42,64.54,47.87,53.08,41.83,42.4,37.8,52.05,61.62,40.17,57.62,37.22,46.52,43.47,51.62,51.8,49.63,44.6,48.88,57.38,46.93,47.47,49.71,61.46,42.57,55.84,62.88,46.64,53.83,42.42,46.37,40.41,50.19,39.99
1980,26.45,62.47,60.49,60.23,58.08,45.6,47.93,54.08,69.93,63.01,-999.0,48.01,43.26,51.3,50.52,55.08,54.63,66.05,46.58,53.54,39.54,42.85,40.71,54.98,63.06,42.12,57.92,41.16,49.5,41.67,51.63,53.63,50.35,43.61,49.32,60.47,47.04,47.33,48.54,61.88,46.23,57.25,64.98,48.47,54.4,40.57,46.06,42.15,50.48,41.94
1981,29.2,61.98,60.22,61.32,59.3,47.07,48.41,53.57,69.27,62.35,-999.0,48.97,44.34,51.75,50.79,55.67,54.34,66.05,47.23,53.09,41.78,44.02,42.55,54.89,63.09,43.96,57.18,43.22,50.47,43.25,51.48,54.35,51.83,44.65,49.57,60.45,47.81,47.5,48.88,61.22,47.53,56.68,64.98,50.01,53.67,42.23,47.29,43.47,50.02,43.73
1982,25.29,63.34,59.97,58.74,56.34,44.09,47.94,53.96,71.51,63.93,-999.0,46.08,41.05,50.68,50.7,53.02,55.32,66.67,46.77,53.58,39.85,43.21,39.02,53.52,63.76,38.99,58.55,37.83,47.03,42.04,51.42,52.58,48.11,44.36,50.32,58.95,45.43,47.92,48.61,62.67,43.02,57.62,64.65,46.38,54.68,41.3,45.52,41.43,51.62,39.83
1983,26.86,61.19,58.87,59.2,57.55,44.41,49.41,54.91,69.27,61.93,-999.0,47.65,42.87,51.99,51.81,53.19,55.05,64.37,48.47,54.16,42.12,44.73,41.38,53.97,61.69,41.84,57.85,41.14,47.91,44.01,52.62,52.51,49.46,45.52,51.05,57.99,46.94,48.7,50.28,61.31,44.98,56.68,63.38,47.77,54.45,42.62,46.69,43.36,51.23,40.92
1984,25.25,62.82,60.05,59.44,58.22,43.68,48.95,54.68,69.98,63.32,-999.0,47.77,40.76,51.8,51.27,53.98,55.32,66.32,47.96,54.15,41.35,44.31,41.31,54.39,63.34,41.68,58.61,41.04,48.24,43.56,52.23,52.39,48.77,45.2,50.36,59.4,45.64,48.23,49.83,62.43,45.05,57.5,64.78,45.87,55.03,42.53,45.32,43.24,51.62,39.89
1985,26.29,62.79,59.84,59.55,57.32,44.12,48.66,55.35,70.83,63.75,-999.0,45.9,39.67,50.63,51.02,52.53,55.03,66.36,47.23,54.77,39.91,43.46,38.7,53.01,63.2,39.14,59.2,38.24,46.76,42.43,52.5,52.84,48.69,44.68,50.41,58.73,44.58,48.5,49.17,63.04,42.93,57.26,64.37,46.98,55.4,41.48,43.93,41.41,51.63,39.18
1986,26.92,64.09,61.52,60.58,58.88,46.31,48.49,55.09,71.46,65.03,-999.0,48.56,44.07,52.83,52.4,56.19,56.62,67.31,47.18,54.57,40.07,44.46,41.49,55.92,64.56,42.98,59.79,41.66,50.25,42.71,52.27,53.57,51.45,45.08,51.63,60.77,48.12,48.79,48.97,64.08,45.77,58.83,65.52,49.27,55.65,41.83,47.31,43.29,52.32,42.32
1987,27.53,63.04,61.03,59.32,58.27,45.25,48.83,54.89,70.17,63.27,-999.0,51.18,44.51,54.09,53.22,55.45,56.48,65.99,47.4,54.69,41.07,46.88,45.27,56.33,63.52,44.6,58.47,45.02,50.79,43.06,52.38,51.92,50.57,45.66,52.26,59.59,48.35,49.21,49.14,62.32,48.55,58.36,63.81,48.4,55.21,42.18,48.25,46.32,52.33,42.51
1988,27.13,62.07,59.75,60.2,58.75,45.1,48.32,54.12,69.72,62.4,-999.0,48.7,44.18,52.11,51.28,54.73,54.8,65.63,47.2,53.67,40.92,44.52,41.55,54.57,62.71,44.12,57.26,42.42,49.59,42.72,51.57,52.63,50.68,44.84,50.36,59.15,47.92,48.08,49.02,61.17,46.71,56.74,64.33,48.47,53.92,41.75,47.28,43.42,50.92,42.8
1989,26.77,62.2,58.97,61.23,58.11,45.38,47.94,54.19,70.96,63.23,-999.0,46.6,42.75,50.4,50.18,53.14,54.34,65.45,46.65,53.54,39.28,42.62,39.1,53.03,62.43,40.81,58.21,39.39,47.98,41.72,51.47,53.98,50.14,43.8,49.43,58.07,46.53,47.47,48.55,62.25,44.27,56.57,64.27,48.58,54.37,40.73,46.58,41.11,50.88,41.18
1990,25.39,64.92,61.84,59.72,57.97,45.6,51.07,57.2,72.49,65.66,-999.0,49.46,43.46,53.56,53.29,55.51,57.32,67.81,49.67,56.61,42.41,45.67,42.46,56.2,65.09,42.81,61.08,42.57,49.99,44.96,54.45,53.27,50.04,47.27,52.66,60.66,47.41,50.68,51.52,64.96,46.93,59.43,65.61,48.69,57.38,44.05,47.27,44.54,53.93,41.85
1991,26.97,63.96,61.3,59.25,58.13,45.04,50.96,56.93,71.78,64.54,-999.0,48.58,43.27,53.74,53.71,55.7,57.37,66.92,49.57,56.49,41.71,45.84,41.74,56.07,64.32,42.94,60.22,42.32,50.12,44.52,54.39,52.51,49.89,47.08,53.12,60.28,47.61,50.73,51.38,63.76,46.77,59.09,64.76,47.47,56.97,43.52,47.13,43.72,53.85,41.72
1992,25.03,62.11,59.89,59.59,59.27,45.27,47.68,53.92,70.28,62.73,-999.0,47.84,44.98,51.88,51.28,54.16,55.08,65.82,46.4,53.48,39.82,43.35,40.89,54.52,62.81,43.47,58.21,41.24,48.92,41.8,51.21,52.56,51.36,43.77,50.28,59.33,49.43,47.65,48.4,61.93,45.6,56.99,64.39,48.97,54.42,40.62,48.64,42.73,51.27,42.49
1993,29.9,62.32,59.31,59.8,57.66,43.83,48.65,54.85,70.3,63.23,-999.0,45.67,40.91,50.87,50.77,51.93,55.0,65.61,47.31,54.22,39.95,43.25,38.93,52.97,62.71,39.64,58.72,38.28,45.99,42.52,52.22,53.14,48.62,44.18,50.4,58.12,45.47,48.23,49.34,62.57,42.3,57.18,64.08,46.83,55.06,41.17,45.57,41.72,51.87,38.88
1994,26.19,63.05,60.39,60.55,58.01,46.52,48.86,55.02,71.55,63.62,-999.0,47.46,44.32,51.99,51.49,54.92,55.39,66.46,47.65,54.36,40.42,43.86,40.92,54.68,63.54,42.7,59.01,39.98,49.23,42.71,52.19,54.44,50.77,44.34,50.47,59.72,47.85,48.0,49.55,62.8,44.86,57.62,65.58,49.67,55.3,41.33,47.9,42.97,51.79,42.91
1995,27.78,63.03,60.48,61.01,58.93,45.67,49.03,55.1,70.79,63.48,-999.0,47.26,43.65,51.59,51.49,53.93,55.37,66.77,47.79,54.39,40.93,44.21,40.3,54.18,63.61,41.74,58.42,39.62,48.56,43.27,52.46,54.32,50.93,45.22,50.34,59.39,48.08,48.47,49.89,62.48,44.7,57.44,65.22,49.17,54.98,42.33,47.54,42.81,51.57,41.67
1996,25.08,62.13,59.57,61.88,59.56,45.77,48.38,54.02,69.89,62.65,-999.0,45.17,43.17,50.12,50.05,53.08,54.4,66.16,47.32,53.24,40.98,42.5,37.62,52.94,63.02,39.24,57.77,36.52,46.61,42.97,51.52,54.68,51.54,44.53,49.53,58.98,47.64,47.62,49.08,61.78,41.63,56.56,65.44,49.58,54.02,41.99,45.61,40.48,50.74,41.04
1997,28.13,62.37,59.66,60.53,59.12,44.84,48.64,54.83,71.14,63.21,-999.0,47.1,43.23,50.97,50.5,53.67,54.48,66.04,47.36,54.04,39.81,43.53,40.57,53.68,62.91,42.22,58.09,40.69,48.63,42.3,52.05,52.9,50.58,44.32,49.94,58.73,47.76,47.97,49.44,62.16,44.79,56.84,63.93,48.18,54.5,41.07,47.11,42.64,50.98,41.2
1998,28.43,65.12,63.1,59.28,56.71,46.25,51.59,57.41,72.49,65.69,-999.0,50.92,44.32,55.22,54.95,56.32,58.18,68.64,50.37,57.01,43.49,48.25,44.91,57.17,65.85,43.85,60.83,43.2,50.61,45.98,55.16,54.18,49.19,48.34,54.09,62.09,47.81,51.75,52.02,64.7,47.4,60.16,67.02,48.29,57.44,45.18,48.6,47.3,54.23,42.54
1999,24.04,64.14,62.15,60.78,57.96,46.64,50.85,56.51,71.17,64.49,-999.0,49.66,43.58,53.53,53.21,55.99,57.26,67.85,49.78,55.71,43.8,46.37,43.69,56.37,65.02,44.04,59.67,42.96,50.98,45.39,54.08,54.33,50.57,46.89,52.32,61.34,47.19,49.99,51.75,63.39,47.81,59.29,66.61,49.16,56.27,44.28,46.94,45.38,53.03,43.15
2000,28.38,63.57,60.89,61.68,58.8,47.0,48.53,54.74,70.58,63.35,-999.0,48.63,43.93,52.2,51.55,55.53,55.67,67.24,47.52,54.13,40.93,45.02,41.82,55.15,64.22,42.35,58.38,41.08,49.93,42.99,52.19,55.21,51.48,44.88,50.79,60.31,47.47,48.5,49.47,62.24,45.96,58.0,66.48,50.22,54.9,41.83,46.18,43.87,51.78,42.54
2001,27.33,63.03,61.23,61.2,59.12,46.85,50.24,56.09,70.93,63.94,-999.0,49.06,44.24,53.36,53.16,55.92,56.59,66.66,49.09,55.32,42.65,46.8,43.05,55.81,63.7,43.65,59.39,42.24,50.33,44.57,53.64,54.57,51.56,46.93,52.37,60.78,47.78,49.94,51.09,63.29,46.49,58.25,65.7,49.98,55.84,43.78,46.88,45.33,52.69,43.2
2002,30.08,63.57,60.58,61.18,58.85,46.08,50.47,57.16,71.29,64.36,-999.0,49.17,42.96,53.24,53.12,55.18,56.83,66.64,49.34,56.27,41.7,45.74,42.04,55.32,63.98,41.44,59.98,41.0,50.01,44.53,54.31,54.38,50.8,46.83,52.53,59.42,47.71,50.3,51.18,63.7,46.24,58.72,65.02,48.82,56.56,43.57,46.93,44.58,53.23,41.38
2003,29.11,62.73,60.27,61.9,59.42,47.03,48.16,54.58,70.87,63.32,-999.0,47.92,45.37,51.72,51.07,54.97,55.24,66.38,47.11,53.92,40.45,43.97,41.52,54.5,63.27,43.33,58.73,40.77,49.78,42.5,51.84,55.48,52.24,44.52,50.23,59.87,49.04,47.98,48.98,62.36,46.06,57.51,65.5,50.6,54.95,41.48,48.18,43.2,51.58,43.05
2004,29.32,63.33,61.03,60.41,58.86,45.84,48.76,55.82,70.82,63.98,-999.0,48.52,44.15,52.58,52.22,55.07,56.41,67.14,47.62,55.17,40.44,44.58,41.3,54.97,64.01,42.82,59.34,40.54,49.81,42.98,53.02,53.54,50.83,45.17,51.34,60.15,48.45,49.07,49.33,63.18,46.3,58.49,65.24,48.7,55.88,41.84,48.39,43.52,52.72,42.41
2005,29.18,63.39,61.96,61.13,58.6,46.77,49.51,55.72,70.83,63.79,-999.0,49.62,43.58,53.7,52.85,55.89,56.78,67.51,48.39,55.17,41.83,46.04,43.07,56.23,64.28,43.06,59.43,42.4,50.7,44.03,53.45,54.72,50.67,46.22,51.79,60.84,47.71,49.49,50.09,63.07,47.34,58.75,65.97,49.33,55.93,43.42,47.33,45.07,52.76,42.84
2006,26.4,64.2,61.99,61.12,58.64,46.51,51.13,57.32,71.36,64.55,-999.0,50.39,44.18,54.0,53.43,56.88,56.81,67.77,50.12,56.52,43.97,47.02,44.38,56.75,64.76,44.38,59.82,43.83,51.11,45.78,54.98,54.74,50.79,47.63,52.71,62.16,47.95,50.76,51.84,63.62,48.14,58.89,67.12,49.17,56.58,45.06,47.51,45.99,53.03,43.18
2007,28.08,64.4,61.81,61.59,58.93,46.18,49.53,56.29,71.75,64.8,-999.0,48.89,44.77,53.68,53.28,55.07,57.72,67.38,48.29,55.69,40.72,46.09,42.39,56.18,64.95,44.03,60.47,41.77,49.96,43.1,53.58,54.22,51.52,45.66,52.27,60.05,47.78,49.5,50.28,64.3,46.8,59.94,64.84,49.89,56.8,42.17,46.79,44.74,53.29,43.29
2008,25.08,62.92,59.86,60.62,58.92,44.94,49.7,56.31,70.83,63.52,-999.0,45.92,42.53,50.92,51.04,53.57,55.35,66.64,48.61,55.32,41.61,44.03,39.42,53.43,63.32,41.38,59.32,39.33,47.69,43.85,53.63,53.64,50.42,45.77,50.63,59.55,46.8,48.85,50.77,62.95,43.84,57.62,65.53,48.11,55.71,43.05,45.76,41.77,51.79,40.68
2009,26.76,62.91,59.93,61.08,58.83,45.18,48.84,55.43,71.16,63.42,-999.0,46.7,42.82,51.43,51.28,53.6,55.39,66.85,47.74,54.61,40.86,43.77,40.11,53.97,63.63,41.14,58.88,38.52,47.6,42.97,52.73,54.28,50.37,45.02,50.54,59.42,47.26,48.43,49.77,62.68,43.56,57.58,65.76,48.44,55.16,42.28,46.37,42.38,51.74,40.93
2010,27.43,62.71,61.17,60.39,57.72,46.15,51.35,56.68,69.19,62.96,-999.0,48.19,43.32,52.89,52.6,55.27,56.01,66.46,50.35,55.85,44.63,47.07,42.84,55.21,63.48,41.56,59.02,40.88,49.34,45.98,54.68,54.18,50.05,47.25,51.71,60.3,47.12,50.08,51.97,62.57,45.13,57.92,65.1,48.32,55.93,44.87,47.08,45.47,52.05,41.95
2011,26.95,63.83,61.82,60.33,57.43,45.43,50.86,57.43,71.68,64.64,-999.0,48.41,42.38,53.15,53.07,55.21,56.93,67.72,49.67,56.52,42.82,45.62,42.02,55.64,64.45,41.58,60.39,40.66,48.78,44.93,54.86,54.62,49.57,47.12,52.31,61.64,46.28,50.43,51.62,64.1,44.77,58.94,67.34,47.61,56.98,44.3,45.52,44.13,53.5,41.06
2012,24.31,64.92,63.61,62.11,59.51,48.32,52.47,58.48,71.89,65.5,-999.0,52.08,45.1,55.77,55.13,58.22,58.41,68.72,51.33,57.49,43.86,48.43,45.2,58.55,65.68,44.53,60.72,44.13,52.72,46.59,55.87,56.0,52.36,48.84,54.02,63.15,48.02,51.8,52.88,64.51,49.27,60.33,67.77,50.94,57.55,45.85,47.06,47.39,54.32,44.79
2013,27.8,62.6,59.64,60.45,59.32,45.09,49.78,55.83,71.68,63.39,-999.0,46.66,43.71,51.08,51.21,53.72,55.04,66.25,48.8,54.72,41.97,44.06,39.33,53.61,63.08,42.38,58.56,38.79,48.46,44.2,53.21,53.68,50.49,45.73,50.88,58.83,47.64,49.01,50.65,62.33,44.04,57.12,65.11,47.75,55.12,43.23,47.15,41.77,51.77,41.68
2014,30.33,62.03,58.67,62.25,61.45,46.06,48.68,54.72,70.64,62.97,-999.0,45.46,45.1,49.48,49.41,53.68,54.34,65.08,47.73,53.58,41.19,41.88,38.64,52.88,62.32,41.91,58.35,38.98,48.02,43.05,51.94,54.81,53.03,44.51,49.19,58.88,49.63,47.43,49.74,62.22,43.68,56.62,64.85,50.44,54.44,41.95,48.38,40.23,50.78,42.12
2015,30.03,64.62,61.4,61.75,60.76,47.44,49.84,56.42,73.36,65.31,-999.0,49.27,46.38,52.88,52.31,56.3,56.57,68.09,48.46,55.44,41.23,45.11,43.49,55.84,65.29,44.86,60.52,43.38,50.81,43.62,53.87,54.94,52.89,45.69,51.62,60.82,50.36,49.46,50.43,64.49,47.53,59.03,65.8,50.73,56.53,42.63,49.98,44.82,53.14,44.16
2016,31.88,65.34,62.79,62.18,60.13,47.28,51.78,57.37,72.47,65.79,-999.0,50.72,45.09,54.73,54.22,57.17,57.93,68.74,50.32,56.47,43.26,47.37,44.57,57.44,65.91,44.63,60.84,44.37,51.65,45.73,54.95,55.52,51.93,47.64,53.57,62.31,48.77,50.93,52.21,64.86,48.35,60.3,67.15,50.23,57.12,44.65,48.57,46.19,54.14,43.91
2017,29.33,65.03,62.54,63.03,60.34,47.93,50.93,57.62,72.84,65.83,-999.0,50.0,44.26,54.39,53.98,56.5,57.82,68.72,49.57,56.68,42.37,46.29,42.63,57.15,65.77,43.18,61.0,42.01,50.68,44.93,54.59,56.38,52.22,46.92,53.22,61.81,48.03,50.61,51.53,65.07,46.77,59.97,67.32,50.72,57.31,43.8,46.82,44.72,54.01,43.2
2018,30.42,64.45,61.17,62.27,60.12,47.17,50.76,57.14,72.27,65.08,-999.0,47.49,44.52,52.48,52.59,54.6,56.96,67.78,49.47,55.93,41.77,45.11,40.59,55.2,64.77,41.27,60.43,39.79,48.26,44.45,54.17,55.51,52.01,46.19,52.19,60.2,48.44,49.76,51.56,64.25,44.13,59.07,66.0,50.4,56.57,43.22,48.05,43.21,53.3,42.41
2019,32.19,65.38,61.22,60.26,58.41,45.27,49.75,57.46,73.18,66.22,-999.0,46.82,42.98,52.1,52.4,53.82,57.48,67.71,48.54,56.56,40.68,43.93,39.3,54.98,65.23,39.88,61.32,38.0,47.49,43.25,54.27,54.45,49.88,45.24,52.39,59.87,47.14,49.87,50.63,65.02,42.34,59.83,65.89,47.88,57.48,41.88,46.53,42.14,54.16,40.27
2020,27.48,64.87,61.15,62.62,60.52,47.26,51.78,57.98,73.23,65.61,-999.0,49.15,44.33,53.31,53.29,55.62,57.14,68.16,50.9,57.2,43.51,46.54,42.41,55.76,65.45,43.28,60.83,42.26,50.55,45.85,55.53,56.01,52.44,47.82,53.02,60.71,48.82,51.17,52.8,64.62,46.76,59.27,66.87,50.38,57.42,44.82,48.06,44.83,53.95,42.77
2021,26.49,64.23,61.23,62.08,60.34,47.45,51.38,57.42,72.2,64.56,-999.0,50.0,45.43,53.78,53.51,56.11,56.96,67.4,50.72,56.91,44.24,47.43,44.27,56.28,64.87,43.97,60.17,43.77,51.06,46.11,55.07,55.39,52.57,47.77,53.16,60.81,49.18,51.2,52.61,63.73,48.04,59.07,66.15,50.73,57.07,45.03,48.26,45.72,53.65,43.63
