Year,AL,AZ,AR,CA,CO,CT,DE,FL,GA,ID,IL,IN,IA,KS,KY,LA,ME,MD,MA,MI,MN,MS,MO,MT,NE,NV,NH,NJ,NM,NY,NC,ND,OH,OK,OR,PA,RI,SC,SD,TN,TX,UT,VT,VA,WA,WV,WI,WY,AK,HI,PR,VI
1950,15.581,0.678,18.64,5.38,0.929,8.397,9.072,13.97,11.89,1.012,10.882,16.236,7.123,7.659,18.039,17.748,9.94,8.695,9.776,5.968,4.91,18.793,10.423,1.147,4.797,0.65,8.309,8.505,1.639,7.745,9.991,2.935,11.473,10.33,8.714,9.526,7.353,9.643,2.733,19.44,7.844,0.635,5.07,8.517,9.714,8.937,5.67,0.61,9.481,17.043,13.593,
1951,16.362,2.348,17.502,5.645,1.552,15.373,13.287,15.142,12.573,0.954,9.321,10.754,9.997,11.732,13.722,14.511,11.559,11.976,12.452,6.802,5.398,16.347,12.426,1.113,7.588,0.624,10.112,12.186,1.154,7.847,9.523,2.318,6.698,9.882,7.411,8.628,11.492,11.477,4.234,15.939,6.11,1.325,5.706,9.118,9.471,7.685,7.906,1.173,9.372,18.94,-999.0,
1952,14.806,2.095,13.061,6.934,1.245,14.659,14.888,13.513,13.1,0.817,7.567,9.213,6.246,3.341,8.889,15.843,7.962,11.145,9.96,4.784,4.974,12.837,7.59,0.741,3.368,0.726,9.719,14.62,1.133,8.297,13.94,2.161,6.0,6.1,5.09,10.258,10.507,12.606,2.273,10.935,6.518,0.922,6.82,11.011,5.815,7.466,5.263,1.001,10.626,11.462,19.953,
1953,18.622,0.844,13.345,3.506,1.433,15.845,11.281,21.414,16.254,1.207,4.934,5.229,5.615,4.64,7.778,19.569,10.493,8.361,14.702,4.007,6.997,19.118,5.235,1.896,4.057,0.121,10.678,12.019,1.037,8.034,11.918,3.378,4.1,9.524,8.161,8.355,19.794,14.463,4.848,13.394,6.643,0.802,5.429,9.186,9.994,4.803,5.129,0.58,10.53,6.849,13.186,
1954,9.511,2.147,12.062,5.717,0.883,11.086,7.611,11.763,7.713,0.979,8.456,8.938,8.177,5.683,9.199,12.707,11.569,6.998,12.127,6.728,4.181,12.062,9.949,1.155,4.151,0.337,12.238,9.411,1.571,8.448,11.003,3.071,6.641,6.744,6.252,8.669,13.052,9.398,3.149,13.553,5.6,0.743,6.045,8.63,9.023,8.479,8.105,0.383,10.278,16.877,20.277,
1955,13.725,2.024,12.516,5.407,1.296,12.902,9.309,12.006,11.156,1.21,8.365,10.992,4.509,6.032,10.583,17.187,6.824,11.075,12.184,4.22,3.785,14.574,9.091,1.302,3.618,0.742,7.994,10.638,1.568,7.703,11.804,2.631,6.981,9.049,7.228,8.104,12.547,11.058,2.886,14.355,6.76,0.814,5.701,8.795,10.044,6.922,4.255,0.589,11.027,15.94,11.576,
1956,16.237,0.722,11.827,4.065,0.833,7.511,9.0,12.575,13.555,1.151,6.939,8.909,5.025,3.419,13.546,15.96,4.764,8.868,8.908,4.352,4.217,14.07,7.532,0.925,3.109,0.343,5.318,9.469,0.714,5.236,11.992,2.556,8.018,4.98,7.655,8.805,9.244,11.848,2.966,13.314,4.162,0.482,4.601,8.439,8.841,8.749,5.008,0.594,10.428,17.876,18.452,
1957,17.523,1.691,21.738,5.075,2.506,6.206,8.337,18.771,15.864,0.946,10.678,13.9,6.712,8.753,15.015,21.773,4.514,8.419,5.496,5.475,6.236,17.762,11.584,1.353,6.322,0.694,5.469,6.07,1.971,5.406,13.492,2.705,8.291,13.556,6.433,6.248,6.963,14.654,4.298,19.96,10.828,1.183,5.697,10.826,7.303,6.823,4.843,1.036,9.121,13.529,13.884,
1958,14.327,2.066,16.682,6.604,0.988,14.636,17.091,17.322,11.894,0.924,8.406,10.952,5.597,8.857,9.038,15.709,9.184,11.94,13.276,3.706,3.198,18.418,11.771,1.088,5.036,0.507,7.002,16.622,2.424,6.968,14.698,1.701,7.67,8.234,6.765,8.965,15.728,13.366,2.007,10.433,8.799,0.436,4.418,11.279,8.972,7.581,4.985,0.755,10.507,12.885,19.446,
1959,17.254,2.234,14.455,4.243,1.449,11.546,9.015,21.773,16.005,1.455,8.698,10.574,9.506,7.479,9.661,18.642,9.643,8.871,11.625,6.972,5.85,15.714,10.843,1.086,5.504,0.302,7.447,10.625,1.695,7.669,14.915,2.469,8.118,12.573,5.417,8.161,13.926,17.366,2.49,12.979,9.065,0.462,5.671,10.22,9.043,5.308,8.714,0.359,10.519,12.645,16.658,
1960,15.331,1.075,12.987,4.86,1.118,13.022,9.695,18.684,13.307,0.761,7.753,7.601,8.852,6.176,9.329,14.864,11.231,10.437,11.484,5.429,5.259,14.483,8.932,0.488,4.672,0.746,10.027,9.522,2.761,6.265,14.564,2.786,3.7,10.359,6.499,7.613,12.992,15.815,4.133,10.394,9.1,0.407,6.596,10.109,8.22,6.277,8.863,0.577,11.356,13.162,21.943,
1961,21.945,1.259,17.09,3.527,1.578,9.471,7.635,12.818,16.445,1.06,10.272,9.172,9.06,10.359,11.479,24.123,9.133,9.31,11.052,5.48,4.769,23.473,13.221,0.765,4.886,0.37,5.68,13.572,1.933,6.645,14.428,1.617,7.377,10.028,6.944,7.108,12.744,17.326,3.446,14.965,8.775,0.613,3.261,12.204,8.957,7.748,5.999,0.761,12.265,12.291,19.005,
1962,15.34,1.128,13.504,6.008,1.144,11.072,10.057,13.791,14.524,0.9,7.588,9.093,6.817,7.147,14.187,12.561,9.667,10.237,11.443,3.288,5.784,14.587,8.428,1.455,6.314,0.358,8.819,12.223,1.664,6.166,14.253,4.432,5.379,9.303,5.883,7.364,15.427,15.715,5.961,16.041,7.108,0.735,5.899,9.875,7.792,7.503,4.55,1.352,11.366,12.919,17.008,
1963,15.646,2.025,8.899,6.021,1.31,8.904,8.258,15.97,15.739,1.269,6.777,6.021,5.805,5.316,7.424,12.354,9.263,9.393,8.473,3.854,4.482,11.976,7.959,1.106,4.338,0.79,5.235,9.058,1.349,5.477,10.838,2.617,4.111,5.779,6.358,5.363,12.071,13.482,3.361,10.723,6.088,0.594,1.937,7.475,7.561,6.892,4.321,1.174,12.273,17.625,15.706,
1964,21.9,1.942,15.158,4.582,1.117,5.548,8.653,19.74,22.402,1.93,7.487,8.657,7.921,6.342,11.605,18.72,5.28,6.883,7.117,4.251,5.565,20.578,9.414,2.391,4.291,0.551,5.114,9.174,1.075,4.427,15.531,3.748,6.896,10.114,8.383,7.161,8.744,22.872,4.085,16.457,6.913,0.801,4.217,8.676,8.975,6.094,5.116,1.362,10.525,16.259,11.001,
1965,14.524,2.696,12.947,5.785,2.668,4.819,4.675,15.28,13.157,0.998,11.071,9.063,9.721,9.517,10.667,14.554,4.478,5.777,4.48,5.025,6.974,13.852,11.924,1.547,6.837,0.795,4.444,4.008,1.89,3.71,12.452,2.961,6.708,8.691,5.958,5.696,4.337,13.804,3.745,14.224,8.276,0.951,4.219,7.349,8.046,5.116,7.238,1.145,10.808,19.263,20.078,
1966,19.166,1.751,13.396,4.718,1.428,10.067,7.295,18.189,16.714,0.815,9.061,9.703,6.085,4.492,13.084,18.975,7.732,6.677,9.115,4.493,5.268,16.909,8.708,0.973,4.28,0.555,6.842,10.529,1.803,5.955,13.333,2.954,6.874,6.776,6.89,6.247,10.726,14.079,3.712,13.407,8.238,0.762,5.388,9.656,7.775,5.422,5.412,0.737,10.006,12.629,15.68,
1967,16.695,2.599,14.85,5.44,1.711,11.774,12.59,14.402,14.89,1.165,9.529,8.342,6.655,8.905,12.389,16.393,8.413,10.393,11.451,5.558,3.607,15.305,11.473,1.557,5.146,0.604,6.686,9.941,1.949,7.092,12.452,1.535,6.089,9.078,5.505,8.749,12.295,13.346,3.193,15.577,7.335,0.751,5.077,9.161,8.832,7.943,6.271,1.065,10.801,19.525,11.501,
1968,11.789,1.718,19.569,4.361,0.962,13.11,8.684,15.281,11.221,1.243,8.804,10.935,7.241,7.384,10.948,16.487,6.851,8.475,11.997,5.423,7.119,16.925,11.552,1.591,5.473,0.436,9.077,10.483,1.376,6.728,10.46,2.994,6.835,11.155,6.648,7.766,11.967,11.585,4.474,10.756,9.331,0.689,5.054,8.383,9.306,6.938,7.727,1.004,9.634,19.286,15.624,
1969,18.383,1.396,13.453,7.649,2.355,15.668,11.55,20.436,15.354,0.983,10.343,10.583,7.786,8.869,9.984,16.964,11.853,8.896,12.868,4.62,4.406,16.461,11.463,1.774,5.197,0.845,12.025,12.056,2.661,7.476,14.887,2.239,7.04,9.708,6.864,7.67,15.675,15.911,3.539,14.04,9.672,1.278,7.278,10.246,7.382,7.054,4.481,0.949,10.316,17.704,20.108,
1970,16.767,1.521,15.673,6.516,1.371,7.9,10.753,16.379,14.237,1.049,11.087,8.254,8.001,6.693,12.152,16.049,9.728,9.538,9.945,5.506,5.537,16.179,12.664,1.536,4.4,0.524,8.31,8.67,1.301,5.45,11.096,3.024,6.351,7.094,7.403,8.87,12.706,12.261,3.592,13.559,6.951,0.962,4.736,8.066,8.668,8.268,6.989,0.873,10.357,15.164,20.694,
1971,18.834,2.058,11.206,3.616,1.192,12.59,16.649,13.499,17.597,0.964,8.501,9.267,7.425,7.825,10.944,15.74,6.226,15.062,8.841,4.585,6.165,18.746,8.259,1.376,4.883,0.72,6.247,15.582,1.946,6.423,15.521,4.079,6.289,9.39,7.084,7.871,11.038,17.594,4.807,12.652,8.524,0.662,6.036,12.458,9.371,7.195,5.841,1.668,9.987,15.074,12.64,
1972,16.895,3.119,14.331,3.829,1.218,18.212,12.899,15.471,14.124,0.632,10.285,11.352,8.324,7.635,15.626,19.996,9.52,15.685,15.949,6.28,5.379,19.715,9.89,1.252,5.131,0.408,9.866,15.204,3.188,9.618,13.84,2.042,7.546,7.694,7.006,9.832,20.38,14.781,3.977,16.05,7.996,1.106,5.165,14.844,9.698,10.671,7.183,0.556,9.131,14.596,13.146,
1973,22.007,0.869,22.75,6.387,1.391,18.062,14.391,17.249,17.826,0.981,12.333,9.001,11.197,11.712,12.344,23.224,11.807,11.102,13.167,5.086,6.19,24.336,15.946,1.466,7.033,0.483,12.748,12.727,1.448,8.765,14.263,3.024,6.876,13.391,6.909,8.955,14.343,16.695,3.856,18.513,10.029,0.695,10.459,10.618,7.661,7.235,7.629,1.809,8.811,10.293,11.484,
1974,17.285,1.362,17.419,5.512,1.077,11.724,10.713,13.982,14.174,0.832,9.497,8.333,6.657,6.547,11.25,21.784,7.952,9.325,10.111,4.469,3.724,22.038,11.162,1.815,2.603,0.254,8.636,10.561,2.273,6.738,13.212,2.289,6.883,10.913,6.796,7.955,12.273,14.595,1.701,16.397,9.6,0.445,6.235,8.707,9.381,8.188,5.387,0.845,9.788,15.453,17.31,
1975,23.572,0.964,15.215,4.39,1.069,14.273,16.648,14.302,18.227,1.32,9.41,11.681,6.193,7.122,15.484,22.437,7.262,14.075,15.527,6.003,5.493,21.105,10.668,2.401,4.919,0.269,11.448,14.958,1.717,8.872,16.93,3.766,7.204,9.045,6.784,11.185,16.761,17.739,2.628,17.206,7.759,0.685,7.459,13.678,10.633,9.576,6.007,1.161,10.25,13.887,15.172,
1976,15.849,1.534,11.992,4.163,0.876,13.162,10.625,14.997,16.519,0.828,6.906,7.781,5.429,5.932,10.202,15.939,12.383,11.494,9.015,4.175,2.594,15.649,6.911,1.366,3.874,1.05,9.902,8.63,1.422,9.651,12.592,1.427,5.147,7.559,4.51,7.816,11.616,15.701,2.405,11.231,9.145,0.453,10.113,10.47,6.519,7.468,3.669,0.747,11.377,11.741,11.233,
1977,19.18,1.558,14.519,4.623,1.467,16.217,13.939,13.841,14.169,1.047,10.939,10.952,8.887,9.478,12.605,18.758,9.964,9.017,14.988,3.944,7.113,19.145,11.47,0.839,8.02,0.769,11.661,10.299,1.921,11.251,12.454,3.423,7.449,9.106,6.581,10.484,16.596,12.176,5.64,16.037,6.517,0.492,7.509,8.598,8.159,6.572,6.678,0.951,9.643,11.363,16.303,
1978,15.767,3.387,14.578,7.767,1.54,11.668,14.351,16.303,11.046,0.603,7.672,10.121,8.471,6.022,14.771,15.342,6.042,11.131,12.342,5.194,5.498,14.849,10.603,1.952,4.436,0.838,6.736,13.379,2.537,6.934,14.834,3.272,6.471,7.984,5.186,9.227,15.383,12.566,3.763,13.641,8.015,1.14,4.483,11.68,6.248,10.045,7.925,1.435,9.856,15.552,17.211,
1979,22.278,1.625,19.739,5.753,1.442,17.046,17.381,19.448,17.632,0.963,9.781,12.956,8.339,8.637,17.095,23.446,10.132,16.026,17.066,5.282,5.613,24.609,10.842,0.891,5.711,0.439,10.309,16.093,2.14,8.332,16.993,2.011,8.592,10.015,6.217,10.373,18.323,16.809,4.001,20.047,8.745,0.874,6.557,15.318,7.891,9.85,6.048,0.542,10.781,16.337,22.088,
1980,19.497,1.876,12.448,6.286,1.563,10.342,7.903,15.691,13.465,1.584,7.952,7.535,7.387,6.053,7.828,19.072,5.414,8.992,8.408,4.438,4.13,20.828,6.978,1.907,3.736,0.758,6.531,8.891,1.775,6.381,10.398,2.822,7.458,7.721,6.951,7.706,11.308,13.202,2.819,10.896,7.295,1.408,2.986,6.903,8.617,8.224,7.22,0.619,11.235,18.26,11.397,
1981,14.561,1.527,12.646,5.833,1.464,9.392,7.311,13.641,11.123,1.024,10.91,9.928,8.08,8.46,10.722,13.312,8.622,6.772,10.56,6.182,6.078,12.822,12.18,1.457,5.711,0.492,10.607,7.869,2.574,6.297,10.714,2.516,7.676,9.941,7.532,7.566,9.603,11.194,3.071,12.088,9.572,0.883,9.878,7.108,8.3,6.446,6.24,1.08,11.539,10.822,19.152,
1982,19.814,1.966,17.585,7.484,1.719,13.761,13.025,18.923,17.157,1.448,11.414,9.999,10.415,7.464,10.993,19.637,7.267,9.442,13.407,5.734,6.1,21.056,13.752,1.745,6.862,0.961,7.976,10.118,2.001,6.916,13.563,4.165,5.818,10.292,7.905,7.861,12.547,13.769,5.654,15.934,7.68,1.673,5.239,10.405,10.079,6.806,7.608,1.484,9.626,26.722,12.562,
1983,23.977,3.123,13.458,9.864,1.388,19.936,21.463,22.269,18.919,1.374,10.009,10.494,7.993,6.096,12.813,23.547,13.437,14.556,20.446,5.772,5.783,24.784,10.538,1.449,5.751,0.966,14.076,19.086,1.77,10.041,15.812,2.046,7.92,8.552,7.698,10.777,21.788,15.778,3.674,16.987,7.302,1.197,9.549,13.383,9.627,7.917,6.848,0.662,9.59,6.863,12.093,
1984,15.999,2.745,19.591,3.868,1.447,13.124,11.603,14.971,15.391,1.039,10.275,9.234,8.412,7.733,13.423,18.655,8.447,11.25,15.821,5.31,6.285,18.333,12.548,0.918,6.092,0.801,9.67,13.182,2.612,7.739,15.231,2.38,5.673,8.757,6.916,8.399,13.991,15.293,4.442,16.071,7.223,0.859,6.718,11.901,8.885,8.273,7.548,0.839,11.01,11.146,17.242,
1985,16.778,1.899,14.676,3.919,1.469,8.054,9.963,16.056,13.209,0.836,11.841,12.169,6.846,9.555,10.181,20.837,6.869,8.69,9.008,8.1,7.266,17.698,15.135,1.109,5.18,0.566,7.33,11.092,3.125,5.474,13.672,2.877,7.876,12.645,4.147,7.963,9.326,14.668,2.987,10.633,9.432,0.936,3.802,11.38,6.145,7.822,7.713,0.673,10.782,11.95,17.552,
1986,15.877,1.607,14.22,5.783,1.656,11.08,11.865,15.933,11.907,0.832,9.501,9.495,9.808,8.32,10.475,16.22,8.163,7.272,11.875,6.408,6.498,16.273,11.348,1.79,5.534,0.471,8.697,11.298,3.206,7.846,8.821,3.31,7.981,11.849,6.5,8.495,12.524,11.158,5.409,12.015,10.533,1.068,8.633,7.592,8.211,6.841,6.882,1.148,13.086,12.714,14.075,
1987,15.084,1.869,16.95,4.505,1.497,10.571,8.779,17.122,12.874,0.754,7.757,7.426,7.447,8.849,9.242,20.443,7.293,9.031,12.925,4.536,4.252,16.555,11.229,1.631,5.743,0.85,9.806,11.901,2.004,7.575,13.74,2.867,5.406,12.653,6.06,7.885,9.64,12.892,2.944,11.082,9.113,0.853,6.968,11.766,7.447,6.646,4.869,0.741,11.617,16.468,19.317,
1988,16.27,2.376,14.122,4.083,1.429,10.614,11.044,16.564,12.9,0.806,6.243,8.166,4.551,5.632,11.172,18.301,6.589,8.869,11.485,5.29,4.7,16.522,9.288,0.922,5.307,0.318,9.987,9.381,2.742,6.486,9.557,1.417,5.577,8.651,5.847,6.887,11.434,10.098,3.312,11.862,6.369,0.583,5.794,7.717,8.027,6.02,4.73,0.772,10.869,15.274,19.226,
1989,21.46,1.755,15.458,3.287,1.183,14.014,14.785,14.314,16.421,0.798,7.587,12.268,5.402,7.829,16.784,19.41,7.291,12.956,12.47,4.032,4.235,20.955,7.854,1.079,3.506,0.596,6.981,15.209,1.498,8.773,17.09,2.07,8.236,11.268,5.097,9.324,16.805,15.967,3.337,19.381,7.794,0.587,7.995,13.901,7.194,10.513,4.332,0.822,11.189,24.059,17.428,
1990,17.317,2.274,21.888,3.11,1.593,12.438,9.695,13.116,13.689,0.883,13.752,15.673,9.311,7.203,16.037,20.798,11.942,12.321,11.695,7.604,6.008,20.274,13.897,0.74,3.915,0.479,13.181,12.531,1.995,9.372,13.394,2.566,12.767,11.969,5.752,10.418,14.249,13.973,3.422,18.267,9.65,0.726,10.652,11.83,10.516,9.784,7.626,0.849,11.848,18.446,15.651,
1991,21.523,1.855,20.092,5.489,1.413,11.694,10.318,19.508,18.205,1.122,7.93,8.203,9.143,5.616,11.313,28.547,9.425,8.801,12.041,6.653,8.03,24.109,10.873,1.456,4.581,0.468,10.482,12.715,3.585,6.588,13.331,2.901,4.535,11.462,6.589,6.173,12.543,15.332,4.851,16.893,11.593,0.762,5.166,9.511,8.665,7.636,9.115,1.213,11.339,13.917,10.026,
1992,19.028,2.896,14.787,6.196,1.698,12.143,9.008,16.424,19.081,1.029,8.117,10.34,8.966,8.643,9.425,21.864,7.609,10.808,10.266,5.378,4.946,16.82,10.303,1.392,5.973,0.542,7.075,10.018,1.795,7.877,16.186,1.724,7.817,10.83,5.14,7.886,13.312,17.619,3.657,12.819,10.554,0.524,6.655,10.085,7.879,5.797,6.201,0.794,11.591,14.322,14.402,
1993,15.669,3.534,16.401,6.56,1.46,11.246,13.815,14.589,13.331,0.787,13.274,12.07,12.025,10.804,10.408,18.908,9.032,10.818,10.343,5.195,6.853,18.115,15.344,2.494,6.967,0.453,6.266,11.607,1.86,6.696,13.225,4.439,6.539,10.662,5.19,10.444,11.337,12.688,5.261,11.763,7.913,0.871,3.55,10.031,6.658,7.81,7.012,1.663,10.313,9.193,14.883,
1994,21.369,2.32,16.976,3.7,0.92,12.949,14.674,20.602,17.889,0.841,8.364,8.409,6.465,6.986,14.13,18.554,8.073,10.917,12.59,5.879,5.735,19.83,11.803,1.235,4.853,0.345,8.5,13.337,2.415,7.769,13.837,3.826,6.396,10.826,5.687,10.044,12.693,17.079,3.387,20.35,8.665,0.686,5.542,10.374,9.337,10.004,5.971,1.092,11.475,14.866,11.887,
1995,20.83,1.389,12.823,8.774,1.778,10.858,13.404,18.187,14.938,2.108,10.176,9.283,7.536,8.426,12.593,19.968,8.053,8.68,9.4,5.735,6.278,19.052,11.96,1.909,5.331,0.636,9.11,11.219,1.392,7.071,15.73,2.993,7.577,11.291,7.976,6.819,10.357,16.583,5.9,15.833,8.653,0.808,6.925,11.517,9.514,7.668,6.868,1.198,9.808,9.971,13.276,
1996,19.495,1.315,16.226,7.331,2.11,14.329,18.706,16.497,14.626,1.922,9.381,14.002,7.647,9.907,16.315,17.258,10.659,15.998,15.686,6.443,5.386,18.447,12.98,1.175,6.587,0.62,11.626,16.987,2.521,11.526,14.821,2.615,10.198,12.208,10.885,14.034,14.884,11.924,4.423,17.124,7.295,0.935,9.248,14.267,11.987,13.873,7.29,0.945,9.925,20.094,14.021,
1997,19.782,1.695,14.308,5.124,2.337,8.54,6.821,18.271,17.749,1.368,7.757,9.731,6.862,9.278,10.799,20.909,5.471,8.525,8.955,4.958,5.05,21.263,9.226,1.624,5.46,0.617,6.61,6.952,2.942,5.927,11.655,3.391,6.732,12.514,6.578,6.346,11.045,16.36,5.129,15.063,10.195,0.852,5.337,6.11,9.768,6.639,5.552,1.252,11.093,16.301,11.419,
1998,19.274,1.853,14.047,8.54,1.548,11.863,8.693,17.576,16.849,1.451,11.777,11.511,9.089,9.505,12.686,20.88,9.102,10.844,14.428,5.609,6.497,19.559,14.262,1.466,5.835,1.038,10.357,10.576,2.193,8.57,15.545,4.545,8.95,10.984,8.277,8.739,17.649,16.228,5.816,16.841,8.286,1.008,8.578,12.845,10.173,8.656,7.33,1.355,10.427,7.896,19.218,
1999,15.978,2.027,14.107,4.012,2.142,12.376,13.404,14.579,11.246,1.189,8.755,8.606,8.194,9.239,8.894,15.756,10.156,10.475,11.266,5.245,6.814,15.43,10.881,0.98,6.037,0.561,9.308,10.789,3.064,7.314,13.958,3.866,5.38,11.286,6.682,9.497,13.963,11.886,5.005,12.618,7.134,0.668,6.465,10.784,9.921,7.059,7.131,1.054,11.396,11.647,17.387,
2000,14.215,2.012,13.933,4.904,1.256,10.292,12.007,11.942,11.837,1.13,10.304,11.83,6.822,6.658,12.286,16.005,7.784,9.804,12.604,6.544,5.397,13.501,9.31,0.93,4.841,0.489,9.593,11.827,2.323,8.669,11.58,4.2,9.333,10.186,5.234,8.699,13.649,12.424,4.075,12.942,8.658,0.742,6.434,9.906,6.116,9.343,7.426,1.007,10.431,8.754,12.675,
2001,18.86,1.212,17.178,5.438,1.339,9.861,8.637,16.166,11.964,0.668,9.971,11.372,7.932,8.686,10.971,23.128,4.075,8.106,10.153,5.875,6.524,22.789,12.663,1.279,5.883,0.265,6.824,8.368,1.331,5.469,9.204,3.028,6.745,9.8,4.675,6.489,10.739,9.765,4.402,15.274,8.23,0.451,3.769,8.928,7.801,7.107,6.635,0.784,10.314,9.027,14.074,
2002,19.003,1.033,16.555,4.785,0.7,11.828,13.829,18.373,15.16,1.124,9.824,11.745,6.932,5.696,14.952,21.934,7.103,9.995,11.858,4.953,6.263,21.158,11.241,1.236,3.187,0.565,9.287,12.158,1.598,9.031,13.177,2.204,7.308,10.776,6.153,8.757,13.297,15.25,2.88,17.813,9.721,0.735,8.985,9.453,8.271,9.9,7.639,0.574,11.809,12.485,13.713,
2003,21.31,1.359,12.469,4.762,1.643,15.066,16.584,17.96,16.73,0.925,9.95,12.352,6.493,6.595,15.115,16.119,11.052,17.839,15.124,5.32,3.708,18.682,10.666,0.625,3.669,0.605,11.687,15.583,1.048,10.802,19.031,1.969,10.311,7.388,5.696,12.129,18.273,15.768,3.286,17.801,7.251,0.55,8.967,16.495,8.634,12.775,5.103,0.778,10.728,11.171,24.161,
2004,19.154,2.231,16.721,6.229,1.67,12.486,14.778,17.325,14.088,1.031,9.964,10.288,9.079,8.657,14.813,23.466,7.382,10.976,12.026,5.601,6.712,21.552,12.93,1.322,4.596,1.257,9.782,11.079,2.811,8.659,12.952,3.226,9.113,11.161,5.427,11.227,12.618,12.967,4.9,18.608,12.127,1.549,7.216,12.423,7.514,12.428,6.652,0.625,11.182,20.369,15.489,
2005,17.726,1.972,10.029,7.07,1.734,11.243,11.534,19.704,16.347,1.655,7.041,10.949,6.787,8.36,8.05,13.769,16.621,12.45,14.46,4.398,6.946,14.933,10.073,1.623,6.399,1.08,15.469,13.556,1.717,10.997,13.14,4.377,9.169,8.15,7.164,8.991,17.268,13.55,4.347,11.636,6.246,1.176,9.494,9.126,7.819,6.461,4.665,1.432,10.88,13.637,23.447,
2006,15.594,1.429,16.711,4.971,1.717,16.259,14.367,13.846,11.604,1.262,10.337,14.881,7.483,6.796,14.093,18.155,11.523,11.702,15.07,6.865,4.152,18.57,10.529,1.665,5.273,0.684,15.323,14.775,2.885,11.221,15.248,1.866,8.88,9.005,7.84,11.339,15.974,13.043,3.119,14.215,7.599,0.98,10.451,12.947,10.104,8.326,6.133,0.513,9.921,18.278,16.864,
2007,11.817,2.101,14.44,3.405,2.111,10.174,14.303,14.407,10.393,0.87,9.067,10.716,11.63,9.808,10.184,15.107,11.724,9.272,11.544,5.201,7.047,11.625,9.869,1.635,7.742,0.277,10.322,12.21,1.91,8.587,10.377,3.809,10.199,13.026,6.025,9.257,12.677,10.33,5.627,10.015,10.961,0.745,8.233,9.29,7.745,7.935,6.583,1.527,9.997,10.026,16.057,
2008,17.836,2.359,19.201,4.58,1.411,15.265,10.618,15.761,13.946,0.891,14.137,14.153,10.566,10.425,11.815,16.944,13.313,12.334,16.021,5.942,6.221,18.433,17.337,1.485,7.036,0.481,16.127,11.606,2.153,8.321,12.086,3.2,9.48,10.389,4.792,9.229,14.594,14.182,5.469,13.794,8.091,0.948,10.414,9.06,6.323,7.749,6.084,1.369,11.372,10.733,13.818,
2009,24.857,0.789,23.503,4.167,1.411,11.849,15.678,15.876,19.739,1.149,14.911,11.879,9.66,8.748,13.536,22.24,11.625,14.445,14.417,5.992,4.446,23.578,15.412,1.219,5.182,0.33,10.673,14.347,1.621,7.05,14.557,3.056,5.867,10.961,5.375,7.705,16.431,15.153,3.792,16.84,8.413,0.647,6.364,13.788,8.45,7.962,5.646,0.618,10.125,12.434,15.863,
2010,16.172,2.457,10.758,7.549,1.483,14.874,11.336,14.633,12.706,1.465,9.959,9.733,11.625,8.375,11.271,12.915,12.622,10.125,17.728,5.848,8.132,13.136,12.946,1.787,6.778,1.194,12.219,12.276,2.426,9.439,13.48,4.732,7.767,9.94,7.132,9.915,17.306,12.501,5.51,14.248,8.795,1.567,9.329,10.59,8.419,9.038,9.317,1.206,9.738,8.133,26.713,
2011,16.102,1.031,18.098,4.419,1.007,19.285,15.464,15.796,10.918,1.257,12.353,16.043,7.287,6.183,19.523,13.173,12.012,10.488,16.731,6.611,4.695,15.558,12.119,2.88,6.275,0.365,13.173,16.132,0.952,12.258,12.138,3.459,12.896,6.203,5.793,13.759,18.615,11.188,4.199,20.183,4.208,1.181,10.562,12.32,8.666,11.52,5.641,1.474,10.256,12.84,23.973,
2012,17.082,1.527,12.247,5.225,0.754,9.131,7.09,16.607,10.437,1.699,6.383,7.288,5.412,5.346,10.526,21.204,10.922,9.292,9.827,5.234,5.535,19.467,7.449,0.768,2.431,0.466,9.059,9.68,0.868,6.72,12.079,1.53,6.996,6.597,8.782,8.458,10.614,12.245,2.275,11.674,7.277,0.578,8.078,9.684,9.952,8.452,5.834,0.295,10.834,7.72,15.174,
2013,22.57,2.732,16.629,2.157,1.51,13.337,13.373,18.056,21.171,0.884,11.597,12.941,8.678,7.732,16.094,19.775,8.957,12.439,13.219,6.878,5.44,20.755,12.954,2.27,5.48,0.446,9.652,11.907,2.346,8.645,16.015,5.691,9.348,10.516,4.431,8.962,11.33,18.452,5.963,20.066,7.526,1.019,7.967,13.541,7.445,8.979,6.807,1.357,11.732,12.257,17.904,
2014,17.763,2.309,14.528,5.189,1.676,13.8,11.488,17.296,16.094,1.901,11.235,11.39,10.528,7.393,12.124,19.17,11.527,11.441,13.322,7.017,6.018,18.86,11.257,1.562,6.4,0.695,11.243,13.053,2.19,9.137,14.06,3.63,7.652,8.27,7.624,8.074,13.082,13.857,4.048,15.634,7.72,1.247,8.376,10.733,9.263,7.105,8.115,1.264,10.75,13.411,12.629,
2015,19.138,2.331,21.667,3.396,1.847,8.006,10.729,16.143,16.781,1.543,13.597,13.432,11.487,9.391,16.832,21.021,6.862,10.687,11.162,5.698,7.03,17.873,16.446,1.4,6.442,0.958,8.821,11.895,2.773,7.967,15.923,3.115,9.392,15.828,6.735,8.848,9.319,17.264,5.002,17.402,12.501,1.126,8.154,11.065,10.647,8.353,8.2,1.119,12.048,17.006,10.642,
2016,15.877,1.672,15.12,5.908,1.354,7.236,10.019,16.703,11.163,1.572,9.814,10.019,10.011,9.386,14.016,21.585,8.783,9.702,7.907,5.326,7.586,16.924,10.67,1.811,6.687,1.001,6.662,8.11,1.863,7.584,14.032,4.291,6.196,9.42,6.672,7.24,10.583,10.836,3.976,13.807,9.704,1.133,5.817,10.25,9.085,7.938,8.078,1.612,10.548,12.056,18.907,
2017,21.549,1.473,15.629,6.464,1.585,9.581,11.905,17.472,14.092,1.841,9.609,12.97,7.412,9.538,11.955,19.759,9.401,11.23,12.409,7.038,6.016,18.804,11.663,1.127,6.163,1.152,9.888,13.003,2.829,9.718,14.168,1.959,9.486,12.369,6.84,10.409,14.741,14.703,3.744,15.98,9.623,0.976,7.65,9.61,9.753,9.033,7.157,1.184,10.551,13.385,23.017,
2018,20.644,2.186,20.349,5.102,1.379,19.219,18.187,18.087,17.697,1.007,11.976,13.871,12.745,9.555,15.948,21.462,9.504,19.743,16.97,7.449,6.79,22.169,11.987,1.276,7.182,0.599,11.168,18.2,1.799,9.558,20.134,2.666,11.897,12.444,4.88,15.952,21.675,16.597,4.196,20.22,10.336,0.499,5.954,17.061,7.865,14.674,9.937,1.584,10.539,18.843,13.839,
2019,20.628,3.04,22.695,6.977,1.418,12.918,11.439,15.218,14.541,1.115,12.901,13.651,10.517,10.932,19.759,19.796,9.397,8.016,14.659,7.735,8.702,21.829,16.123,1.876,7.258,0.619,10.573,12.162,1.723,8.62,13.394,5.367,9.778,13.587,5.408,10.897,16.917,12.862,7.008,21.758,8.296,1.019,9.656,9.848,6.422,9.161,10.493,1.345,11.444,10.445,13.271,
2020,21.098,0.87,19.097,3.1,0.817,9.17,12.916,16.86,19.503,1.234,11.411,10.897,7.059,7.168,14.716,21.886,8.223,13.872,9.256,6.812,5.478,21.48,12.186,1.225,3.627,0.428,7.789,14.013,1.115,7.114,19.394,2.31,7.743,10.608,5.021,8.499,10.636,19.261,2.77,18.471,7.475,0.289,4.866,17.394,9.166,10.425,8.358,0.361,9.775,11.397,16.561,
