Year,AL,AZ,AR,CA,CO,CT,DE,FL,GA,ID,IL,IN,IA,KS,KY,LA,ME,MD,MA,MI,MN,MS,MO,MT,NE,NV,NH,NJ,NM,NY,NC,ND,OH,OK,OR,PA,RI,SC,SD,TN,TX,UT,VT,VA,WA,WV,WI,WY,AK,HI,PR,VI
1900,47.952,105.971,67.079,36.635,166.743,142.0,-999.0,7.968,41.906,133.369,127.214,108.584,152.025,120.543,97.029,26.772,166.773,-999.0,141.037,151.042,160.067,39.346,103.882,139.298,148.815,173.195,169.659,125.107,124.676,144.916,80.767,175.798,130.379,-999.0,82.477,131.748,144.0,41.354,157.594,76.534,41.066,146.694,168.368,109.617,83.311,125.744,155.592,210.839,-999.0,-999.0,-999.0,
1901,64.578,111.41,64.282,52.062,167.647,148.0,-999.0,10.686,61.325,141.235,137.466,124.103,155.383,130.896,106.731,30.109,167.272,-999.0,123.377,164.106,170.785,46.358,109.105,166.689,152.585,169.486,155.866,123.945,124.676,150.655,92.227,187.963,134.767,-999.0,101.551,140.183,137.0,56.597,165.41,80.934,40.201,151.111,149.179,127.502,112.834,145.228,159.662,185.41,-999.0,-999.0,-999.0,
1902,55.252,107.165,75.453,56.96,162.548,127.0,-999.0,7.411,53.977,153.681,113.686,106.636,137.169,117.26,94.701,29.909,154.891,-999.0,124.527,144.829,169.422,45.304,102.206,175.643,143.499,167.87,152.986,103.058,126.065,138.679,78.166,187.059,120.577,-999.0,102.909,122.497,128.0,47.967,167.705,71.599,37.815,153.21,143.191,108.206,99.711,115.931,137.824,204.754,-999.0,-999.0,-999.0,
1903,60.713,116.668,79.396,63.404,175.513,124.0,-999.0,8.085,55.455,165.523,126.162,121.673,145.691,133.318,105.332,30.762,172.261,-999.0,130.694,153.002,173.917,48.653,112.997,177.936,156.271,168.508,161.805,108.422,138.875,140.282,82.43,192.687,121.676,93.933,110.56,124.613,126.0,51.351,172.164,86.1,42.159,154.855,154.043,110.586,107.58,124.012,150.046,230.059,-999.0,-999.0,-999.0,
1904,58.02,109.565,70.668,50.623,170.228,166.0,-999.0,5.085,60.659,156.626,130.926,131.975,158.236,134.742,118.79,30.894,177.013,182.0,161.362,164.96,171.693,46.009,117.492,179.906,162.881,148.908,184.108,137.911,126.205,166.861,103.288,189.584,144.148,93.933,86.766,155.479,169.0,51.456,170.103,86.325,42.988,158.666,172.985,135.898,93.658,151.555,163.689,214.475,-999.0,-999.0,-999.0,
1905,52.133,91.805,76.798,51.57,166.414,145.0,-999.0,8.973,53.202,154.739,131.551,120.218,150.439,123.63,105.88,36.182,174.094,162.0,151.663,161.343,172.117,45.633,113.325,176.41,158.286,181.858,177.733,137.703,105.654,148.099,83.183,193.503,137.106,89.391,100.442,137.743,149.0,45.27,168.709,76.861,49.47,138.691,154.089,125.475,114.917,122.107,161.944,216.826,209.0,-999.0,-999.0,
1906,48.965,96.897,67.95,48.081,161.423,140.0,-999.0,6.646,47.15,150.401,125.93,119.786,151.094,122.761,105.287,22.14,174.783,149.0,144.874,156.568,169.936,41.904,116.002,170.146,156.3,142.886,175.228,112.312,112.377,148.883,85.21,186.694,129.936,70.315,86.663,142.867,137.0,36.175,165.413,79.139,41.948,140.166,175.011,121.945,97.83,132.813,157.897,205.715,240.0,-999.0,-999.0,
1907,50.096,81.013,50.539,40.049,158.457,145.0,-999.0,1.799,42.053,143.998,135.602,129.22,168.726,125.591,96.339,13.181,189.396,161.0,159.342,182.295,198.408,32.393,108.965,181.814,171.305,128.328,169.941,129.748,104.638,156.809,77.456,225.519,140.459,-999.0,88.084,145.896,154.0,33.741,188.497,65.405,26.851,131.353,173.801,123.413,108.942,132.687,179.58,213.594,203.0,-999.0,-999.0,
1908,50.844,104.243,56.123,51.137,175.867,127.0,-999.0,5.245,40.663,162.654,120.897,115.499,156.088,122.034,93.721,22.716,176.02,158.0,146.737,157.513,174.547,35.458,99.393,173.449,161.583,193.038,170.653,128.002,114.695,153.654,73.799,197.869,131.207,86.665,99.97,140.446,141.0,33.983,173.933,68.682,35.24,169.246,147.162,119.116,107.648,127.946,159.662,217.735,229.0,-999.0,-999.0,
1909,53.821,118.272,60.208,43.924,173.33,140.0,-999.0,8.408,45.17,160.796,120.548,113.223,156.499,127.616,97.372,31.555,170.726,155.0,144.544,162.839,183.798,40.529,99.568,190.661,169.485,167.417,161.304,121.39,113.347,150.66,75.968,201.276,128.854,98.475,102.359,137.066,137.0,36.364,178.083,68.168,44.55,151.125,146.459,119.791,114.131,131.228,166.382,218.291,231.0,-999.0,-999.0,
1910,66.089,90.471,73.316,48.316,154.61,130.0,-999.0,9.03,63.202,149.889,130.734,123.586,145.621,125.026,109.954,31.757,171.859,161.0,135.399,151.106,168.042,49.421,113.24,164.296,148.052,161.233,165.761,123.284,96.28,143.127,94.597,184.968,139.343,86.668,86.774,141.894,128.0,52.349,142.487,89.739,42.283,131.608,153.525,126.27,95.914,144.338,154.539,190.916,228.0,-999.0,-999.0,
1911,36.953,106.787,50.496,64.109,162.825,140.0,-999.0,4.165,35.633,182.037,124.821,110.373,156.694,126.555,90.613,22.912,187.398,152.0,153.364,155.997,178.185,30.773,102.309,185.47,161.846,179.539,184.478,128.483,97.883,156.33,67.708,185.75,128.674,77.278,121.975,139.243,155.0,31.675,173.159,59.677,35.497,155.044,170.097,120.921,129.415,118.349,161.463,212.684,216.0,-999.0,-999.0,
1912,68.518,134.893,88.765,54.376,177.99,133.0,-999.0,4.492,59.083,175.349,134.899,127.805,155.766,139.452,116.407,41.102,179.762,157.0,142.044,157.305,179.364,58.116,122.416,182.957,163.862,182.005,167.283,121.029,137.993,140.398,90.021,194.099,134.143,98.04,96.903,134.848,139.0,50.978,178.132,94.643,56.782,163.965,170.168,125.409,109.228,137.826,161.102,229.452,226.0,-999.0,-999.0,
1913,46.596,127.73,65.983,58.88,167.372,103.0,-999.0,2.246,36.647,170.91,114.243,104.392,140.103,121.752,86.891,18.632,154.578,145.0,119.135,142.213,169.141,40.424,101.335,186.847,152.458,181.669,154.346,96.03,120.385,126.383,59.882,199.136,116.106,88.298,112.756,120.104,122.0,25.146,166.813,68.951,47.295,164.326,147.162,99.914,120.313,123.195,151.506,204.452,249.0,-999.0,-999.0,
1914,65.457,99.391,72.974,44.188,159.415,138.0,-999.0,4.229,55.405,150.483,120.182,117.589,142.016,122.881,109.114,32.428,181.142,164.0,152.439,146.489,165.835,52.834,106.771,172.578,151.658,173.397,172.374,124.347,111.915,153.484,90.672,186.241,130.055,95.973,91.669,136.096,159.0,55.355,161.099,89.338,48.656,139.341,167.67,118.859,93.688,136.913,151.227,194.25,245.0,-999.0,-999.0,
1915,59.336,123.563,72.517,47.916,163.193,132.0,-999.0,4.301,52.438,144.639,126.913,121.965,142.273,125.159,107.26,32.156,170.746,162.0,135.461,148.241,161.738,43.49,111.437,164.006,152.057,162.779,159.319,130.826,121.067,151.595,95.445,182.248,136.952,96.576,90.918,142.386,149.0,47.215,158.853,88.723,48.18,142.379,142.673,136.386,93.932,140.512,150.068,194.401,234.0,-999.0,-999.0,
1916,57.803,115.385,65.781,63.9,170.523,134.0,-999.0,5.034,46.918,181.212,126.453,118.574,155.822,129.368,99.902,34.717,176.641,163.0,141.754,147.521,181.795,48.968,107.714,186.501,161.666,190.163,172.23,125.691,110.668,142.683,80.683,205.958,132.22,92.692,122.518,140.919,-999.0,40.671,181.535,82.059,47.666,152.428,152.56,120.941,131.11,139.541,163.001,228.11,237.0,-999.0,-999.0,
1917,63.224,147.949,72.381,68.777,178.775,159.0,-999.0,10.152,54.339,162.024,134.893,128.963,164.012,135.782,108.231,35.006,184.804,170.0,157.982,169.663,193.318,52.099,118.996,187.78,169.071,178.782,179.222,143.914,131.99,163.331,84.328,212.524,151.865,100.672,100.502,159.347,-999.0,48.347,186.437,84.881,49.97,153.778,173.052,131.639,104.701,137.674,179.045,221.877,236.0,-999.0,-999.0,
1918,43.105,105.305,63.951,61.598,162.683,130.0,-999.0,8.176,36.568,154.628,114.102,104.879,140.87,114.412,88.867,33.889,172.389,151.0,145.378,144.32,167.013,43.717,98.359,164.59,145.883,175.418,171.319,116.72,110.388,144.989,69.363,187.854,120.603,83.098,99.575,126.685,133.0,33.562,160.497,74.203,48.777,138.541,162.606,110.183,100.701,128.596,150.828,190.31,245.0,-999.0,-999.0,
1919,50.247,122.84,62.026,63.996,169.126,128.0,-999.0,4.422,36.813,171.587,123.582,110.871,147.126,128.434,95.246,21.995,167.92,154.0,131.432,148.689,173.763,38.351,112.354,184.115,158.791,183.084,157.388,104.032,124.387,145.476,74.702,198.282,127.767,97.187,111.453,133.84,129.0,36.387,167.174,78.204,43.577,153.969,156.418,112.762,115.938,125.352,153.852,219.605,222.0,-999.0,-999.0,
1920,56.164,123.685,64.128,53.962,177.526,-999.0,-999.0,6.475,48.098,164.516,130.153,113.681,143.923,129.627,99.457,27.346,167.746,162.0,138.462,147.553,169.279,41.406,113.273,180.823,161.705,186.384,161.543,121.046,126.222,146.567,85.341,192.184,128.782,90.17,119.47,136.085,125.0,45.789,171.832,82.273,45.775,157.932,159.692,121.657,116.969,136.297,155.875,219.301,248.0,-999.0,-999.0,
1921,33.411,112.535,40.205,47.401,159.526,-999.0,-999.0,1.404,20.599,152.592,103.328,89.011,139.517,114.821,69.404,10.513,156.977,150.0,125.442,132.313,167.296,20.478,92.985,174.738,145.411,157.941,142.691,106.926,100.567,134.917,59.621,189.854,111.372,69.615,93.768,118.147,112.0,23.751,164.39,57.316,29.864,134.76,147.45,91.992,106.664,106.508,149.099,201.624,240.0,-999.0,-999.0,
1922,27.51,130.596,54.765,64.557,162.845,165.0,-999.0,3.008,27.302,175.597,111.332,100.997,133.84,118.646,78.909,13.463,171.266,158.0,149.298,146.043,158.028,25.501,100.79,175.734,148.688,175.87,165.127,126.886,119.115,147.037,58.898,187.497,122.682,60.834,123.062,136.587,134.0,28.788,158.898,65.795,37.549,152.627,161.641,102.018,125.488,121.436,145.772,220.11,244.0,-999.0,-999.0,
1923,41.466,119.394,50.139,56.691,175.714,152.0,-999.0,2.391,28.747,165.5,124.179,106.896,157.319,125.462,85.696,15.808,166.901,170.0,141.216,159.911,179.365,27.515,109.711,177.787,162.645,176.077,168.411,124.441,112.159,152.555,60.88,191.52,135.904,62.942,103.193,145.472,128.0,30.639,173.39,74.046,29.968,159.317,157.742,110.56,105.091,131.388,165.526,218.241,221.0,-999.0,-999.0,
1924,61.865,137.124,72.942,58.08,177.796,154.0,-999.0,3.377,51.519,156.984,130.21,121.094,149.335,132.053,107.293,30.11,173.543,176.0,145.798,155.048,174.353,48.61,114.121,179.275,158.105,187.367,169.277,130.22,125.043,152.294,87.078,196.018,135.431,94.083,100.183,144.749,141.0,46.225,167.594,91.261,56.755,161.265,165.454,122.934,108.944,134.679,161.403,228.745,231.0,-999.0,-999.0,
1925,47.846,130.554,66.782,43.994,162.38,152.0,-999.0,3.814,34.605,142.433,136.52,120.48,161.864,124.601,93.555,18.45,176.127,158.0,136.508,162.392,185.584,37.729,113.587,170.946,151.552,164.286,165.779,115.537,117.171,149.018,67.568,190.424,141.699,89.865,77.994,143.003,130.0,36.364,171.359,73.924,49.677,144.388,150.257,117.503,86.18,117.211,170.834,216.018,217.0,-999.0,-999.0,
1926,50.914,114.847,66.424,44.364,164.35,168.0,-999.0,4.766,46.447,145.553,140.052,127.414,165.162,129.657,105.162,17.691,183.12,162.0,158.379,172.936,186.266,41.53,116.018,170.233,163.078,156.146,179.226,137.637,116.748,164.788,87.061,191.547,145.253,85.267,80.533,152.936,151.0,45.827,169.624,86.027,40.903,129.421,167.629,125.327,95.764,136.983,176.953,217.937,211.0,-999.0,-999.0,
1927,39.031,111.394,50.137,43.95,164.661,145.0,-999.0,7.247,34.711,147.768,104.704,92.722,135.007,112.776,75.601,15.036,160.243,143.0,135.923,144.705,167.835,30.758,95.508,181.463,148.462,171.147,154.348,109.024,100.662,144.564,55.501,185.015,109.293,77.843,97.979,121.2,125.0,36.692,168.081,59.683,39.773,141.808,158.188,98.003,101.777,112.493,147.21,216.22,248.0,-999.0,-999.0,
1928,55.333,122.308,63.666,48.805,162.617,155.0,-999.0,8.888,42.987,161.448,124.341,115.587,151.114,116.692,98.15,21.093,182.957,161.0,145.57,149.536,178.521,43.121,106.034,185.051,157.268,172.321,171.959,117.011,118.492,152.821,81.108,202.23,128.923,75.776,96.265,134.911,137.0,46.373,174.898,83.575,40.086,146.511,155.433,111.498,106.356,130.928,154.312,203.139,244.0,-999.0,-999.0,
1929,47.771,138.989,73.037,67.465,177.462,146.0,-999.0,4.37,41.044,178.564,116.129,106.469,149.428,127.915,88.333,29.988,174.802,143.0,132.595,156.304,181.388,46.022,106.428,187.756,155.485,191.634,169.135,115.419,129.402,146.963,68.193,193.28,119.615,95.926,121.919,130.5,131.0,40.269,167.07,73.741,54.021,164.687,129.97,100.263,122.522,114.355,154.048,216.725,224.0,-999.0,-999.0,
1930,53.024,130.626,67.51,50.723,170.68,142.0,-999.0,3.536,47.47,153.736,125.923,111.408,144.577,123.295,92.73,25.418,173.148,158.0,136.843,151.914,171.524,42.466,111.958,171.229,148.161,175.348,159.556,115.635,120.375,140.874,81.094,184.983,127.981,83.96,110.157,134.981,141.0,45.714,162.713,82.478,45.715,151.261,159.646,119.762,111.466,125.111,155.046,205.816,235.0,-999.0,-999.0,
1931,44.305,123.334,40.614,47.56,169.096,144.0,-999.0,2.929,36.467,157.571,101.961,90.607,135.15,109.159,65.752,9.196,153.159,149.0,127.113,143.463,161.324,21.97,87.297,168.625,146.821,177.38,159.68,106.867,110.48,132.451,68.917,177.798,114.162,58.954,99.259,123.086,133.0,37.971,163.324,63.22,27.476,148.035,147.696,89.162,104.467,102.508,142.094,205.109,248.0,-999.0,-999.0,
1932,43.532,133.022,61.454,58.02,173.568,139.0,-999.0,3.263,32.953,150.094,121.848,103.682,156.784,126.828,80.337,19.524,168.159,153.0,139.305,154.514,178.608,34.846,110.563,168.144,154.498,179.468,171.867,109.886,122.494,148.369,56.789,188.363,119.232,83.404,92.875,127.564,128.0,28.922,166.806,68.19,49.922,156.343,159.825,91.783,95.529,115.581,164.968,209.553,222.0,-999.0,-999.0,
1933,37.301,138.33,41.292,56.696,158.213,143.0,-999.0,1.846,30.636,154.525,117.059,100.38,152.864,109.202,75.22,10.136,171.028,152.0,143.22,157.17,182.227,24.971,95.21,168.707,146.368,189.085,175.821,114.274,119.115,151.852,60.535,193.287,117.454,66.887,97.824,128.457,140.0,31.937,167.086,62.033,27.236,161.037,163.458,93.832,97.023,117.362,165.467,222.785,267.0,-999.0,-999.0,
1934,50.79,106.566,61.352,30.903,145.628,136.0,-999.0,6.484,48.175,120.189,123.958,113.737,143.689,114.4,95.073,16.113,173.908,167.0,140.665,153.562,172.005,38.128,110.41,155.898,147.37,156.817,165.948,116.623,105.202,154.243,85.538,186.882,132.631,77.24,60.671,137.789,142.0,50.192,158.905,82.49,35.103,124.696,155.587,118.132,71.633,134.1,153.989,209.553,242.0,-999.0,-999.0,
1935,53.003,108.367,55.939,56.723,165.309,132.0,-999.0,7.508,49.63,174.768,113.776,101.171,147.71,108.355,84.319,23.487,180.826,147.0,131.669,159.106,179.979,41.84,96.76,179.242,155.308,189.687,173.698,110.322,107.822,147.633,70.37,196.446,116.609,67.036,115.981,127.704,137.0,49.417,174.961,69.442,31.243,150.329,167.044,104.185,121.118,117.446,160.366,221.372,244.0,-999.0,-999.0,
1936,42.643,111.22,70.668,50.138,164.962,136.0,-999.0,3.984,43.03,166.509,135.643,123.349,157.774,129.979,102.554,25.873,174.763,158.0,134.717,162.909,184.967,46.017,120.216,168.244,162.71,175.973,165.928,115.438,114.977,151.057,74.171,198.788,136.996,87.241,105.261,137.754,130.0,43.419,171.962,84.465,49.239,152.867,162.267,112.443,113.151,128.727,168.979,220.11,238.0,-999.0,-999.0,
1937,42.775,116.665,68.636,60.705,167.973,148.0,-999.0,4.313,39.406,148.991,135.952,121.322,156.745,127.411,93.739,19.15,172.098,159.0,142.269,160.525,176.151,39.511,123.097,172.846,150.456,183.556,174.799,117.576,116.565,150.863,68.024,187.997,133.648,95.166,91.544,137.26,140.0,39.221,169.272,74.483,49.107,150.23,161.954,109.955,94.547,121.275,168.325,208.947,243.0,-999.0,-999.0,
1938,42.303,113.346,56.005,46.032,157.959,125.0,-999.0,4.626,37.902,143.174,110.748,101.028,139.272,108.891,77.01,17.827,163.906,149.0,122.729,139.101,163.592,37.725,96.198,166.447,138.205,165.917,161.193,111.735,111.196,140.676,61.303,175.178,118.334,73.959,97.905,128.882,124.0,33.695,155.451,64.98,39.025,142.744,151.575,104.457,104.335,117.156,142.799,190.613,230.0,-999.0,-999.0,
1939,38.658,112.916,54.804,49.826,161.67,156.0,-999.0,3.459,37.12,149.224,125.686,110.336,149.12,115.415,94.14,12.006,189.422,160.0,150.662,161.766,181.246,32.609,105.712,162.027,147.219,164.611,182.869,123.064,119.425,155.918,73.088,190.551,130.493,76.434,92.4,136.134,148.0,39.776,167.089,74.49,36.893,137.592,178.634,114.832,94.18,129.265,164.89,218.391,243.0,-999.0,-999.0,
1940,62.966,96.313,71.044,37.951,152.977,155.0,-999.0,12.102,57.437,127.673,128.939,110.734,148.27,119.024,98.279,33.712,179.561,173.0,149.367,161.972,175.091,52.563,118.37,159.796,148.038,147.798,174.544,130.943,114.391,158.533,86.292,179.008,135.274,85.221,78.302,140.483,142.0,57.086,168.657,82.993,49.577,128.631,143.151,120.627,85.386,135.941,160.498,205.21,240.0,-999.0,-999.0,
1941,61.267,95.308,62.673,37.242,155.819,150.0,-999.0,3.869,54.642,135.96,116.037,111.529,134.767,112.224,98.22,15.598,165.713,173.0,137.175,146.396,161.697,43.772,105.855,171.626,142.523,163.826,174.057,126.208,103.869,150.415,92.262,180.997,125.175,71.429,80.673,134.057,142.0,54.235,158.323,84.187,30.818,139.282,167.09,120.607,88.165,139.686,145.484,213.038,240.0,-999.0,-999.0,
1942,54.571,112.931,65.557,50.217,163.771,152.0,-999.0,5.524,51.201,162.436,121.834,111.588,149.789,122.341,96.686,24.256,168.952,161.0,135.596,162.136,178.936,46.295,113.447,173.854,153.472,186.951,163.58,120.063,117.836,146.707,82.45,188.368,126.026,84.164,94.675,127.717,148.0,49.884,170.275,84.171,46.935,158.052,163.099,112.215,105.238,132.285,162.986,221.422,218.0,-999.0,-999.0,
1943,60.224,105.515,70.307,46.096,162.014,160.0,-999.0,7.654,52.053,157.312,133.998,122.637,156.661,132.034,99.733,25.343,182.933,175.0,150.04,169.671,184.865,49.16,122.757,172.233,153.865,160.204,175.895,136.351,122.335,159.133,88.488,193.167,138.551,87.038,105.365,141.449,157.0,53.603,175.326,90.625,52.871,138.275,163.504,118.995,109.085,144.015,169.701,218.696,224.0,-999.0,-999.0,
1944,49.66,123.506,59.656,50.316,174.637,156.0,-999.0,4.118,43.316,163.719,122.231,114.141,145.061,122.818,94.276,18.903,183.623,167.0,147.411,163.499,171.293,39.263,107.628,174.567,154.061,182.253,175.988,128.494,129.41,161.56,82.924,185.932,134.81,72.745,108.788,135.66,152.0,44.381,170.677,77.534,43.317,149.322,173.724,121.714,107.864,142.786,160.973,218.342,231.0,-999.0,-999.0,
1945,48.741,129.495,59.432,49.75,171.879,134.0,-999.0,3.691,40.041,156.939,115.035,108.327,140.063,124.436,92.241,15.427,169.126,159.0,126.932,154.288,181.809,37.515,108.892,185.247,150.576,175.893,155.843,110.826,129.565,139.662,64.805,203.51,122.25,86.944,89.637,126.127,140.0,38.982,174.72,70.967,38.373,153.06,149.872,104.897,97.417,126.714,155.029,218.745,236.0,-999.0,-999.0,
1946,40.258,116.247,46.644,59.022,164.822,133.0,-999.0,1.298,31.343,156.841,97.823,90.967,125.168,98.801,75.287,11.979,180.102,140.0,122.909,138.254,161.318,28.547,83.797,178.82,137.863,180.653,153.22,106.403,110.636,137.563,59.819,186.379,110.032,63.356,97.014,114.415,138.0,29.126,158.74,60.976,33.033,145.325,152.047,93.07,106.63,113.861,136.625,217.381,221.0,-999.0,-999.0,
1947,58.47,108.462,74.586,60.722,169.629,161.0,-999.0,5.92,47.308,145.137,128.125,121.516,150.001,127.301,108.917,23.458,188.848,155.0,150.153,165.096,174.378,48.21,111.493,167.067,155.274,170.892,171.353,132.583,135.509,160.472,83.84,192.713,135.122,-999.0,81.614,142.949,160.0,44.539,167.092,93.465,46.04,145.304,172.985,118.337,90.27,136.802,159.331,209.149,247.0,-999.0,-999.0,
1948,48.452,119.124,74.914,74.698,169.158,138.0,-999.0,3.548,39.701,166.395,115.534,102.3,140.337,127.414,93.89,31.406,177.319,137.0,126.65,144.179,168.167,48.62,110.675,183.756,153.202,180.584,158.48,119.143,123.12,135.344,66.944,180.906,118.748,87.39,113.654,126.466,142.0,39.917,165.3,74.985,57.233,164.063,148.348,98.297,113.012,118.145,151.011,218.594,257.0,-999.0,-999.0,
1949,43.095,122.828,58.861,81.262,164.985,131.0,-999.0,2.042,37.789,162.915,119.2,106.67,147.625,119.577,87.401,15.786,169.844,143.0,111.214,152.561,170.092,33.38,112.034,176.318,149.334,176.642,153.358,104.556,111.901,141.847,56.596,184.911,112.506,84.21,114.244,123.824,126.0,30.742,165.626,69.186,41.475,151.503,153.212,86.599,117.311,112.711,155.989,207.887,238.0,-999.0,-999.0,
1950,57.338,93.729,72.858,52.153,168.09,146.0,-999.0,5.582,47.267,151.308,131.37,124.286,160.574,133.183,109.473,20.171,177.074,154.0,134.468,160.967,182.068,42.729,122.731,183.401,162.703,166.202,162.845,114.934,103.882,148.297,74.998,193.68,127.207,97.548,94.116,136.049,136.0,45.407,179.235,83.829,46.297,144.22,159.27,106.306,98.271,120.627,167.416,211.523,250.0,-999.0,-999.0,
1951,55.387,106.125,69.538,53.07,179.524,135.0,-999.0,5.075,47.167,169.454,130.155,122.781,156.536,137.092,100.387,29.305,165.656,149.0,121.226,150.154,179.231,47.6,117.942,191.787,166.376,176.588,156.231,112.965,117.291,144.929,80.137,196.516,130.715,91.134,107.907,130.358,125.0,44.695,182.772,79.125,54.171,152.182,152.786,109.008,113.712,124.231,161.505,237.331,225.0,-999.0,-999.0,
1952,46.509,111.797,67.272,53.64,172.567,141.0,-999.0,3.756,38.107,167.326,130.892,118.716,162.32,133.129,94.977,17.403,179.755,149.0,128.201,154.869,182.14,36.537,117.509,177.967,165.69,176.428,162.213,115.354,112.658,143.974,75.683,190.615,128.548,83.812,118.009,131.135,142.0,36.724,178.576,74.241,38.579,155.253,160.656,107.516,111.831,124.506,171.246,208.242,240.0,-999.0,-999.0,
1953,53.064,107.634,59.041,50.936,166.546,118.0,-999.0,2.23,38.143,143.48,116.615,112.19,144.841,119.006,95.393,16.897,155.088,154.0,108.643,139.976,167.992,33.48,109.47,168.994,153.814,180.389,146.535,114.89,108.577,126.386,70.674,182.604,119.266,70.122,78.956,115.488,119.0,38.565,166.203,76.819,37.403,147.677,143.484,103.258,72.696,122.759,154.9,218.139,214.0,-999.0,-999.0,
1954,66.908,95.905,62.626,50.401,156.385,132.0,-999.0,4.838,55.525,158.741,122.561,125.417,142.536,116.045,99.01,21.484,167.567,157.0,127.991,154.273,174.235,43.154,103.169,171.919,147.771,181.646,153.493,126.946,105.279,146.822,85.466,191.928,133.078,78.047,109.421,135.864,126.0,51.275,163.891,87.511,38.392,139.655,163.771,118.182,108.536,128.457,160.522,224.452,231.0,-999.0,-999.0,
1955,68.871,115.334,79.087,60.194,170.675,138.0,-999.0,6.318,56.617,175.224,120.937,118.881,147.887,129.137,104.087,27.655,171.669,151.0,127.13,148.777,168.21,49.84,113.594,187.171,156.083,185.312,159.754,120.545,115.031,150.171,85.235,178.938,126.536,98.354,115.398,131.768,129.0,48.206,163.055,87.037,51.495,157.357,160.205,115.493,125.316,128.757,153.696,223.947,239.0,-999.0,-999.0,
1956,61.424,114.213,62.256,58.638,164.596,145.0,-999.0,6.535,50.368,165.812,128.033,119.45,155.04,131.408,92.291,24.133,195.642,155.0,147.924,163.652,180.666,37.926,114.969,180.522,161.389,176.662,182.323,126.013,123.002,162.458,72.884,194.992,129.764,94.666,105.643,137.577,147.0,40.962,173.307,73.987,48.364,148.628,181.795,104.482,100.849,127.672,166.65,219.805,233.0,-999.0,-999.0,
1957,48.111,80.161,53.92,48.26,161.91,128.0,-999.0,5.804,37.583,155.728,119.873,115.632,150.161,118.305,95.196,14.839,168.414,154.0,132.353,154.727,172.357,31.428,106.13,176.766,150.332,165.144,159.402,124.583,94.08,148.093,61.325,187.13,131.174,75.924,98.864,139.52,137.0,31.853,164.908,68.023,35.488,132.462,166.459,97.198,100.02,122.311,162.892,229.351,232.0,-999.0,-999.0,
1958,78.201,105.414,77.664,38.186,167.442,140.0,-999.0,14.126,65.971,143.703,128.851,127.744,150.937,127.999,111.553,33.844,175.625,156.0,131.077,158.049,167.785,59.279,115.549,164.655,155.478,178.859,161.85,118.751,116.84,154.07,87.597,185.067,132.636,90.476,77.463,142.207,131.0,61.052,162.79,95.509,52.732,138.375,169.825,119.721,80.642,134.254,160.4,213.341,229.0,-999.0,-999.0,
1959,62.431,99.587,69.418,47.386,177.061,144.0,-999.0,8.076,51.44,163.603,125.112,124.85,154.201,128.31,102.828,33.037,179.49,150.0,136.734,159.429,179.875,49.115,113.722,182.349,159.854,187.029,163.113,124.681,122.794,156.936,77.702,198.75,132.977,93.099,101.254,139.68,128.0,38.866,178.114,86.05,55.266,149.109,165.946,116.918,103.342,131.552,164.27,222.23,240.0,-999.0,-999.0,
1960,82.673,114.374,86.864,47.806,164.218,138.0,-999.0,10.483,72.341,165.098,132.056,133.022,153.934,131.344,124.327,37.832,178.15,158.0,134.22,150.055,176.796,64.913,125.765,178.808,156.509,175.753,166.257,132.59,118.182,148.824,102.609,193.056,137.534,99.615,102.407,141.052,146.0,64.21,170.295,111.34,55.816,145.445,158.973,127.991,105.165,140.761,160.474,217.381,230.0,-999.0,-999.0,
1961,64.852,112.091,60.642,48.566,172.919,146.0,-999.0,6.615,53.937,165.274,122.77,123.275,157.356,130.09,94.052,30.305,173.105,164.0,139.333,155.699,181.391,45.737,109.911,181.355,162.739,183.035,167.701,120.113,115.659,151.153,82.694,197.256,131.755,83.553,91.498,123.457,138.0,48.511,177.772,78.498,46.776,156.727,163.165,111.674,91.997,131.12,166.431,212.887,230.0,-999.0,-999.0,
1962,66.342,104.506,61.588,52.647,159.735,153.0,-999.0,9.664,57.612,148.65,132.004,132.448,153.783,117.319,105.67,26.703,182.418,169.0,154.735,159.736,169.376,47.861,113.11,157.405,149.987,171.218,173.955,133.42,103.308,163.66,90.65,178.061,140.285,81.68,97.048,144.279,148.0,49.818,163.15,87.724,47.746,142.303,175.135,123.126,89.012,139.646,163.199,207.33,241.0,-999.0,-999.0,
1963,83.497,110.18,81.607,52.081,150.062,130.0,-999.0,5.448,78.857,145.218,123.183,129.505,137.154,119.095,113.657,46.232,182.119,176.0,140.715,149.479,158.571,68.143,113.175,156.807,141.311,157.612,167.658,129.094,107.375,150.681,91.085,174.724,136.582,92.849,95.78,145.683,144.0,67.147,154.346,101.306,60.983,139.391,164.622,124.458,91.156,140.329,152.486,196.927,228.0,-999.0,-999.0,
1964,65.517,139.606,70.754,56.636,174.562,124.0,-999.0,4.67,61.363,182.393,127.573,129.112,145.579,128.629,103.053,29.171,189.525,166.0,140.713,149.365,166.836,49.594,116.554,183.87,161.135,176.868,169.174,129.426,120.673,153.61,80.848,185.98,128.098,96.741,113.63,137.386,136.0,45.724,170.49,90.829,53.952,158.177,170.317,113.375,110.259,138.602,161.226,224.352,234.0,-999.0,-999.0,
1965,63.833,108.803,62.858,47.027,158.751,140.0,-999.0,4.567,65.114,162.203,118.527,119.986,144.64,116.788,98.189,24.502,195.7,146.0,160.61,152.862,173.882,48.58,103.812,184.246,151.708,184.042,168.876,125.839,102.686,153.146,86.082,196.94,130.476,83.2,102.324,135.803,151.0,52.13,169.555,87.888,44.516,136.626,178.029,109.373,97.499,125.895,162.223,210.462,229.0,-999.0,-999.0,
1966,59.794,118.183,71.92,47.747,163.734,135.0,-999.0,8.298,67.032,160.673,129.659,127.869,153.425,130.156,103.62,31.235,181.451,169.0,148.955,164.125,183.216,51.87,117.023,179.626,163.15,170.265,172.104,130.522,108.113,156.59,94.3,194.092,135.935,88.854,89.091,146.919,131.0,55.313,177.753,94.37,57.864,144.751,173.724,123.515,90.283,140.654,170.917,213.038,231.0,-999.0,-999.0,
1967,58.833,121.309,68.05,49.565,164.539,141.0,-999.0,4.11,64.137,161.017,116.983,118.643,151.132,120.236,97.1,26.187,193.529,154.0,154.268,158.376,183.108,52.192,107.599,174.703,160.97,172.563,175.313,133.246,108.864,155.769,84.363,198.111,127.626,79.864,93.702,129.282,154.0,42.426,172.465,88.511,48.729,147.097,172.38,113.052,99.011,128.531,169.809,192.029,240.0,-999.0,-999.0,
1968,89.027,107.169,80.304,48.342,176.002,128.0,-999.0,10.241,91.441,163.606,122.471,119.012,146.469,121.525,107.486,35.786,175.929,152.0,135.633,144.14,166.736,67.948,115.856,180.275,153.977,159.934,162.996,121.399,108.11,145.405,101.523,185.476,126.09,87.844,90.346,129.074,115.0,72.356,166.956,104.525,55.513,148.946,156.931,120.365,95.781,133.555,153.806,221.068,244.0,-999.0,-999.0,
1969,79.941,110.04,72.632,46.78,166.657,138.0,-999.0,3.24,78.553,168.8,136.718,133.911,152.074,129.383,112.047,23.509,182.717,164.0,141.401,157.341,172.138,56.049,118.637,180.117,159.587,168.293,162.38,126.443,110.636,156.88,97.746,188.824,142.194,87.139,107.49,145.674,148.0,64.922,170.012,100.925,42.937,145.377,163.478,120.757,113.881,142.558,167.244,203.392,238.0,-999.0,-999.0,
1970,71.44,125.09,68.149,41.842,180.464,137.0,-999.0,10.964,66.175,165.958,124.142,119.5,148.836,134.753,102.144,30.81,165.264,143.0,143.415,152.78,180.27,53.698,114.148,194.481,173.446,183.04,158.133,123.948,126.164,151.07,83.645,200.366,127.309,95.073,105.741,129.74,144.0,58.528,181.615,86.103,51.405,155.7,158.209,112.578,120.592,120.92,158.073,224.352,242.0,-999.0,-999.0,
1971,61.435,118.098,60.912,59.567,167.568,115.0,-999.0,7.507,60.358,160.783,122.452,117.609,147.456,124.391,98.472,20.194,183.468,153.0,155.64,155.775,175.359,41.0,109.079,178.586,153.291,180.553,167.13,116.385,99.299,154.433,78.626,184.751,136.491,86.481,105.09,137.775,145.0,48.058,167.58,81.919,40.304,155.065,164.443,114.547,109.29,122.256,159.401,210.614,233.0,-999.0,-999.0,
1972,52.627,104.864,63.886,56.227,152.113,-999.0,-999.0,2.872,49.294,150.038,130.414,121.951,153.814,123.574,93.48,21.916,207.521,152.0,161.687,167.453,178.337,41.701,111.789,180.697,155.915,162.63,175.117,125.871,121.249,161.123,71.032,195.169,136.034,92.997,95.981,140.085,150.0,35.12,172.285,78.539,55.006,140.569,181.076,107.476,103.559,122.518,167.932,198.745,242.0,-999.0,-999.0,
1973,62.799,111.46,52.977,41.672,159.946,114.0,-999.0,8.722,55.945,159.301,99.376,100.068,121.931,110.214,86.554,25.34,184.175,138.0,125.386,134.129,163.801,44.851,92.401,176.799,143.804,166.661,148.639,103.458,126.494,128.953,78.426,187.074,108.527,69.103,87.526,107.85,114.0,50.975,158.367,75.069,48.393,152.876,148.189,104.177,97.49,109.087,144.487,219.15,235.0,-999.0,-999.0,
1974,55.991,108.711,54.642,45.176,154.128,134.0,-999.0,5.946,50.877,155.887,116.774,113.215,145.797,114.579,94.44,16.25,204.457,157.0,147.475,160.051,180.246,41.991,100.294,168.713,145.835,162.756,170.538,127.119,119.712,159.889,70.682,195.085,130.338,75.98,90.533,141.37,139.0,36.466,169.706,77.476,45.393,144.191,160.425,113.452,92.997,123.7,168.407,220.917,-999.0,-999.0,-999.0,
1975,63.034,131.517,66.636,55.159,174.726,137.0,-999.0,6.21,55.516,167.021,124.381,116.937,152.188,132.641,97.376,24.383,182.299,148.0,143.745,154.315,168.96,46.144,116.411,183.494,157.691,172.371,158.9,114.413,135.154,146.303,77.773,180.704,130.833,87.946,103.692,136.801,129.0,39.543,165.292,83.086,49.993,166.599,163.068,111.296,116.816,127.109,160.615,221.169,239.0,-999.0,-999.0,
1976,84.843,113.86,71.346,59.243,174.707,146.0,-999.0,9.761,71.874,173.016,140.579,136.296,157.718,133.916,123.99,31.266,184.768,160.0,145.567,175.347,183.231,58.766,121.556,173.807,158.201,177.622,171.56,134.311,122.249,163.905,97.037,196.812,142.294,87.751,106.719,151.278,155.0,54.315,174.612,104.549,52.857,155.848,175.002,128.012,112.065,147.521,180.517,199.906,228.0,-999.0,-999.0,
1977,75.803,106.005,69.443,41.596,160.483,129.0,-999.0,16.632,73.781,159.949,116.276,109.644,130.196,118.569,100.755,32.867,175.194,152.0,130.772,147.189,149.806,55.961,103.05,166.218,143.465,167.137,155.579,116.256,122.428,145.871,88.842,173.278,123.02,82.848,98.405,132.296,129.0,66.998,153.603,93.81,46.434,142.055,155.833,109.627,109.461,125.515,147.467,194.957,228.0,-999.0,-999.0,
1978,86.362,89.217,86.758,41.96,155.926,135.0,-999.0,10.036,71.031,153.617,130.757,122.117,148.192,129.201,107.658,40.135,202.562,170.0,154.941,168.57,168.027,68.128,114.874,172.969,151.662,150.649,182.88,132.256,104.486,161.938,90.73,176.87,136.384,106.131,99.707,145.992,162.0,62.948,164.467,100.525,62.96,130.969,180.404,130.12,106.006,132.335,166.802,206.826,224.0,-999.0,-999.0,
1979,73.787,119.263,82.726,42.688,167.567,129.0,-999.0,8.524,65.494,153.687,126.606,124.564,154.28,130.866,107.253,36.86,175.781,156.0,111.875,157.7,183.598,64.409,123.923,180.381,162.043,154.801,149.243,111.715,121.79,137.698,88.602,198.185,127.657,94.109,88.998,129.958,114.0,53.19,179.245,99.766,60.045,150.977,145.587,114.996,103.527,135.14,164.408,207.735,228.0,-999.0,-999.0,
1980,69.919,97.75,75.622,36.95,168.686,124.0,-999.0,7.729,65.556,147.093,133.499,127.364,154.774,126.85,108.066,32.026,193.863,156.0,149.823,162.977,176.734,54.225,118.033,158.649,154.818,143.501,157.447,125.653,116.89,157.445,90.963,185.78,137.306,85.981,85.383,140.66,146.0,54.28,170.544,96.432,49.653,137.566,167.716,116.658,100.782,139.466,170.505,197.078,249.0,-999.0,-999.0,
1981,67.519,92.327,69.444,31.231,146.634,136.0,-999.0,17.947,72.266,154.063,123.719,122.822,134.646,108.556,106.798,26.641,180.644,161.0,143.658,160.01,162.704,55.275,103.043,163.796,138.933,160.584,148.817,123.518,106.568,144.693,104.849,179.165,132.964,66.785,77.195,140.347,143.0,64.252,155.521,96.785,36.25,131.19,158.501,123.885,99.627,152.294,159.672,186.724,229.0,-999.0,-999.0,
1982,52.772,91.058,64.872,48.66,159.663,122.0,-999.0,6.551,50.456,166.956,120.58,113.453,139.943,125.683,95.797,22.621,189.419,150.0,149.42,152.089,165.121,46.309,105.104,182.588,154.757,167.085,154.925,122.262,114.152,139.414,78.873,178.83,123.957,80.522,105.923,134.749,137.0,38.086,161.684,84.453,46.581,150.056,163.991,114.738,113.979,127.927,154.38,201.119,222.0,-999.0,-999.0,
1983,60.233,88.903,67.32,32.89,161.099,112.0,-999.0,7.538,68.399,140.643,116.824,109.982,147.086,122.612,94.758,25.476,169.183,-999.0,135.287,156.545,171.879,47.44,102.794,175.329,152.304,131.693,150.917,111.685,117.765,136.047,85.225,184.119,122.748,72.652,74.429,129.818,120.0,48.496,169.225,87.841,52.199,136.481,161.143,118.4,84.984,133.52,156.684,213.42,232.0,-999.0,-999.0,
1984,59.495,103.107,63.764,39.234,172.328,117.0,-999.0,5.097,63.816,171.637,118.521,109.951,150.993,127.339,91.434,25.237,179.474,133.0,141.399,153.207,172.351,49.243,102.159,182.008,161.74,175.101,150.985,114.362,126.319,135.324,80.834,184.395,122.075,75.275,90.69,132.524,125.0,45.964,168.574,86.464,44.059,163.027,151.954,105.708,103.342,115.555,156.396,220.087,235.0,-999.0,-999.0,
1985,73.166,87.268,71.252,55.401,154.67,122.0,-999.0,12.486,64.216,178.438,115.05,105.129,143.395,121.415,90.106,36.912,179.435,134.0,142.148,147.311,167.595,56.551,105.881,177.674,156.354,182.882,157.194,114.287,113.137,138.417,78.938,177.724,115.912,86.834,132.166,133.863,135.0,53.737,160.331,87.71,55.031,141.997,157.583,104.296,131.85,110.244,148.006,200.161,226.0,-999.0,-999.0,
1986,58.901,80.981,56.729,31.835,145.816,135.0,-999.0,5.411,52.199,142.802,114.845,102.602,138.753,111.149,80.847,20.671,187.37,146.0,150.078,153.253,162.481,44.919,100.076,158.906,143.171,167.08,161.203,124.11,100.396,144.221,76.349,168.641,121.06,64.005,80.415,137.433,146.0,40.453,150.739,74.082,35.924,123.66,156.844,112.068,89.982,115.231,152.63,188.694,220.0,-999.0,-999.0,
1987,63.921,100.245,56.829,44.412,158.672,105.0,-999.0,5.042,56.96,151.326,115.056,112.329,136.891,108.688,94.261,23.301,177.851,162.0,147.53,143.953,159.847,46.084,102.431,157.873,146.955,155.764,168.713,127.659,120.016,137.389,92.248,167.262,128.117,70.826,89.761,146.281,145.0,45.434,158.709,80.637,42.298,133.332,142.021,127.872,95.602,137.485,149.538,191.725,226.0,-999.0,-999.0,
1988,70.573,99.248,70.141,40.691,163.191,131.0,-999.0,6.645,70.784,145.802,136.537,125.952,158.184,121.686,108.843,30.834,170.19,155.0,143.594,154.671,178.071,55.421,126.352,158.034,159.897,172.693,160.185,123.978,123.928,148.486,96.679,187.712,140.558,92.395,91.459,149.608,143.0,57.526,165.921,95.779,51.486,138.138,155.454,135.428,90.004,142.658,165.307,203.695,210.0,-999.0,-999.0,
1989,56.752,90.988,72.744,50.578,162.128,123.0,-999.0,9.08,55.25,150.468,133.801,123.368,160.682,126.457,104.787,35.385,177.392,157.0,138.856,165.34,181.702,52.441,122.092,169.364,159.539,166.986,158.814,131.217,104.951,150.951,81.655,189.383,136.284,85.887,95.707,148.575,146.0,44.175,169.503,87.811,53.831,134.494,157.942,131.569,91.31,131.149,165.807,181.169,213.0,-999.0,-999.0,
1990,50.115,101.092,46.54,61.455,158.089,117.0,-999.0,1.557,40.762,147.756,118.12,103.941,148.903,110.503,80.438,13.441,165.737,133.0,121.532,152.117,177.575,30.422,105.594,171.062,155.832,163.581,144.144,105.178,112.194,126.359,59.195,195.824,115.216,68.046,88.58,122.663,118.0,21.715,171.85,63.744,34.487,127.585,143.817,100.71,88.624,111.313,159.524,193.139,221.0,-999.0,-999.0,
1991,63.226,103.164,58.465,42.687,166.474,117.0,-999.0,3.316,43.794,153.803,116.698,109.399,148.102,118.952,91.657,18.109,173.974,135.0,135.144,150.107,173.243,44.016,105.542,170.825,154.23,175.435,156.373,110.188,112.195,130.505,64.712,190.029,122.55,74.405,86.158,133.937,127.0,32.993,169.761,73.662,34.856,148.104,146.106,113.224,94.595,122.822,160.576,204.453,226.0,-999.0,-999.0,
1992,57.581,96.687,53.006,36.489,154.785,132.0,-999.0,3.557,51.999,141.348,110.819,104.036,143.999,107.172,91.986,15.927,193.422,-999.0,152.289,162.778,175.62,37.038,102.536,170.521,146.159,159.461,175.428,121.57,113.129,143.253,78.519,188.49,121.727,58.852,70.235,131.606,138.0,38.216,170.948,77.326,30.732,124.652,161.395,109.961,77.926,131.143,161.335,178.291,248.0,-999.0,-999.0,
1993,60.59,91.342,73.318,40.543,168.777,99.0,-999.0,4.923,55.976,154.964,121.951,119.135,154.202,131.305,105.413,21.31,183.206,148.0,149.062,163.265,177.864,44.69,115.3,170.444,157.159,158.007,157.821,123.881,115.132,152.704,86.475,193.148,128.15,93.248,102.762,133.62,137.0,40.681,171.022,88.784,44.158,140.557,144.315,123.596,106.399,134.982,164.983,197.937,213.0,-999.0,-999.0,
1994,50.756,96.362,59.141,44.168,157.02,115.0,-999.0,2.393,42.717,146.22,111.994,107.74,141.583,120.018,89.03,22.927,174.191,151.0,136.411,151.489,162.301,40.546,101.275,166.536,151.011,157.538,164.721,121.958,107.434,148.171,71.381,175.332,128.045,79.762,88.751,141.559,136.0,31.849,159.202,75.264,36.691,133.146,150.164,117.343,84.36,142.459,149.205,187.028,229.0,-999.0,-999.0,
1995,66.132,86.766,66.363,27.137,162.1,-999.0,-999.0,6.963,60.475,132.714,126.738,116.996,148.123,120.608,98.858,23.774,186.13,152.0,139.295,159.684,170.836,48.891,112.447,168.089,155.697,146.504,163.943,127.963,103.548,149.719,87.33,187.726,137.303,74.71,72.319,140.44,131.0,47.011,166.666,87.139,36.217,130.4,148.372,128.526,83.271,144.544,164.164,196.826,212.0,-999.0,-999.0,
1996,74.858,95.723,67.598,29.985,168.106,-999.0,-999.0,9.405,63.867,151.092,138.472,126.598,158.256,133.705,107.672,35.481,183.178,145.0,141.515,167.078,178.461,54.035,117.837,180.287,164.904,148.496,164.405,118.86,107.58,152.663,91.095,198.274,140.42,86.333,83.387,137.707,136.0,59.071,178.514,91.816,51.037,137.968,161.692,115.553,97.204,141.268,173.398,188.543,239.0,-999.0,-999.0,
1997,54.65,101.338,55.912,33.396,169.86,122.0,-999.0,3.141,40.542,152.471,130.202,119.009,157.089,125.519,95.349,20.437,190.6,156.0,152.223,164.704,182.038,41.346,111.828,168.983,160.697,160.784,172.083,122.372,115.755,155.681,70.214,186.907,137.143,91.431,89.126,146.588,138.0,38.75,171.156,75.608,43.214,136.458,170.168,118.941,87.699,141.588,169.301,197.028,227.0,-999.0,-999.0,
1998,47.403,105.626,43.288,39.65,156.085,-999.0,-999.0,1.665,35.611,134.547,96.933,89.412,120.337,103.912,74.084,11.135,162.393,127.0,121.023,124.284,141.741,33.85,85.712,167.288,136.961,153.898,132.649,91.762,103.506,123.416,57.247,172.578,105.194,68.343,75.446,111.022,112.0,26.682,147.972,56.272,30.865,131.646,128.999,102.02,71.182,122.689,132.733,190.411,231.0,-999.0,-999.0,
1999,59.806,101.753,51.248,44.307,164.952,-999.0,-999.0,3.888,50.464,159.942,118.885,104.805,139.505,112.635,91.375,19.275,167.194,145.0,132.475,145.721,154.336,39.464,96.059,172.807,151.55,169.952,147.826,114.705,102.191,143.295,77.308,178.747,126.259,62.337,90.832,128.171,126.0,42.287,158.754,75.509,33.613,138.842,153.216,115.254,85.137,136.452,143.513,202.483,229.0,-999.0,-999.0,
2000,69.561,95.424,69.777,35.719,156.404,-999.0,-999.0,6.454,57.398,156.444,123.445,115.096,139.282,125.313,101.74,26.201,164.352,144.0,131.845,142.434,154.613,53.152,109.743,175.656,149.827,161.687,143.145,116.481,107.52,143.439,88.632,178.651,127.434,95.018,93.682,134.286,120.0,51.34,157.738,87.172,42.022,123.41,158.701,126.752,105.092,143.019,147.381,187.231,231.0,-999.0,-999.0,
2001,57.875,94.979,58.122,37.106,152.938,-999.0,-999.0,7.56,48.2,152.893,115.955,101.156,137.068,117.519,90.683,21.578,178.87,139.0,142.74,136.843,153.324,41.802,103.702,170.888,143.972,156.284,155.386,110.756,101.907,141.932,82.485,181.664,120.314,76.175,94.379,134.865,125.0,39.773,156.529,77.402,40.764,123.536,168.901,121.258,97.265,138.63,144.044,182.685,224.0,-999.0,-999.0,
2002,70.283,99.71,73.212,41.503,173.081,-999.0,-999.0,4.541,59.987,160.549,125.521,110.567,159.477,129.415,93.606,26.296,186.616,140.0,142.408,164.854,182.128,51.533,114.126,189.567,162.951,170.599,165.497,116.534,115.196,151.022,82.628,208.788,123.087,86.481,95.635,134.044,131.0,47.573,178.635,86.992,47.697,142.084,176.12,118.079,104.943,129.066,170.554,197.533,226.0,-999.0,-999.0,
2003,64.643,88.593,71.295,34.571,153.258,122.0,-999.0,6.475,54.223,139.01,121.623,109.105,144.176,115.966,87.627,26.609,172.647,134.0,143.4,154.554,162.443,51.342,106.501,165.24,146.755,147.753,147.354,117.28,103.34,149.311,79.819,178.119,125.031,92.136,78.711,132.271,132.0,46.964,153.523,79.305,44.175,125.33,161.01,120.814,85.731,124.453,156.484,176.321,229.0,-999.0,-999.0,
2004,58.779,87.964,59.385,36.396,150.865,112.0,-999.0,3.75,51.3,137.831,111.34,101.875,138.812,107.93,86.675,23.571,175.271,125.0,136.029,143.147,159.611,46.112,92.213,170.445,142.378,145.981,150.931,97.236,95.333,137.599,88.825,186.796,114.286,63.644,75.562,122.384,131.0,50.961,157.439,76.997,36.095,118.332,164.709,104.931,81.277,122.143,148.241,175.563,236.0,-999.0,-999.0,
2005,60.732,71.681,58.891,30.753,157.587,90.0,-999.0,2.635,50.545,141.676,114.884,104.727,146.022,116.278,91.416,18.488,168.016,-999.0,140.338,150.755,157.28,42.186,103.44,162.487,154.871,150.736,154.711,112.001,103.148,144.507,88.078,175.629,120.562,70.771,89.516,129.158,136.0,40.153,159.863,77.14,35.063,119.574,156.393,109.891,92.283,132.174,151.069,179.048,208.0,-999.0,-999.0,
2006,56.418,100.201,58.055,41.349,161.944,97.0,-999.0,2.892,42.968,145.878,107.857,98.132,140.757,114.73,81.336,22.019,163.774,130.0,123.942,139.548,160.597,42.835,95.339,165.883,158.03,165.658,141.708,100.799,104.916,126.091,75.135,184.235,110.403,70.873,83.514,123.409,126.0,33.429,163.62,77.674,39.489,136.915,138.055,114.017,92.842,126.183,148.959,185.917,214.0,-999.0,-999.0,
2007,58.591,96.334,69.003,48.879,153.885,133.0,-999.0,3.123,47.811,147.09,122.944,111.37,143.656,121.427,92.813,20.45,180.293,121.0,142.595,146.423,158.938,47.837,112.395,157.829,144.948,166.26,162.486,111.582,106.714,148.764,79.776,170.865,123.236,87.186,94.518,135.342,144.0,39.664,155.507,80.723,49.543,128.795,161.416,114.196,109.778,123.076,147.802,185.714,224.0,-999.0,-999.0,
2008,69.772,101.888,83.795,40.983,176.828,142.0,-999.0,3.578,54.178,163.33,125.568,117.738,153.461,133.228,98.837,24.995,173.962,123.0,141.599,155.234,173.763,54.599,119.572,180.862,164.445,179.79,162.353,114.425,117.588,146.753,77.389,193.613,133.115,87.352,105.679,136.892,131.0,44.458,177.071,89.363,50.853,146.063,157.716,116.661,111.653,130.501,161.372,192.307,226.0,-999.0,-999.0,
2009,58.155,90.665,71.009,43.145,166.925,120.0,-999.0,6.34,56.131,166.71,112.598,108.937,147.069,125.692,86.965,22.086,173.099,113.0,137.282,151.405,164.996,47.067,104.538,183.396,157.747,169.519,155.442,111.181,114.996,138.757,79.099,185.56,123.368,85.823,110.57,132.272,119.0,45.488,166.032,79.601,45.394,135.297,154.869,112.12,117.832,123.277,159.686,-999.0,222.0,-999.0,-999.0,
2010,78.27,101.873,79.981,33.204,162.905,111.0,-999.0,18.921,81.897,146.714,121.731,116.93,140.482,124.926,97.657,38.25,153.069,158.0,125.859,146.152,149.085,68.497,106.413,172.293,147.871,164.825,145.454,104.97,117.255,140.245,98.81,172.987,130.576,85.008,76.344,136.621,134.0,70.015,153.083,94.434,51.777,133.175,150.384,128.263,83.19,138.18,148.166,184.529,222.0,-999.0,-999.0,
2011,61.077,104.798,64.368,48.258,167.05,124.0,-999.0,3.537,53.696,168.403,113.936,100.819,154.182,127.518,85.26,29.11,158.114,141.0,129.926,145.137,173.013,50.734,101.089,173.654,158.839,166.435,144.432,104.285,117.334,133.517,81.453,185.843,116.624,87.288,98.478,123.028,122.0,40.889,168.706,77.011,50.608,142.115,145.587,114.585,115.237,125.225,159.901,186.751,231.0,-999.0,-999.0,
2012,46.456,103.149,57.593,38.521,146.578,107.0,-999.0,4.906,35.342,143.09,112.306,99.838,136.151,109.698,88.998,18.154,165.235,144.0,124.771,141.136,157.321,38.293,89.437,167.205,142.999,153.176,142.651,91.31,98.597,130.674,65.81,171.414,115.009,67.184,80.378,123.809,115.0,29.97,150.088,70.779,37.249,123.736,143.951,112.204,96.471,124.567,146.165,186.751,237.0,-999.0,-999.0,
2013,61.466,107.885,82.232,53.9,177.231,135.0,-999.0,2.558,52.678,163.077,137.596,130.921,168.09,145.541,111.648,25.607,176.264,159.0,147.918,159.044,189.623,56.846,122.532,179.878,178.843,179.829,162.628,117.268,120.531,147.713,90.609,199.462,140.452,104.314,101.962,141.466,134.0,47.016,187.494,97.691,54.179,143.556,165.494,135.457,110.129,141.291,173.68,182.079,213.0,-999.0,-999.0,
2014,76.189,87.582,89.914,28.422,163.636,134.0,-999.0,3.407,60.476,135.783,133.991,125.467,152.621,134.613,105.481,35.041,167.297,154.0,138.56,162.648,168.765,63.699,118.148,166.318,163.925,152.531,150.773,117.741,107.904,149.37,92.861,185.516,131.384,97.391,73.242,139.48,131.0,52.605,170.269,99.211,54.081,120.186,152.76,131.923,92.868,132.588,165.774,165.564,234.0,-999.0,-999.0,
2015,56.375,92.848,65.868,35.656,144.741,123.0,-999.0,2.666,47.558,131.072,113.188,103.193,134.851,113.718,86.722,23.197,174.042,136.0,130.403,139.452,147.477,46.7,90.555,157.354,145.344,148.68,149.717,110.686,95.452,137.545,71.511,176.746,118.118,76.527,63.186,120.097,123.0,38.617,152.436,77.219,40.671,112.883,148.681,105.383,82.236,116.699,145.5,171.195,231.0,-999.0,-999.0,
2016,56.265,93.997,59.846,33.277,150.698,120.0,-999.0,3.005,48.233,120.082,105.63,102.622,131.434,114.898,87.297,16.901,167.317,129.0,139.418,135.756,149.509,46.611,89.836,151.252,141.696,144.33,151.129,112.738,92.247,144.247,74.949,166.494,121.209,73.997,66.117,124.91,126.0,38.141,151.638,76.837,35.653,114.94,157.357,111.625,74.229,120.856,138.827,170.084,220.0,-999.0,-999.0,
2017,46.757,79.05,53.299,35.551,146.744,115.0,-999.0,1.975,40.16,145.747,105.53,96.41,134.183,110.072,72.635,14.239,167.706,116.0,128.961,137.66,158.968,38.361,88.577,165.97,146.796,156.802,150.4,99.8,80.434,138.012,71.163,180.986,106.967,59.408,90.997,116.945,113.0,32.432,159.686,65.139,29.132,116.777,149.174,97.7,110.085,106.09,146.571,177.179,214.0,-999.0,-999.0,
2018,53.549,95.724,73.952,33.289,168.703,133.0,-999.0,5.165,56.695,150.375,140.872,127.479,164.73,141.106,90.718,24.822,178.003,144.0,146.626,166.687,183.467,54.622,119.224,182.062,168.082,154.724,167.236,121.103,97.466,153.382,77.515,197.788,138.328,100.922,84.889,137.007,123.0,46.074,180.811,78.06,46.877,132.153,167.557,119.362,97.356,133.529,177.774,181.574,224.0,-999.0,-999.0,
2019,48.667,96.732,66.485,35.175,174.364,136.0,-999.0,1.416,37.472,159.312,132.377,116.455,158.744,137.281,80.156,20.133,173.101,144.0,150.143,155.355,176.36,42.12,110.898,182.437,164.904,143.13,159.912,114.886,108.927,143.578,64.928,189.408,122.12,84.053,104.199,127.954,131.0,27.419,173.808,70.49,41.945,139.355,161.975,112.193,113.264,122.966,166.116,184.476,219.0,-999.0,-999.0,
2020,44.603,94.111,49.187,35.288,158.774,116.0,-999.0,2.843,35.491,143.995,114.829,104.367,153.714,121.462,66.371,12.692,152.157,131.0,130.635,155.333,171.696,33.798,99.559,174.464,149.965,165.009,138.108,93.257,87.846,136.814,58.948,188.513,116.453,74.804,81.521,128.95,86.0,26.657,170.179,56.155,34.231,128.925,160.451,90.344,94.41,118.697,165.293,153.569,189.0,-999.0,-999.0,
