Year,AK,AL,AR,AZ,CA,CO,CT,DE,FL,GA,HI,IA,ID,IL,IN,KS,KY,LA,MA,MD,ME,MI,MN,MO,MS,MT,NC,ND,NE,NH,NJ,NM,NV,NY,OH,OK,OR,PA,RI,SC,SD,TN,TX,UT,VA,VT,WA,WI,WV,WY
1895,-999.0,89.23,88.27,89.47,85.7,77.23,78.2,83.5,89.83,89.4,-999.0,83.97,75.93,85.87,86.4,86.27,86.37,90.27,77.33,83.93,74.23,79.33,77.3,85.53,89.87,74.77,85.97,77.1,83.17,75.7,81.97,83.27,83.9,77.47,85.0,90.37,74.63,80.77,76.7,89.13,81.9,86.83,91.7,81.07,84.6,74.87,73.7,80.1,83.33,73.53
1896,-999.0,91.17,93.03,90.8,87.63,80.77,77.63,82.87,90.4,90.2,-999.0,83.03,78.33,84.43,83.57,89.77,85.47,93.5,77.27,83.4,73.47,77.73,78.83,87.0,92.67,77.77,86.03,78.6,84.63,75.77,81.33,86.67,84.8,77.27,81.87,95.57,76.77,79.1,76.73,89.63,82.93,87.1,95.13,82.83,83.83,75.0,75.43,80.1,81.97,77.3
1897,-999.0,92.1,91.67,90.8,86.7,79.67,75.77,81.0,91.3,90.97,-999.0,82.47,77.63,84.73,83.83,89.63,86.23,92.37,75.27,81.7,71.1,76.07,76.33,87.37,92.6,76.17,86.23,77.6,84.27,73.9,79.4,84.37,83.33,75.1,81.93,92.73,74.17,77.83,74.9,90.07,80.8,88.23,94.13,81.5,84.63,73.57,74.23,77.63,82.17,76.47
1898,-999.0,90.53,89.57,91.83,87.8,80.17,79.2,84.17,90.73,89.5,-999.0,83.63,79.57,84.83,85.53,88.57,87.53,90.07,77.93,84.93,73.03,78.47,77.6,86.43,90.8,76.43,86.67,78.23,85.53,76.33,82.2,84.13,85.73,78.53,84.6,90.73,76.83,81.53,77.23,90.13,83.43,88.13,91.97,84.47,85.23,75.93,75.97,80.0,83.7,78.8
1899,-999.0,92.07,90.9,90.67,86.0,79.07,79.5,83.73,90.9,91.63,-999.0,83.8,75.17,86.07,86.4,88.73,88.37,92.7,78.73,84.43,73.43,78.73,78.0,87.83,92.67,74.03,87.27,77.47,84.93,76.8,81.97,85.2,82.3,78.9,85.17,92.33,72.6,81.27,78.33,91.43,82.7,89.77,94.1,81.17,86.1,76.4,71.47,79.83,84.23,76.47
1900,-999.0,89.77,89.13,92.6,86.43,81.63,80.83,86.2,90.9,90.67,-999.0,85.0,78.17,85.97,85.27,90.57,87.77,89.5,79.63,86.57,74.87,78.53,80.23,87.87,89.77,78.67,89.03,81.63,87.13,77.37,83.83,87.43,84.3,79.43,84.53,92.17,74.53,82.5,79.1,91.17,84.73,87.47,92.17,84.1,87.2,76.33,73.93,80.6,85.2,79.2
1901,-999.0,91.93,93.93,92.47,87.73,81.4,79.83,84.83,89.63,89.77,-999.0,89.37,77.17,89.93,88.07,94.33,88.9,92.73,79.2,84.57,74.33,79.6,79.87,94.47,92.97,75.93,85.77,78.8,89.03,77.37,82.7,86.47,83.47,78.8,85.3,96.27,75.13,81.37,78.2,89.0,84.7,89.3,95.7,83.47,84.4,76.8,73.37,82.0,83.93,76.77
1902,-999.0,95.1,90.27,92.87,86.6,79.97,76.33,83.33,91.9,92.77,-999.0,78.93,75.4,82.47,82.9,87.03,87.3,93.47,74.57,83.33,69.83,74.57,75.67,84.9,94.43,73.23,87.53,75.5,81.67,71.7,80.17,86.13,83.37,73.8,81.5,92.3,74.5,77.87,74.8,90.93,79.57,89.5,94.07,82.93,84.7,71.03,73.1,75.97,82.27,75.2
1903,-999.0,89.63,86.73,91.83,86.6,77.0,73.63,80.17,90.27,89.67,-999.0,79.23,76.9,82.2,81.93,84.97,84.6,89.07,72.8,79.67,68.9,73.73,74.93,83.7,89.57,74.5,85.07,76.43,80.43,70.2,76.9,84.33,83.67,72.13,80.53,89.2,74.77,75.67,72.23,88.57,79.9,85.53,89.93,82.5,82.0,70.33,73.5,75.27,80.47,75.3
1904,-999.0,90.5,87.43,90.8,87.23,76.17,77.03,81.47,89.87,89.87,-999.0,80.03,76.83,81.93,82.37,84.7,85.63,89.9,76.3,81.53,72.4,75.13,74.37,83.3,90.33,76.0,85.3,75.4,81.4,74.47,79.43,83.67,83.37,75.67,81.0,89.0,76.83,78.2,74.83,88.93,79.97,86.37,90.83,80.93,82.57,74.33,75.57,76.1,81.23,74.37
1905,-999.0,90.77,87.47,92.5,87.3,79.07,77.57,81.97,90.33,90.57,-999.0,82.27,76.83,84.4,83.53,88.17,85.7,90.53,76.63,82.0,72.33,76.13,75.83,85.43,90.4,75.27,85.4,76.53,82.83,74.4,80.27,84.93,84.83,75.7,82.17,90.07,77.3,78.5,75.73,89.5,79.37,86.57,92.0,82.8,83.27,73.7,74.47,76.73,81.63,75.23
1906,-999.0,90.9,87.6,90.73,86.77,76.53,78.8,81.97,89.4,89.8,-999.0,82.57,76.3,84.87,84.3,86.03,85.9,91.57,78.07,82.43,74.57,77.53,76.53,85.1,91.13,74.8,85.23,77.2,82.83,76.63,80.97,83.3,83.8,78.0,83.03,87.17,77.9,80.1,76.73,88.73,79.77,86.53,90.77,80.47,83.43,76.57,76.2,78.27,82.17,73.77
1907,-999.0,91.17,90.57,89.33,83.73,76.83,77.63,79.77,90.23,90.8,-999.0,80.87,72.37,82.53,81.4,88.07,84.97,91.6,77.17,79.77,72.13,75.63,76.3,85.87,91.7,72.23,84.73,76.83,83.97,74.87,78.93,83.73,79.83,75.63,79.93,90.83,73.67,77.03,76.03,89.3,80.73,87.53,93.27,78.73,81.3,74.43,72.43,76.77,79.2,73.7
1908,-999.0,91.23,88.53,90.7,86.67,77.1,80.23,82.77,90.1,90.57,-999.0,80.73,74.33,84.4,84.97,85.97,86.27,90.6,79.1,82.83,75.37,78.0,75.9,85.17,90.6,74.93,84.97,77.23,81.43,77.3,82.13,83.47,83.5,78.33,83.57,88.67,76.8,80.8,78.17,88.37,79.9,87.13,91.67,80.0,83.03,77.03,75.5,77.87,82.47,73.2
1909,-999.0,91.1,91.43,91.13,86.07,79.2,78.67,81.8,89.97,89.87,-999.0,82.97,77.0,84.93,83.23,89.03,85.43,91.83,77.5,82.13,73.83,77.97,78.37,87.7,91.67,75.87,85.0,78.43,85.47,75.33,80.77,85.83,85.23,76.43,81.83,93.5,75.5,79.33,76.87,88.7,82.7,87.17,94.07,82.83,83.1,74.93,73.77,79.47,81.57,77.7
1910,-999.0,88.97,87.5,93.27,87.63,80.37,78.3,81.2,88.73,88.17,-999.0,84.53,78.33,84.53,83.2,88.67,83.87,90.17,77.03,81.3,72.47,78.73,80.47,85.07,89.6,77.87,84.07,80.7,84.9,74.77,80.4,87.73,86.3,76.57,82.2,92.37,76.6,79.13,76.63,87.57,83.63,84.73,95.2,83.9,81.6,74.03,73.93,81.87,80.8,78.77
1911,-999.0,90.93,89.63,90.67,86.47,78.1,79.63,84.1,90.23,91.07,-999.0,86.97,75.83,87.07,85.57,91.73,87.43,91.13,78.33,84.67,75.0,78.67,78.8,89.53,90.57,74.43,88.3,77.73,86.83,76.4,81.93,84.37,84.03,78.17,84.1,93.73,76.73,81.1,77.83,91.4,83.93,87.43,94.8,81.47,85.77,76.43,75.2,79.93,83.9,76.37
1912,-999.0,88.73,88.27,89.57,84.43,75.97,78.47,81.87,89.23,88.57,-999.0,82.03,73.7,82.8,81.6,87.67,84.0,89.83,77.47,81.5,71.1,74.53,75.3,85.73,88.8,73.1,85.03,75.6,82.73,74.07,80.73,84.27,82.03,74.87,80.33,91.0,73.27,77.43,76.8,88.53,80.47,84.97,93.43,80.17,83.0,73.6,73.3,75.77,80.0,73.2
1913,-999.0,92.4,92.33,90.13,85.0,79.27,80.5,83.63,89.9,91.13,-999.0,86.93,74.77,89.27,87.7,94.0,89.9,90.57,79.07,83.67,73.8,79.17,78.93,92.53,92.4,76.13,86.13,79.97,88.5,76.87,82.6,84.6,80.9,78.0,85.03,94.63,74.5,80.97,77.67,90.27,84.9,90.47,92.67,80.9,83.63,76.23,74.77,79.43,83.0,76.2
1914,-999.0,93.3,91.9,90.1,86.23,77.97,77.0,84.37,91.4,92.03,-999.0,85.93,76.43,89.1,87.73,91.13,89.8,92.43,75.83,84.07,71.97,77.77,78.3,91.0,93.43,77.07,88.0,79.03,86.93,73.7,80.77,83.37,83.3,76.03,84.87,93.83,76.5,80.27,75.2,90.83,84.07,90.7,92.3,80.37,85.5,73.67,75.97,78.33,83.67,75.97
1915,-999.0,91.03,86.53,91.07,87.4,75.1,76.7,81.53,91.1,90.9,-999.0,77.07,76.23,79.4,79.13,81.27,82.97,91.27,75.07,81.37,72.37,72.57,73.33,81.53,91.03,72.2,85.2,73.47,77.47,73.27,79.27,84.0,84.77,74.83,78.27,86.1,76.67,76.9,74.6,88.9,74.93,85.43,92.17,81.83,81.93,73.8,76.2,73.27,79.13,71.83
1916,-999.0,89.2,90.83,90.83,85.4,78.37,77.47,81.53,89.3,88.67,-999.0,84.5,75.23,86.4,85.13,89.9,85.57,90.93,75.97,81.83,73.7,78.8,77.83,88.73,89.97,74.83,84.43,77.3,85.03,74.67,79.7,85.2,83.33,77.2,83.27,93.03,73.53,79.5,75.47,87.57,81.3,86.1,93.97,80.93,82.2,75.3,72.63,79.67,80.8,75.67
1917,-999.0,90.43,88.53,92.6,89.2,78.43,79.0,82.37,89.9,90.17,-999.0,81.47,77.57,82.87,82.07,89.2,84.0,92.13,78.03,82.63,73.2,74.33,76.5,85.53,91.43,77.7,85.53,80.07,84.73,75.5,81.4,86.73,86.27,76.07,80.83,91.87,78.2,78.97,77.3,88.97,82.43,85.4,95.83,83.2,83.2,75.43,76.0,75.97,80.8,75.87
1918,-999.0,91.73,93.23,91.03,88.47,79.93,78.33,82.93,90.3,90.77,-999.0,84.7,77.83,86.37,85.4,92.83,87.27,93.33,76.83,83.0,72.23,77.83,77.6,90.93,93.17,77.47,85.77,78.0,87.63,74.57,81.27,86.03,86.17,76.57,84.17,96.1,78.23,80.1,76.47,89.6,82.5,88.53,96.4,82.93,82.8,74.9,75.87,78.37,81.7,77.13
1919,-999.0,89.53,90.27,91.1,88.23,80.5,78.33,81.83,89.4,88.77,-999.0,84.7,80.4,87.03,87.0,89.17,87.87,90.27,77.83,82.7,74.83,80.1,78.8,88.0,90.67,81.97,85.83,82.53,86.27,77.2,80.5,84.13,87.87,78.2,84.87,90.9,78.63,80.6,76.43,87.83,84.57,88.03,90.53,85.37,83.13,76.6,75.63,79.9,82.57,81.1
1920,-999.0,88.73,87.47,90.6,86.77,77.17,77.27,81.7,89.3,89.17,-999.0,82.0,77.2,84.5,82.9,86.6,83.77,89.53,76.87,81.8,74.77,76.37,77.77,85.4,89.33,77.37,84.7,79.8,83.27,75.5,80.17,84.03,84.37,76.0,80.23,88.63,76.77,77.87,76.33,88.57,80.77,85.13,91.1,81.57,81.53,75.33,75.6,77.9,79.53,75.5
1921,-999.0,92.63,91.13,89.73,87.6,77.7,79.23,84.23,90.33,90.63,-999.0,86.03,78.03,87.8,87.67,89.0,88.9,91.93,78.4,84.4,75.7,81.7,81.7,88.6,92.97,79.27,86.77,82.33,86.4,77.13,82.33,82.93,85.6,79.2,85.1,90.9,77.2,81.2,77.33,89.6,86.13,89.23,92.77,81.9,84.53,77.43,74.8,82.73,82.93,77.87
1922,-999.0,90.47,90.5,92.4,88.03,81.03,77.9,81.6,89.43,89.67,-999.0,83.73,79.27,86.17,85.4,90.1,86.5,90.63,76.9,82.63,73.53,77.77,79.27,88.27,91.07,78.4,85.17,79.73,86.73,75.13,80.57,87.97,85.73,76.43,82.6,93.0,78.97,79.3,76.2,88.57,83.23,87.4,94.53,83.63,82.33,75.07,77.97,78.4,81.1,78.37
1923,-999.0,88.43,89.57,88.83,84.5,77.27,79.0,82.87,88.7,88.8,-999.0,83.4,75.3,85.5,84.6,88.07,85.9,89.63,77.8,83.97,71.83,78.37,79.83,87.0,89.1,75.83,86.9,79.17,82.9,74.87,82.23,85.23,82.17,77.4,82.97,93.3,75.23,80.6,76.7,88.93,80.97,86.5,94.03,80.3,84.13,74.7,75.47,80.0,81.43,75.67
1924,-999.0,92.27,91.23,93.3,88.27,80.23,78.63,81.3,91.57,91.87,-999.0,79.97,77.7,82.33,82.47,88.8,85.43,94.27,77.87,81.97,73.47,74.77,75.53,84.87,93.77,74.57,86.2,75.6,83.17,75.77,80.4,88.07,86.43,75.97,81.17,92.97,77.4,78.13,77.03,90.13,79.73,88.23,95.77,84.1,82.8,74.73,75.6,75.07,80.27,76.77
1925,60.3,93.4,93.13,90.1,87.1,77.83,80.0,85.37,90.0,93.07,-999.0,83.9,77.23,86.5,85.93,91.07,88.7,92.8,78.87,85.37,73.4,78.63,78.07,88.87,93.4,76.9,88.77,78.9,85.7,75.5,83.33,85.03,83.43,77.57,83.53,94.43,77.3,80.73,78.33,92.33,83.13,91.47,95.57,80.5,86.2,75.0,76.63,78.57,83.37,75.37
1926,62.37,90.23,90.33,92.63,89.73,79.1,77.6,82.5,89.8,90.13,-999.0,82.8,79.3,84.53,83.8,90.27,85.83,91.23,76.2,82.53,71.83,75.73,76.83,87.03,91.57,77.6,87.47,78.87,85.83,73.7,79.67,85.73,86.9,75.1,81.67,90.8,79.8,78.3,75.37,90.4,83.07,87.57,92.5,83.7,84.33,73.07,77.63,76.1,80.97,76.53
1927,60.53,90.17,87.47,90.63,87.23,75.77,75.53,79.73,91.53,89.3,-999.0,80.83,76.83,81.13,80.43,84.4,82.87,90.9,75.13,79.83,71.77,74.8,75.33,82.8,90.73,74.17,83.53,75.83,81.17,73.03,78.07,84.9,84.9,73.73,78.67,88.57,76.97,76.23,74.33,87.0,78.87,85.33,93.7,81.43,80.67,72.33,75.6,75.63,78.17,73.6
1928,58.23,89.67,88.1,92.07,87.8,76.87,77.67,83.37,89.97,89.13,-999.0,81.23,75.7,82.77,82.0,84.8,84.17,90.57,77.07,82.83,72.8,75.73,75.9,83.87,90.8,73.13,86.2,75.6,81.93,74.93,80.8,85.43,85.03,76.1,80.87,89.27,76.47,78.87,76.7,88.53,80.57,85.8,93.3,82.2,83.17,74.53,75.17,76.13,80.1,73.53
1929,59.3,90.97,91.3,91.27,87.97,79.43,79.2,83.0,89.37,89.57,-999.0,82.4,78.7,83.47,83.1,88.73,85.73,91.43,78.9,83.1,73.13,76.53,79.37,86.17,91.4,79.83,84.7,82.07,85.77,75.7,81.9,85.43,85.4,76.33,80.8,92.73,78.13,79.63,77.57,88.43,84.67,86.93,94.37,82.5,82.43,74.47,75.73,77.83,80.67,77.87
1930,58.87,92.83,94.53,91.3,88.0,79.33,80.13,85.7,89.5,90.73,-999.0,86.0,77.83,88.13,87.2,90.73,90.23,93.23,79.73,86.47,74.6,80.0,81.3,90.17,94.07,79.77,87.1,82.43,86.47,76.43,83.17,85.83,85.1,78.2,85.67,94.4,77.73,82.23,79.7,89.9,85.9,90.93,94.57,82.6,86.47,76.0,75.77,81.1,84.77,76.97
1931,58.53,91.77,89.67,92.0,89.33,82.0,79.43,84.1,91.57,92.47,-999.0,87.0,80.77,87.77,86.83,90.73,88.23,91.2,78.6,84.23,73.93,80.4,81.03,88.77,90.77,80.47,87.83,82.0,89.2,76.37,82.73,85.8,87.87,78.07,84.57,92.7,79.1,81.27,77.5,91.5,88.4,88.77,93.37,85.83,84.8,75.97,76.4,81.6,83.67,80.6
1932,56.93,91.57,92.0,91.47,87.53,79.57,79.37,84.63,90.77,90.7,-999.0,84.23,76.4,86.57,86.03,90.07,88.07,92.93,78.57,84.9,74.03,79.3,80.9,88.43,92.87,77.63,88.47,81.53,86.5,76.1,83.17,85.17,84.17,76.7,84.3,92.0,76.4,81.1,77.47,90.87,84.83,89.3,93.67,81.77,86.13,74.77,74.23,81.03,83.53,77.77
1933,57.77,90.63,90.73,93.3,88.7,81.4,79.57,83.93,89.83,90.57,-999.0,87.2,80.07,88.67,88.07,92.67,88.03,90.57,78.83,84.27,74.1,81.8,83.4,89.33,91.0,80.97,87.17,84.87,88.63,76.53,82.27,85.87,87.3,79.47,85.6,93.5,78.17,81.83,77.1,90.4,88.83,88.23,94.3,85.43,84.53,76.97,75.63,83.0,82.5,80.3
1934,58.2,91.17,96.2,91.8,86.97,83.07,79.87,84.83,89.97,91.27,-999.0,89.63,79.47,90.73,89.27,97.77,89.57,92.77,78.7,85.43,73.07,80.47,80.2,95.47,92.97,79.17,87.83,82.3,92.13,76.13,82.93,88.83,85.9,78.97,87.27,99.13,77.97,82.5,77.77,91.27,87.57,89.9,97.43,84.5,85.77,76.3,76.07,81.03,84.67,79.4
1935,58.67,90.67,90.67,92.53,88.43,80.8,79.47,83.0,90.33,90.2,-999.0,83.67,78.13,84.27,83.73,90.73,85.7,91.6,78.53,83.73,75.4,77.37,78.3,86.47,91.93,78.1,86.87,79.33,86.67,76.73,82.2,86.17,86.33,77.8,82.23,92.33,77.57,80.47,77.73,89.83,85.1,87.4,93.1,84.37,83.83,76.37,74.5,77.87,81.8,79.03
1936,62.13,92.9,95.67,93.53,88.7,82.23,79.7,84.27,90.1,91.97,-999.0,91.23,79.6,92.33,90.77,97.23,92.4,93.17,78.4,84.97,72.77,80.43,82.7,96.03,93.63,82.73,87.77,87.17,93.03,75.63,82.9,87.37,86.23,78.9,86.7,99.0,78.23,82.33,76.83,91.37,92.37,91.77,95.07,83.9,86.0,75.47,76.0,82.3,85.1,80.7
1937,59.5,91.3,91.1,92.8,88.47,80.7,80.57,83.87,90.37,90.43,-999.0,85.67,77.67,85.8,84.77,92.37,87.2,91.77,79.83,84.5,77.27,79.77,80.6,88.6,91.8,79.1,87.4,82.7,88.77,77.9,83.0,87.2,85.97,79.07,82.63,94.17,76.63,81.17,78.6,90.2,86.33,88.4,95.4,82.9,84.43,77.7,74.37,81.43,82.37,77.37
1938,58.4,90.33,91.47,92.23,87.8,80.2,79.63,84.1,89.97,89.47,-999.0,85.13,77.13,85.37,84.4,91.67,85.97,91.33,78.93,84.6,75.77,78.53,79.63,88.83,91.47,77.53,85.83,81.63,88.27,77.1,82.37,85.9,83.97,79.17,82.87,93.07,78.17,81.3,77.47,89.23,86.7,86.77,93.8,82.77,83.67,77.27,77.3,78.23,81.67,77.47
1939,58.7,89.43,91.13,93.17,88.77,81.27,80.53,84.37,89.63,89.83,-999.0,84.03,77.5,84.8,84.4,92.23,86.7,91.97,79.4,84.33,75.87,78.97,79.47,87.43,91.23,77.17,87.0,81.13,88.03,77.63,82.9,87.0,86.3,79.2,83.03,94.27,77.87,81.33,78.37,90.53,85.4,87.33,94.77,84.0,84.3,77.3,75.53,79.57,82.27,77.8
1940,61.43,88.7,87.43,94.03,89.3,81.6,77.8,82.9,90.17,89.03,-999.0,83.8,81.2,86.03,85.8,90.13,86.33,88.3,77.07,82.73,74.27,77.17,77.73,86.47,88.5,80.63,86.33,81.03,88.1,75.5,80.63,85.93,88.57,76.13,83.07,90.17,80.23,78.8,76.4,89.43,85.53,86.03,91.73,86.67,82.67,74.7,77.43,77.43,81.37,81.07
1941,60.23,90.13,90.47,89.7,85.07,77.33,79.13,82.83,91.0,90.17,-999.0,84.53,75.37,86.6,86.03,88.3,87.9,90.87,78.6,83.4,75.1,79.53,78.87,88.83,91.53,77.2,86.67,80.13,85.17,76.8,81.67,82.63,81.63,78.23,83.57,90.43,75.3,80.33,77.67,89.4,84.2,88.67,91.17,80.2,84.37,76.1,75.47,79.57,82.83,75.87
1942,59.5,89.7,89.63,93.27,88.0,79.2,78.27,83.13,91.17,90.13,-999.0,82.33,77.03,83.97,83.87,88.03,86.67,90.33,77.47,83.37,74.9,77.5,76.07,85.87,90.77,75.33,87.37,76.53,84.53,75.8,81.2,86.27,85.8,76.83,82.53,90.13,76.73,79.4,76.9,90.37,80.67,87.67,92.33,84.0,84.1,75.17,75.47,76.93,81.83,77.1
1943,58.77,93.07,94.77,91.27,85.3,80.37,81.37,86.6,91.2,91.97,-999.0,83.63,75.17,86.77,86.33,92.3,89.37,93.73,80.13,87.2,73.8,79.1,79.03,88.93,94.97,75.73,88.4,78.67,87.27,76.7,84.4,87.0,82.47,78.7,84.4,95.73,74.17,82.37,79.9,91.47,84.33,90.97,95.4,82.03,86.83,75.73,73.23,79.83,84.37,77.47
1944,58.8,91.33,91.97,91.77,84.9,79.2,81.97,85.27,91.03,90.4,-999.0,82.43,74.63,87.1,87.67,88.6,89.6,93.1,80.57,85.87,76.33,80.43,77.37,87.6,92.9,73.6,87.1,77.23,83.8,78.27,84.67,86.27,82.23,79.83,85.9,92.67,74.87,82.5,80.3,90.13,80.77,89.5,94.53,81.73,85.73,77.8,74.9,79.43,84.13,75.23
1945,56.67,90.47,87.93,91.4,87.53,77.5,78.8,83.23,90.2,89.8,-999.0,79.83,76.23,82.43,82.17,86.47,85.27,89.97,77.47,83.07,74.37,75.77,75.03,84.27,90.13,76.13,86.1,76.97,81.5,75.8,81.0,86.43,82.93,76.17,81.63,89.3,77.7,79.17,77.17,89.37,79.8,86.47,93.03,80.73,83.97,75.37,76.37,75.33,81.53,74.1
1946,59.17,87.83,89.47,92.57,87.3,80.73,77.47,81.37,89.5,88.57,-999.0,81.43,77.87,83.63,83.13,91.43,84.33,89.37,76.87,81.73,74.0,77.33,77.5,86.53,88.43,77.13,84.57,79.9,86.03,75.3,80.07,87.37,85.57,75.73,81.13,93.17,76.47,78.2,75.13,88.07,82.83,85.47,94.1,84.23,82.1,74.53,74.4,77.47,80.4,77.93
1947,58.1,89.63,92.03,91.63,85.4,78.5,78.97,83.1,89.1,88.77,-999.0,84.0,75.77,85.27,83.57,89.97,85.23,92.33,78.57,82.97,76.13,79.1,78.77,87.93,91.2,76.87,85.43,79.47,85.33,77.5,81.47,86.63,83.17,78.07,81.83,93.07,73.9,80.03,77.03,88.37,83.87,86.67,94.43,80.77,83.53,77.03,73.27,79.43,81.6,75.57
1948,56.2,90.97,90.1,92.53,85.63,79.4,79.63,83.43,90.6,90.1,-999.0,83.6,76.07,85.07,84.8,88.07,87.0,93.8,78.47,83.37,74.9,78.6,78.5,86.2,92.5,75.53,87.13,79.13,84.97,76.6,81.87,87.2,83.9,77.6,83.3,91.2,74.57,80.07,77.83,90.17,82.13,88.0,95.47,82.73,84.17,75.73,72.93,79.57,81.77,77.23
1949,55.77,89.23,89.37,91.57,87.03,78.13,83.23,85.8,89.87,88.63,-999.0,84.77,78.03,85.97,85.77,88.17,86.87,90.83,82.87,85.1,77.7,80.93,80.43,86.23,90.17,78.6,86.2,82.17,85.27,80.47,85.2,85.37,84.57,82.13,85.43,91.07,77.23,83.17,81.83,88.6,86.7,86.6,93.0,82.23,84.53,80.03,74.43,81.03,83.53,77.33
1950,59.93,88.63,86.47,91.57,87.77,78.0,78.73,82.9,90.83,89.2,-999.0,79.37,75.87,81.57,81.5,84.6,82.47,89.9,78.57,82.53,74.47,75.77,76.2,82.17,88.83,74.07,85.1,77.13,81.8,77.37,81.1,85.73,84.93,76.63,80.5,86.93,77.27,78.47,77.37,88.6,80.93,83.87,91.97,82.3,82.57,75.9,75.3,75.7,79.8,74.5
1951,58.9,92.77,90.23,92.2,87.43,77.73,78.23,83.53,91.9,91.83,-999.0,78.87,75.47,82.13,82.77,85.33,86.3,93.7,77.3,83.9,73.47,75.57,74.5,84.23,93.37,73.53,87.57,75.77,79.73,74.63,81.7,87.93,84.73,76.3,82.5,91.93,78.23,80.0,77.03,90.97,77.8,88.2,95.83,81.83,84.7,73.93,76.07,74.57,82.4,73.27
1952,57.37,93.97,94.57,92.17,86.03,81.2,81.27,85.73,92.13,93.07,-999.0,83.57,76.67,87.4,87.37,93.7,90.5,93.3,80.97,85.77,78.23,79.37,78.33,90.17,95.07,76.87,89.1,80.43,88.0,79.03,84.0,87.8,83.83,79.33,85.93,95.73,76.23,82.47,80.53,92.13,85.03,92.1,95.73,82.6,86.9,77.6,74.77,78.33,84.83,77.83
1953,60.03,91.5,93.23,92.5,85.5,80.43,81.0,84.73,90.3,89.93,-999.0,84.9,76.6,88.33,87.63,91.93,89.23,92.2,80.2,85.33,75.57,79.87,78.67,91.47,92.73,77.0,87.67,78.93,86.93,78.2,83.8,88.47,84.3,78.9,85.37,93.53,73.9,81.97,79.3,90.63,82.57,90.1,95.93,83.57,86.43,77.3,72.67,79.3,85.0,78.57
1954,58.03,94.9,96.83,91.33,85.53,81.63,78.3,84.83,91.83,93.83,-999.0,84.4,74.73,88.03,86.93,94.73,89.47,94.27,77.03,84.7,72.03,77.97,78.07,92.37,95.6,75.47,88.97,78.0,87.8,74.0,83.03,87.23,83.47,76.67,83.6,97.7,72.67,80.27,76.8,93.5,83.73,91.67,96.03,83.03,85.93,73.1,70.23,78.17,82.67,78.7
1955,56.1,89.4,88.9,89.97,86.4,79.33,81.43,84.67,90.4,89.23,-999.0,86.0,76.9,86.13,85.5,90.2,86.0,89.9,80.63,84.5,76.73,82.07,80.87,87.23,89.8,76.93,85.77,80.73,86.83,79.43,84.4,84.63,84.37,81.07,84.07,91.47,76.17,82.23,79.33,88.87,85.23,86.8,92.87,82.3,84.03,78.77,73.1,81.2,82.27,77.17
1956,57.43,90.9,91.8,92.57,86.5,80.67,79.03,82.87,91.0,90.6,-999.0,84.73,76.8,85.1,83.9,93.23,85.8,91.87,78.2,82.8,72.2,76.6,78.07,88.23,91.77,77.57,86.9,79.67,87.43,75.07,81.2,87.53,84.63,75.83,81.23,96.23,75.77,78.27,77.8,91.1,84.67,88.07,96.37,83.83,84.1,73.97,74.27,77.47,80.5,78.33
1957,61.57,90.67,89.13,92.0,87.97,78.03,80.63,85.73,90.13,89.43,-999.0,83.67,76.9,84.97,84.07,89.73,86.53,91.2,79.8,85.27,73.7,77.63,77.9,87.2,90.7,77.27,86.6,79.5,85.3,76.57,84.03,85.97,85.03,77.77,82.97,92.33,75.67,80.97,79.6,89.33,82.33,87.57,94.23,82.17,84.8,75.47,72.8,78.23,83.03,76.37
1958,59.4,89.63,88.77,93.57,87.27,80.3,76.9,82.53,90.73,89.67,-999.0,80.1,78.2,81.67,80.9,87.3,84.33,91.0,76.3,82.3,71.43,75.83,75.8,84.7,89.97,75.67,85.97,77.7,82.63,74.1,80.7,88.23,85.27,75.1,79.63,91.5,78.8,77.87,75.67,89.4,81.03,86.93,94.87,85.03,83.23,73.33,79.97,76.33,80.2,76.33
1959,57.97,90.13,88.27,92.9,89.67,80.93,79.43,84.9,89.77,89.97,-999.0,83.93,78.27,86.17,85.63,89.63,86.3,90.2,78.57,85.0,74.27,80.3,80.53,86.77,90.03,78.33,86.47,83.6,86.9,77.0,82.93,86.4,87.27,79.1,84.33,90.17,77.9,81.5,77.87,89.3,87.77,86.8,92.3,85.1,85.17,77.03,74.27,79.47,83.33,79.3
1960,57.6,90.83,89.3,95.03,90.5,80.97,78.73,83.27,90.1,89.8,-999.0,81.53,78.97,83.4,82.77,87.9,85.2,92.4,78.1,83.37,75.17,76.83,78.43,85.77,92.23,78.87,85.57,80.87,84.27,76.13,81.57,87.0,87.67,76.47,81.6,90.4,79.0,79.17,77.8,89.03,83.67,86.93,93.37,86.13,83.9,75.07,75.73,77.27,81.33,78.83
1961,56.8,87.37,86.53,93.37,89.73,79.37,79.37,83.57,90.23,87.9,-999.0,82.4,82.3,83.8,82.37,87.27,83.53,88.3,78.3,83.33,74.4,77.5,80.8,84.6,88.03,83.2,84.67,85.37,85.37,75.87,82.07,86.17,87.23,76.4,81.0,88.43,81.63,79.47,77.83,87.6,86.27,84.47,90.63,85.3,82.93,74.7,80.03,79.1,80.0,79.93
1962,59.33,91.4,90.07,93.07,87.37,79.03,78.0,82.63,90.87,90.17,-999.0,81.17,75.67,84.2,83.63,87.93,85.6,93.03,77.07,82.73,72.07,77.17,76.47,87.1,92.23,75.4,84.6,78.07,82.5,75.13,81.13,86.33,83.93,76.63,82.53,91.4,76.07,79.83,76.0,88.83,79.97,87.53,94.37,83.03,82.2,74.47,73.43,76.67,80.77,75.4
1963,56.43,89.53,90.67,91.0,84.7,80.43,79.13,84.03,91.0,88.93,-999.0,83.8,75.43,84.93,83.33,91.83,84.5,92.23,78.8,83.77,74.6,78.4,79.4,87.63,91.1,77.37,84.8,81.33,87.17,76.73,82.3,86.43,81.57,76.63,81.77,94.13,74.0,79.47,78.37,88.43,84.67,85.9,94.67,82.1,83.87,75.1,72.83,79.7,79.7,77.87
1964,58.47,89.2,90.83,91.17,86.13,79.63,78.27,83.97,90.43,88.43,-999.0,82.83,74.53,85.47,84.57,90.2,86.4,91.23,77.07,83.67,72.37,77.83,78.37,86.53,90.33,75.97,84.53,78.7,84.9,75.23,82.03,87.03,83.13,76.93,82.9,93.57,74.5,79.57,76.3,87.43,83.6,86.67,94.9,82.23,83.77,74.47,71.73,78.93,81.83,76.33
1965,55.9,88.47,89.5,90.03,84.6,76.3,79.17,82.8,89.07,87.73,-999.0,81.47,74.47,83.43,82.57,87.63,84.97,91.27,78.63,82.93,74.07,75.77,76.53,85.17,90.63,75.1,84.1,77.8,82.57,75.9,81.97,84.5,80.77,76.03,81.6,91.63,75.57,79.3,78.23,87.33,81.47,85.97,93.0,79.5,82.93,74.4,75.23,76.4,80.93,74.37
1966,58.2,89.13,89.3,92.6,87.4,79.73,81.53,85.63,89.13,88.1,-999.0,82.57,77.4,85.67,85.3,89.0,86.33,90.6,80.17,85.93,74.33,79.5,78.8,86.4,90.33,76.93,85.23,79.27,84.33,77.27,85.0,85.7,85.53,79.0,83.7,91.13,76.07,82.8,79.23,87.8,83.8,86.9,92.0,84.13,84.93,76.27,72.9,79.17,82.9,78.03
1967,58.5,86.5,86.83,90.63,88.03,76.37,78.9,82.13,89.23,86.3,-999.0,80.3,78.7,81.73,81.97,85.23,82.0,89.33,78.33,82.2,75.37,76.37,76.77,83.53,87.7,77.9,82.67,80.4,81.8,77.3,81.57,83.87,84.23,77.4,81.3,89.1,80.77,79.13,77.0,85.97,81.23,83.0,92.53,81.63,81.73,76.67,79.33,75.97,79.43,74.93
1968,60.6,90.7,88.87,90.57,86.47,78.2,79.2,85.03,90.0,90.23,-999.0,82.87,74.93,84.67,83.9,88.63,86.0,90.23,77.9,84.8,72.87,77.03,76.77,86.03,90.8,74.33,86.6,76.83,85.1,74.83,82.9,84.47,83.07,76.5,82.43,89.7,76.4,80.63,77.73,89.5,81.57,88.1,91.03,80.73,84.73,73.87,73.9,77.23,82.07,74.63
1969,57.43,90.5,90.57,92.57,87.1,78.4,79.07,83.67,90.93,89.63,-999.0,81.03,77.37,83.47,83.03,87.9,86.33,92.2,78.6,83.77,73.93,76.57,76.87,86.43,91.73,76.93,85.87,78.33,83.77,76.17,82.07,86.57,84.33,76.97,81.8,92.33,76.7,79.67,78.43,89.07,82.07,88.2,95.0,82.67,83.9,75.4,75.17,76.3,81.83,76.77
1970,56.63,88.8,89.03,93.0,88.6,79.67,79.67,83.6,90.13,88.9,-999.0,83.37,78.93,83.57,82.97,90.9,84.8,90.17,79.07,83.67,75.77,78.73,80.83,86.3,89.47,80.5,85.87,82.97,87.17,77.63,82.47,85.77,85.2,77.57,82.47,93.27,79.7,79.73,78.2,89.47,86.37,85.9,93.03,83.27,84.2,76.73,77.57,80.2,81.33,78.83
1971,58.23,88.8,88.97,92.27,87.3,80.03,80.4,83.3,90.3,88.5,-999.0,83.4,77.33,84.67,83.4,89.1,84.4,90.6,80.03,83.17,75.07,78.3,78.0,86.87,89.97,79.13,84.8,80.17,85.43,77.63,82.5,85.53,85.17,77.37,82.3,90.87,77.1,79.83,79.43,88.0,84.67,85.97,91.33,84.0,82.9,76.03,75.13,77.83,80.63,78.4
1972,59.67,89.17,89.97,92.37,88.17,78.97,77.47,81.4,89.93,88.47,-999.0,81.3,77.1,83.13,81.53,87.67,83.4,90.9,76.63,81.13,72.87,75.43,77.2,86.7,90.4,76.37,84.17,79.07,83.53,74.33,80.47,84.6,85.37,74.8,79.43,91.5,78.77,77.0,76.37,87.5,81.6,85.13,91.17,83.43,81.4,73.43,75.1,76.4,78.1,76.17
1973,56.57,88.97,89.07,92.73,88.23,78.87,80.93,84.57,90.3,88.73,-999.0,83.23,77.73,84.67,83.9,90.13,85.37,90.3,80.13,84.33,76.1,78.63,79.0,87.23,90.4,78.63,85.37,81.77,86.2,77.97,83.47,85.37,85.4,79.3,82.73,90.7,78.13,80.8,79.77,88.17,85.87,86.67,91.13,82.77,84.23,77.63,74.9,79.03,82.1,76.93
1974,59.13,87.93,87.87,93.57,87.77,79.73,79.3,82.5,89.43,87.63,-999.0,82.3,78.73,82.83,82.33,89.13,82.8,89.87,78.63,82.03,74.6,77.27,78.47,85.9,88.83,77.73,83.37,80.57,85.87,76.57,81.5,85.83,86.57,76.77,81.13,91.03,78.33,78.47,78.2,87.1,85.1,84.4,92.37,85.03,81.47,75.77,75.43,77.33,79.13,78.43
1975,58.03,87.97,88.4,92.13,85.97,78.57,78.87,83.63,89.9,87.97,-999.0,83.6,74.67,84.17,83.8,89.23,85.63,89.63,78.5,83.43,75.53,78.2,78.87,87.5,88.93,74.73,85.9,79.37,85.37,76.83,81.87,85.03,83.17,77.83,82.67,89.87,74.73,79.73,77.83,88.43,84.07,86.4,90.73,81.0,83.7,76.47,72.77,78.37,81.67,75.53
1976,59.77,88.3,87.87,91.83,85.03,79.6,79.43,83.93,89.53,87.93,-999.0,84.2,74.17,84.17,82.6,89.97,83.17,89.77,78.9,83.07,74.67,79.53,82.3,86.37,89.5,76.1,84.3,82.6,86.53,76.57,82.23,85.03,82.2,76.17,81.0,90.87,73.27,78.57,78.17,87.07,87.3,84.83,90.43,82.73,83.2,75.4,71.03,81.4,79.77,77.13
1977,62.13,92.0,91.17,93.03,88.27,80.8,79.03,84.57,91.47,91.83,-999.0,83.8,77.83,84.3,83.43,89.8,85.6,92.1,78.0,84.23,72.3,76.77,77.33,87.5,92.33,76.6,87.53,78.73,85.13,75.0,82.37,87.23,85.8,75.7,81.9,93.07,78.8,79.03,78.27,91.2,83.53,88.3,94.33,84.53,85.3,73.87,76.57,77.27,80.97,78.1
1978,59.17,90.53,91.63,94.0,87.37,80.43,78.83,83.57,90.43,90.13,-999.0,82.6,75.57,84.4,83.17,91.27,85.5,92.33,78.27,83.37,74.93,77.2,77.67,87.3,91.47,75.47,86.37,79.63,85.47,76.5,81.5,87.43,84.73,77.1,81.6,94.03,75.97,79.07,77.8,89.87,82.83,87.43,94.23,84.07,84.1,75.5,74.97,77.03,81.2,76.3
1979,59.73,88.27,87.37,92.27,87.03,78.57,79.07,81.4,90.9,88.23,-999.0,81.63,77.83,83.57,81.63,87.8,82.93,90.37,78.47,81.3,74.07,76.3,76.6,85.17,89.1,78.1,84.0,78.97,83.07,76.2,80.43,84.77,84.27,76.7,79.87,89.9,77.23,77.97,77.8,87.57,81.0,84.33,91.07,83.23,81.63,75.43,76.23,76.57,78.7,76.87
1980,57.53,92.73,95.37,93.83,85.83,82.2,80.33,85.27,91.8,92.33,-999.0,84.87,74.17,87.03,85.17,95.03,88.03,94.33,78.97,85.03,73.97,76.93,79.03,92.83,93.63,75.77,87.87,79.77,88.3,76.07,84.1,89.67,83.5,77.13,82.5,97.57,74.0,80.47,78.93,91.83,85.6,90.47,96.83,83.53,85.77,75.03,71.73,78.33,81.93,77.9
1981,57.23,91.0,89.2,93.9,90.27,80.07,80.37,83.6,92.1,90.7,-999.0,81.7,77.43,83.1,82.7,88.63,84.87,92.03,79.27,83.33,74.47,77.47,77.27,85.4,91.77,77.1,86.2,79.63,84.27,76.1,82.53,86.4,87.87,76.87,81.57,91.57,77.4,79.37,79.5,89.73,82.77,86.7,92.03,85.03,83.97,75.17,73.87,77.23,81.0,77.9
1982,58.5,88.93,88.43,90.8,84.9,78.03,77.63,82.03,90.37,88.67,-999.0,80.2,75.73,81.63,81.0,86.9,83.43,91.8,76.27,81.67,72.4,75.13,76.4,84.0,89.97,76.0,84.33,78.07,82.5,74.03,80.27,85.83,82.67,74.93,80.13,90.33,75.7,77.5,76.23,88.07,81.43,85.63,93.3,81.77,82.0,73.43,74.8,76.03,79.27,76.13
1983,58.57,89.87,90.67,90.93,84.87,78.93,81.93,85.87,90.87,90.53,-999.0,86.57,74.87,88.57,87.33,91.87,88.37,90.4,81.0,85.93,76.2,80.73,81.1,90.17,90.07,78.6,87.6,83.3,86.63,78.73,84.97,86.07,81.43,79.4,85.03,92.37,73.77,82.13,80.7,91.13,85.63,88.67,92.5,80.93,86.07,77.27,72.53,81.1,83.27,77.37
1984,58.23,88.87,89.43,90.07,87.47,78.83,80.17,83.67,89.7,88.6,-999.0,83.73,75.87,85.8,84.3,91.3,85.8,89.9,79.6,83.4,74.97,79.1,79.47,87.87,89.37,78.97,85.17,81.93,86.2,77.4,82.57,84.1,83.13,77.73,82.67,93.33,76.43,79.57,78.9,88.6,83.87,86.4,93.27,81.27,83.4,76.77,74.5,78.9,81.3,77.23
1985,58.0,88.8,90.13,94.23,89.27,80.3,77.73,82.9,90.57,88.63,-999.0,80.8,78.5,82.0,81.57,87.87,83.7,91.43,76.93,82.6,73.43,75.57,74.9,84.47,89.87,77.57,84.97,76.63,83.53,74.97,81.0,86.73,86.97,74.93,79.87,91.93,79.0,77.77,76.97,88.63,81.6,85.53,93.3,84.9,82.5,73.57,77.33,76.2,79.3,78.0
1986,58.6,91.4,90.6,92.0,88.1,79.33,77.73,84.83,91.2,92.23,-999.0,81.83,78.9,84.43,83.3,89.03,86.67,91.57,76.17,84.93,71.4,76.37,77.43,87.37,91.67,78.53,87.53,79.53,85.0,73.4,82.0,84.2,86.33,74.93,81.9,91.7,79.07,78.93,76.33,91.97,82.77,88.2,92.17,84.2,85.2,72.77,76.6,77.03,81.77,78.43
1987,59.7,90.77,90.67,92.17,86.83,79.43,79.93,86.33,91.93,91.17,-999.0,84.07,76.33,86.53,84.67,88.6,87.67,90.93,78.6,86.5,73.87,79.97,80.17,88.3,90.73,76.03,87.8,80.13,85.47,75.7,83.3,85.17,84.47,77.5,83.73,90.3,77.07,81.17,78.47,91.27,84.07,88.53,91.3,82.6,86.83,75.23,75.57,80.07,84.23,76.6
1988,59.63,90.5,91.1,92.43,88.1,81.57,81.47,86.53,90.33,90.43,-999.0,88.27,80.6,89.43,88.07,91.6,89.1,90.73,80.33,86.83,75.3,82.33,84.0,89.63,91.23,83.27,87.07,86.87,88.4,77.87,85.03,84.27,86.8,79.13,86.2,92.83,78.37,83.13,79.77,90.33,89.17,89.07,92.47,85.9,86.23,76.73,74.73,83.87,84.9,83.03
1989,60.37,87.67,86.47,93.33,87.03,78.83,79.07,83.2,91.03,88.1,-999.0,82.63,77.5,83.7,82.27,85.4,83.77,88.67,78.07,82.9,74.3,77.67,79.63,84.4,87.97,77.87,84.97,82.1,84.1,75.7,81.33,85.87,85.0,76.77,80.93,87.37,76.07,78.6,78.33,88.2,84.97,84.27,91.57,83.8,82.9,75.17,74.2,78.43,80.17,78.23
1990,61.47,91.4,90.53,92.37,87.5,80.3,79.63,84.03,91.97,91.6,-999.0,81.47,77.53,83.3,81.93,89.87,85.17,92.33,78.73,83.7,75.5,76.67,78.37,85.77,91.47,77.93,86.87,80.57,85.23,76.9,81.97,86.17,85.1,76.8,80.3,92.07,77.77,78.67,78.8,91.07,83.17,87.2,93.03,84.53,84.07,75.97,75.67,77.43,80.8,78.03
1991,59.3,88.9,89.8,91.13,85.87,79.13,81.5,85.27,90.47,88.07,-999.0,83.57,77.87,86.73,85.83,90.7,86.63,90.27,80.07,86.13,75.87,79.9,79.47,88.47,89.93,78.73,85.9,81.33,85.93,77.27,84.37,83.73,84.47,79.0,84.67,91.33,76.63,82.77,80.53,88.4,84.17,86.6,91.6,83.17,84.87,76.43,73.93,79.43,83.2,78.4
1992,59.87,87.0,85.77,90.83,87.13,76.4,77.27,81.53,90.5,87.37,-999.0,78.0,77.53,81.0,79.5,82.97,82.0,89.13,76.43,81.3,72.3,73.3,72.83,82.53,87.83,74.43,83.77,74.6,78.43,73.83,79.93,84.53,84.3,73.53,78.2,86.37,79.07,76.47,76.63,87.37,75.83,82.83,90.63,82.5,81.2,72.4,77.2,73.93,78.47,74.8
1993,61.27,91.27,91.0,91.7,85.4,77.83,81.57,85.57,92.1,92.2,-999.0,79.4,69.63,83.7,83.1,86.8,87.03,91.73,80.27,85.9,75.33,77.07,74.33,86.03,91.1,69.33,88.33,72.77,80.33,77.17,84.2,86.07,80.97,77.63,82.97,91.83,71.3,81.17,80.3,92.43,76.53,88.6,93.1,80.13,86.3,75.7,70.27,75.83,83.43,71.77
1994,60.17,87.17,88.27,95.77,89.63,82.7,81.03,85.07,89.67,87.17,-999.0,80.63,80.47,83.9,83.07,89.63,85.33,89.5,80.13,84.77,75.97,76.7,76.2,85.93,88.57,79.2,85.37,77.67,84.2,77.67,83.47,89.87,88.67,77.5,82.17,91.97,79.37,80.2,79.57,87.83,81.37,85.23,94.43,87.53,84.2,76.1,76.5,76.83,81.8,80.17
1995,59.03,90.57,90.53,93.27,86.27,78.97,81.9,85.4,90.57,89.67,-999.0,83.77,74.63,86.47,85.5,88.7,87.2,91.87,80.7,85.4,77.33,80.7,79.93,86.97,90.93,76.33,85.9,80.23,85.43,78.83,84.07,86.8,82.73,80.17,84.13,90.83,75.1,82.07,80.23,88.9,82.7,87.3,92.73,81.8,84.77,78.17,73.1,80.97,83.43,76.7
1996,58.43,88.57,87.97,95.03,90.2,80.63,78.67,82.9,90.2,88.83,-999.0,80.43,79.47,83.17,82.47,86.87,84.3,89.9,78.07,82.8,73.9,76.73,77.73,84.63,89.23,79.9,85.07,80.03,82.77,75.93,81.23,86.63,88.0,76.63,81.7,89.67,79.67,79.07,77.43,88.63,82.6,85.23,93.23,86.67,82.97,74.77,76.53,76.77,80.53,80.07
1997,61.7,87.17,88.5,92.37,86.63,78.97,79.93,83.87,90.3,87.43,-999.0,81.9,75.93,82.67,81.1,87.17,83.6,90.63,79.0,83.67,75.0,77.0,77.77,85.03,88.6,76.83,84.9,80.6,84.1,76.47,82.5,85.93,83.77,76.93,80.03,89.47,76.63,79.07,79.17,87.37,81.53,84.57,92.4,82.47,83.33,75.3,74.43,76.8,80.27,76.77
1998,58.37,91.77,92.6,92.77,87.13,79.3,79.6,84.5,93.77,92.47,-999.0,81.03,77.97,83.8,82.93,89.5,85.5,94.43,78.4,84.2,74.5,78.97,77.5,86.2,92.6,77.7,87.67,78.97,83.3,75.87,82.77,87.37,84.53,76.77,81.93,95.77,79.1,79.4,78.53,91.93,81.07,87.13,96.7,82.83,84.93,74.63,77.63,78.4,81.3,76.03
1999,60.07,90.3,91.0,90.77,85.83,78.67,82.7,86.03,90.9,90.4,-999.0,82.2,76.67,84.97,84.83,88.13,88.17,92.3,81.4,86.1,77.17,79.17,78.1,87.2,91.8,76.87,86.6,78.53,83.77,78.97,85.6,84.7,84.03,79.5,84.4,92.0,76.33,82.07,81.5,90.1,82.33,88.3,93.37,82.3,85.67,77.93,73.37,78.8,84.13,77.47
2000,58.17,92.7,91.1,94.1,88.43,82.77,77.5,82.33,91.9,91.4,-999.0,81.17,79.97,82.77,81.77,91.03,85.03,93.37,76.43,81.9,72.73,76.2,76.93,86.03,93.57,79.67,85.27,78.6,86.73,74.03,80.3,87.87,87.37,74.63,80.27,92.17,79.03,77.53,77.03,90.07,83.5,87.43,94.37,86.53,82.43,72.9,74.83,76.6,79.83,80.77
2001,59.13,88.07,90.17,93.63,88.83,82.17,80.83,84.3,90.43,88.5,-999.0,82.6,79.23,84.2,82.93,91.3,85.2,89.9,79.9,83.87,76.4,79.17,79.83,86.57,89.2,79.5,85.2,80.3,86.13,78.17,83.27,88.0,87.6,78.3,82.0,94.1,77.87,80.4,79.73,88.7,84.17,85.67,95.1,86.0,83.5,76.97,74.17,79.47,81.0,81.03
2002,59.57,90.03,89.33,95.9,89.7,84.37,81.47,87.37,89.93,90.3,-999.0,84.1,78.63,86.43,85.97,91.4,87.73,90.67,80.27,87.07,75.17,80.13,79.47,87.73,90.23,77.7,88.2,80.67,88.9,77.73,85.23,89.33,88.17,79.27,85.27,90.93,79.6,82.67,80.3,91.13,86.6,88.37,92.8,87.73,86.8,76.53,76.43,79.87,83.5,80.77
2003,60.2,87.43,88.17,95.07,89.7,82.33,79.27,83.47,89.5,87.47,-999.0,82.93,81.83,83.6,82.0,90.63,83.8,90.37,78.53,82.9,75.03,78.2,79.33,86.73,88.8,81.47,84.87,81.03,86.07,77.0,81.87,88.77,88.5,76.83,80.33,92.0,82.07,78.47,78.47,87.7,84.57,84.83,92.93,87.07,82.6,76.07,78.93,79.17,79.83,80.13
2004,65.33,87.4,86.13,93.23,88.63,78.0,78.2,83.13,91.03,88.73,-999.0,78.33,77.63,80.83,80.3,84.9,83.0,89.6,77.2,82.6,72.77,75.0,73.97,82.13,87.9,75.37,84.67,75.07,81.27,74.87,81.07,85.9,86.07,75.07,79.43,87.1,79.37,77.4,77.2,88.3,79.47,83.93,90.73,83.67,82.17,74.0,77.63,74.7,79.47,75.27
2005,62.07,88.7,91.3,93.4,88.13,80.7,82.3,85.6,90.63,88.4,-999.0,84.1,77.27,86.9,85.2,89.37,87.33,92.37,81.07,85.6,76.77,81.33,79.17,88.4,90.63,77.57,86.47,79.1,85.7,78.87,84.9,87.5,85.53,81.1,84.9,91.47,78.33,82.8,81.17,88.7,84.13,87.2,93.53,83.3,85.1,78.53,75.63,81.17,83.4,78.1
2006,57.8,92.97,91.5,94.13,90.4,81.67,80.33,85.57,91.67,91.7,-999.0,83.63,80.67,84.97,83.33,91.63,86.13,92.4,78.97,85.53,74.93,79.53,80.97,88.37,93.2,81.57,86.7,83.67,87.57,76.47,83.63,86.57,87.97,77.53,82.33,94.8,80.3,80.43,79.17,90.3,87.5,88.1,94.87,86.13,85.27,75.57,77.23,80.6,81.87,81.67
2007,62.0,92.63,90.1,94.57,89.6,82.17,80.27,85.53,91.8,91.2,-999.0,83.53,81.7,85.9,85.37,88.9,88.8,90.93,79.3,85.57,74.57,80.2,79.7,87.9,92.13,81.7,88.17,80.93,86.0,76.33,83.07,87.4,88.9,78.23,83.8,89.07,79.73,80.97,79.7,91.03,84.77,90.3,90.03,87.7,86.03,75.6,75.63,80.03,83.33,81.63
2008,57.5,90.17,89.0,93.6,89.9,80.63,80.5,86.3,90.4,90.4,-999.0,81.7,78.23,83.9,83.27,88.03,86.27,91.57,79.3,85.33,73.93,78.07,77.83,85.0,90.53,77.97,87.67,79.4,84.2,76.07,84.73,86.33,87.6,77.33,82.43,91.0,78.2,80.5,80.0,90.97,82.13,87.5,93.57,85.57,85.47,75.17,74.23,78.37,81.4,78.13
2009,60.3,89.13,88.17,93.23,87.97,78.5,77.63,83.7,91.23,89.67,-999.0,78.7,76.33,81.37,80.7,87.03,83.37,91.87,76.3,83.4,72.27,74.67,74.57,83.8,90.37,75.7,86.07,75.63,81.07,73.83,81.0,87.23,84.2,75.0,80.0,91.73,78.57,77.67,76.8,89.97,78.5,85.27,95.53,83.07,83.23,73.63,77.27,75.07,79.53,74.67
2010,58.47,92.7,93.17,93.27,87.6,81.13,82.37,88.43,92.47,92.3,-999.0,83.33,75.4,86.87,86.13,91.0,88.93,93.23,81.47,87.9,76.0,79.63,78.8,89.17,93.2,75.63,89.3,79.07,85.37,77.97,86.47,87.57,85.57,78.73,84.57,93.6,76.17,82.43,81.47,92.3,83.07,90.13,94.03,83.97,87.8,76.47,73.47,79.27,84.13,77.0
2011,57.73,93.37,94.77,94.7,86.47,82.67,81.0,87.43,92.87,93.7,-999.0,83.37,76.53,86.47,85.77,94.53,87.63,95.53,79.77,86.9,74.97,79.9,79.0,89.7,94.03,77.63,89.37,78.9,85.47,77.23,85.03,91.2,85.1,78.8,84.2,100.43,75.67,82.1,80.27,93.27,82.9,89.3,100.1,84.0,86.57,76.53,72.73,79.67,83.37,78.8
2012,58.63,89.53,93.03,94.2,88.9,84.53,81.43,87.07,90.07,89.23,-999.0,86.47,80.1,88.9,87.53,94.13,88.3,91.27,80.63,86.23,76.03,81.4,81.43,91.6,90.53,81.37,86.53,82.63,90.5,78.4,84.67,89.6,87.83,79.53,85.33,95.57,78.37,81.73,80.27,88.97,88.03,88.4,95.53,86.7,85.33,77.77,74.53,82.17,83.23,82.77
2013,62.27,86.97,88.47,93.97,89.63,82.07,80.5,84.37,89.9,86.9,-999.0,81.77,81.37,82.8,81.87,88.7,83.63,90.87,80.17,83.5,74.93,77.7,78.1,84.67,89.2,79.0,84.07,78.8,84.5,77.33,82.9,87.87,88.33,77.13,80.87,90.83,80.27,79.73,80.1,86.57,81.83,84.23,94.17,86.37,82.53,76.0,76.6,77.9,80.33,80.57
2014,58.87,89.1,86.63,93.0,89.6,79.67,79.6,83.9,91.27,89.67,-999.0,79.9,77.7,82.33,81.7,88.1,84.7,89.43,79.0,83.1,75.43,76.37,76.63,84.57,88.7,76.6,84.93,76.6,83.07,76.43,82.47,87.0,86.0,76.53,80.87,89.83,79.73,78.9,79.07,89.0,79.5,85.03,93.07,83.7,82.73,75.43,77.4,77.07,80.37,76.27
2015,60.2,90.4,89.6,93.37,89.53,80.4,80.37,84.67,91.83,90.73,-999.0,80.13,80.33,82.33,81.53,88.77,84.8,92.3,79.33,84.0,73.5,76.83,77.8,84.63,91.27,80.23,87.57,80.53,83.8,76.07,83.5,87.2,86.73,76.8,80.73,91.13,81.9,79.63,79.37,91.67,82.47,86.33,93.5,84.7,84.13,75.2,80.5,77.0,81.37,78.6
2016,61.57,91.73,89.87,94.63,90.47,81.8,82.8,86.8,92.4,92.57,-999.0,83.1,79.43,85.3,84.63,89.9,87.27,91.1,82.1,86.27,75.87,80.03,78.43,87.37,91.63,79.3,88.5,80.47,86.03,78.83,85.7,88.53,88.43,79.9,84.83,92.63,79.17,82.83,81.87,92.53,85.33,89.0,93.6,86.7,85.73,77.5,75.8,79.17,83.6,80.9
2017,60.6,87.87,87.17,94.97,91.03,81.2,79.7,84.87,90.37,88.4,-999.0,82.73,80.83,84.3,82.8,88.63,84.77,88.8,78.73,84.23,74.43,77.33,77.6,85.8,88.2,81.57,85.97,81.13,85.67,75.97,82.57,87.73,88.57,76.33,81.5,90.1,81.53,79.4,78.83,88.8,84.63,85.6,93.0,86.87,84.17,74.57,78.77,77.33,81.03,79.57
2018,59.4,90.0,90.73,95.13,90.5,83.0,81.63,85.53,91.03,89.67,-999.0,83.07,78.97,85.07,84.03,89.83,86.23,92.17,80.93,84.63,76.7,79.77,78.9,88.27,91.03,77.8,87.03,81.23,84.37,78.43,84.37,89.33,88.8,78.93,82.93,92.77,80.13,80.43,80.9,90.27,83.07,87.3,95.87,87.5,84.47,77.53,77.07,79.2,82.23,79.07
2019,63.2,90.43,88.13,95.07,88.93,81.13,81.23,86.6,91.67,90.63,-999.0,81.6,77.83,83.9,83.33,88.17,85.67,90.93,80.57,85.87,75.77,78.17,77.7,85.07,90.17,76.77,86.97,78.43,83.13,78.03,84.57,89.17,86.03,77.9,82.53,91.0,78.4,80.47,80.53,90.13,80.53,86.33,94.63,84.83,84.93,76.87,75.57,77.97,82.27,77.6
2020,60.07,89.3,88.57,96.9,90.17,83.93,82.97,86.87,91.43,89.8,-999.0,84.57,77.5,85.3,84.6,90.33,85.83,90.7,82.1,86.37,76.97,80.87,80.57,86.77,89.93,78.93,86.13,82.1,87.73,79.0,85.37,91.1,87.93,80.1,84.37,92.23,78.57,83.07,81.9,88.8,85.5,86.6,95.8,87.13,85.27,78.07,75.37,80.37,83.17,80.7
2021,58.9,88.17,88.73,94.6,91.9,82.83,80.67,85.7,90.33,88.4,-999.0,84.47,82.57,84.8,84.03,89.97,85.5,90.13,79.97,85.87,76.3,80.3,82.57,86.6,89.2,82.97,85.97,84.83,87.57,77.43,84.17,86.93,90.03,78.53,83.1,90.67,83.2,81.5,80.27,88.13,87.67,86.0,91.7,87.93,85.3,76.8,80.03,80.87,82.83,82.33
