Year,AL,AZ,AR,CA,CO,CT,DE,FL,GA,ID,IL,IN,IA,KS,KY,LA,ME,MD,MA,MI,MN,MS,MO,MT,NE,NV,NH,NJ,NM,NY,NC,ND,OH,OK,OR,PA,RI,SC,SD,TN,TX,UT,VT,VA,WA,WV,WI,WY,AK,HI,PR,VI
1900,0.0,0.215,0.196,0.165,12.351,3.0,-999.0,0.0,0.0,4.688,8.065,5.489,21.327,3.073,2.555,0.0,28.926,-999.0,3.468,15.85,42.95,0.0,3.833,18.018,14.458,0.549,19.881,2.352,1.469,13.765,0.596,61.077,7.331,-999.0,1.081,5.624,1.0,0.0,27.719,0.268,0.0,1.697,33.728,2.436,1.643,2.883,27.983,12.649,-999.0,-999.0,-999.0,
1901,0.002,0.854,0.465,0.246,14.68,3.0,-999.0,0.0,0.0,2.546,12.758,10.054,19.866,7.917,4.485,0.001,25.035,-999.0,6.118,17.328,43.031,0.0,6.958,21.931,17.42,6.455,16.326,1.205,1.469,16.157,0.459,53.798,8.78,-999.0,1.251,9.06,2.0,0.0,26.864,1.508,0.572,4.9,32.291,1.095,1.0,2.725,30.911,12.459,-999.0,-999.0,-999.0,
1902,0.002,0.854,0.178,0.267,15.661,4.0,-999.0,0.0,0.0,8.792,11.563,5.604,24.16,7.693,0.028,0.0,25.285,-999.0,5.323,10.722,41.262,0.0,6.981,20.232,18.346,4.228,17.752,0.844,1.331,13.027,0.066,46.863,5.568,-999.0,2.056,4.333,3.0,0.0,29.355,0.0,0.017,5.265,30.829,0.331,2.68,1.59,25.115,11.453,-999.0,-999.0,-999.0,
1903,0.002,2.249,0.773,0.4,17.196,8.0,-999.0,0.0,0.0,8.275,11.72,9.39,19.636,4.636,2.523,0.0,30.02,-999.0,8.57,13.027,49.748,0.0,4.859,19.465,12.672,11.085,18.287,4.147,1.331,14.009,0.145,57.716,8.102,0.789,1.255,5.544,6.0,0.0,31.587,0.534,0.086,11.842,24.541,2.565,1.302,3.188,28.563,23.251,-999.0,-999.0,-999.0,
1904,0.002,0.91,0.198,0.185,10.916,11.0,-999.0,0.0,0.0,3.952,14.283,11.336,29.951,4.025,0.148,0.0,46.92,22.0,19.749,30.323,49.847,0.0,5.557,27.29,17.054,2.315,38.716,8.096,1.331,29.0,0.126,63.355,13.457,0.789,0.861,16.084,10.0,0.0,35.043,0.011,0.016,5.799,48.993,4.629,0.784,4.376,37.332,14.207,-999.0,-999.0,-999.0,
1905,0.829,1.099,1.231,0.204,19.573,9.0,-999.0,0.0,0.125,7.06,17.018,10.559,30.74,15.638,4.095,0.284,41.475,12.0,9.186,19.942,44.868,0.489,14.004,25.521,24.197,9.596,26.653,6.259,2.946,20.234,0.235,54.125,12.592,8.216,1.517,11.531,2.0,0.0,32.894,1.939,0.262,6.349,34.908,4.401,2.092,8.08,34.658,29.367,87.0,-999.0,-999.0,
1906,0.002,0.918,0.16,0.181,9.437,5.0,-999.0,0.0,0.001,5.472,3.888,4.296,13.678,1.761,1.161,0.001,34.217,8.0,6.696,12.837,40.011,0.0,3.323,22.511,11.664,6.509,18.558,2.11,1.032,15.807,0.049,64.561,6.887,0.0,1.536,6.605,3.0,0.0,25.317,0.102,0.02,3.703,27.8,0.414,1.286,3.746,22.098,22.146,122.0,-999.0,-999.0,
1907,0.002,1.102,0.095,0.18,6.671,12.0,-999.0,0.0,0.001,6.201,3.499,1.222,13.669,2.549,1.584,0.0,34.305,10.0,16.304,14.439,37.363,0.0,1.883,28.351,12.012,3.529,21.691,5.304,0.618,19.751,0.053,55.709,5.81,-999.0,2.095,7.431,9.0,0.0,28.958,0.057,0.028,2.091,30.725,1.802,3.816,4.754,19.817,11.889,106.0,-999.0,-999.0,
1908,0.002,1.498,0.113,0.246,11.301,6.0,-999.0,0.0,0.001,4.236,2.28,0.984,9.175,1.225,0.017,0.0,31.843,8.0,9.622,13.286,28.312,0.0,0.882,16.419,5.474,5.833,20.468,2.024,0.922,16.029,0.065,43.082,1.601,0.0,1.156,4.557,5.0,0.0,16.685,0.009,0.033,5.187,33.651,1.651,1.264,2.768,13.343,17.733,120.0,-999.0,-999.0,
1909,0.062,0.525,0.167,0.188,19.413,4.0,-999.0,0.0,0.0,8.366,12.595,4.934,25.033,9.531,1.63,0.0,29.522,3.0,6.258,8.656,43.216,0.0,7.506,35.483,26.914,2.113,14.893,1.234,3.217,10.703,0.072,55.838,3.569,1.614,3.434,1.827,1.0,0.0,38.645,0.144,0.26,10.138,14.637,1.241,5.66,1.209,26.42,34.351,118.0,-999.0,-999.0,
1910,0.0,0.978,1.033,0.385,12.234,2.0,-999.0,0.0,0.0,8.058,7.301,4.141,19.574,3.495,1.919,0.0,31.884,7.0,9.081,11.699,38.182,0.0,3.209,21.669,12.65,12.52,23.153,3.346,1.65,17.498,0.061,51.52,6.266,0.01,1.655,7.458,5.0,0.0,30.572,1.116,0.101,5.059,28.005,2.078,1.629,3.247,26.46,11.662,128.0,-999.0,-999.0,
1911,0.0,1.473,0.277,0.458,18.766,0.0,-999.0,0.0,0.0,6.579,3.375,0.932,13.891,6.116,0.703,0.0,34.478,4.0,1.37,7.045,42.942,0.199,2.773,29.346,13.803,9.584,13.617,0.768,3.823,11.908,0.011,66.582,0.952,2.516,1.292,0.967,0.0,0.0,28.944,0.478,0.164,6.139,22.874,0.331,2.012,0.456,18.32,20.378,128.0,-999.0,-999.0,
1912,0.002,0.7,1.978,0.223,18.578,6.0,-999.0,0.0,0.0,7.052,19.465,15.194,34.8,11.709,6.211,0.001,35.862,17.0,13.995,34.196,56.084,0.249,12.005,26.087,24.921,5.028,27.719,4.926,2.492,23.059,0.302,63.315,17.58,3.976,1.424,15.589,9.0,0.0,37.65,1.656,0.499,8.727,27.8,5.468,2.606,12.629,44.831,24.855,106.0,-999.0,-999.0,
1913,0.002,3.292,0.103,0.368,21.979,2.0,-999.0,0.0,0.0,11.646,5.613,3.43,20.175,7.156,0.017,0.0,19.605,2.0,2.53,10.612,42.994,0.0,2.552,34.789,21.628,4.903,9.599,0.572,5.676,8.131,0.02,62.913,2.439,1.691,1.553,1.337,1.0,0.0,36.863,0.03,0.102,9.699,11.223,0.456,3.135,0.549,26.536,28.28,143.0,-999.0,-999.0,
1914,0.002,1.093,0.529,0.298,15.999,7.0,-999.0,0.0,0.0,9.755,10.854,8.533,24.392,7.042,2.358,0.0,40.9,17.0,15.726,17.937,50.134,0.0,5.106,24.816,18.819,8.398,30.076,6.566,0.735,25.16,0.04,65.191,10.204,0.01,1.657,14.836,10.0,0.0,36.085,0.978,0.141,5.204,35.446,4.103,1.996,10.291,32.171,21.919,101.0,-999.0,-999.0,
1915,0.002,0.845,0.103,0.198,12.98,1.0,-999.0,0.0,0.0,5.318,6.95,3.887,12.95,3.029,0.017,0.0,15.615,3.0,2.305,7.489,27.325,0.0,2.964,13.745,10.757,4.411,7.795,0.411,1.476,9.504,0.015,39.795,4.419,0.01,1.281,2.535,0.0,0.0,19.499,0.013,0.005,7.938,9.044,0.386,1.227,0.657,15.835,19.907,134.0,-999.0,-999.0,
1916,0.002,2.109,0.574,0.394,21.572,7.0,-999.0,0.0,0.0,15.109,11.415,6.581,35.146,11.695,2.741,0.0,32.79,9.0,7.947,15.257,62.894,0.0,6.436,49.402,33.828,9.734,21.837,2.761,1.97,17.852,0.032,79.435,7.065,1.691,3.586,7.068,-999.0,0.0,54.943,0.43,0.025,7.881,32.906,3.049,6.203,7.884,40.391,28.232,120.0,-999.0,-999.0,
1917,0.002,1.053,0.86,0.514,19.352,10.0,-999.0,0.0,0.0,9.946,19.41,16.752,37.411,10.746,9.376,0.0,49.927,22.0,14.262,25.164,63.001,0.0,12.54,39.801,23.672,20.909,28.311,6.124,1.476,26.049,1.454,74.741,19.445,1.66,2.006,15.97,-999.0,0.0,48.405,2.896,0.005,17.241,39.86,8.188,1.893,10.646,46.601,29.304,120.0,-999.0,-999.0,
1918,0.662,2.164,4.06,0.206,20.786,9.0,-999.0,0.0,0.0,6.294,19.127,16.312,27.295,13.739,7.233,0.286,43.411,10.0,16.124,22.018,39.648,0.783,13.357,25.513,25.182,5.947,25.202,9.813,5.642,27.045,0.651,45.437,15.16,3.342,1.1,13.877,10.0,0.081,32.49,3.339,0.636,4.666,32.008,4.782,1.031,9.503,30.598,24.565,139.0,-999.0,-999.0,
1919,0.164,2.636,0.253,0.403,24.161,4.0,-999.0,0.0,0.005,13.913,6.129,2.12,22.495,8.582,0.017,0.001,22.128,10.0,4.88,8.51,45.477,0.15,4.443,34.707,21.095,11.805,12.145,2.068,2.913,12.996,0.193,63.144,2.109,0.422,3.13,6.256,4.0,0.0,33.51,0.435,0.049,9.883,21.899,1.876,5.623,3.072,27.4,22.064,122.0,-999.0,-999.0,
1920,0.062,0.986,0.078,0.15,13.845,-999.0,-999.0,0.0,0.005,3.315,7.669,4.444,17.602,2.27,0.028,0.001,38.027,7.0,13.037,22.438,40.824,0.0,2.046,20.872,10.913,3.053,24.304,2.967,1.446,20.552,0.214,58.344,5.738,0.01,1.048,10.047,4.0,0.0,25.294,0.018,0.005,6.254,31.546,0.83,0.818,2.826,30.804,16.854,117.0,-999.0,-999.0,
1921,0.0,0.522,0.098,0.198,7.744,-999.0,-999.0,0.0,0.005,4.136,0.94,0.188,5.363,0.605,0.028,0.001,25.22,2.0,6.427,3.65,26.856,0.0,0.514,19.894,3.412,1.55,16.793,2.555,0.858,10.208,0.038,47.873,0.15,0.056,1.028,1.791,2.0,0.003,15.326,0.014,0.0,2.643,20.873,0.207,1.154,1.164,10.638,12.441,117.0,-999.0,-999.0,
1922,0.002,2.639,0.078,0.336,13.483,8.0,-999.0,0.0,0.0,16.568,4.75,1.405,17.409,3.467,0.076,0.0,35.253,4.0,10.05,10.918,44.716,0.0,1.466,41.623,17.023,16.444,22.194,3.855,1.65,15.959,0.036,66.863,3.996,0.01,3.202,5.935,3.0,0.0,40.932,0.014,0.108,9.311,26.903,0.99,6.911,1.502,28.738,28.007,112.0,-999.0,-999.0,
1923,0.002,2.112,0.078,0.278,12.252,11.0,-999.0,0.0,0.042,7.746,3.534,1.214,12.106,3.673,0.017,0.0,43.721,8.0,13.81,13.016,38.795,0.001,1.419,21.852,10.51,9.58,27.676,2.619,1.105,17.042,0.042,56.544,1.406,0.056,1.149,3.196,3.0,0.0,20.641,0.028,0.001,5.22,35.472,0.456,1.897,1.479,22.558,24.71,103.0,-999.0,-999.0,
1924,0.164,2.636,0.536,0.417,25.888,7.0,-999.0,0.0,0.083,17.494,16.221,9.59,31.169,13.818,2.333,0.0,34.216,12.0,8.054,18.824,46.877,0.0,12.105,29.565,29.064,18.269,23.103,1.732,2.839,15.509,0.186,53.61,9.553,3.862,3.695,8.262,2.0,0.0,38.999,0.827,0.153,11.97,26.928,1.031,7.938,4.166,37.258,35.728,106.0,-999.0,-999.0,
1925,0.017,1.383,0.29,0.174,18.035,6.0,-999.0,0.0,0.0,1.3,6.229,3.979,18.336,4.432,1.627,0.0,31.155,7.0,5.376,11.564,35.962,0.0,3.182,12.502,14.133,1.55,18.255,3.017,1.032,14.929,0.115,49.395,6.104,0.01,0.832,4.702,3.0,0.0,25.399,0.264,0.001,7.257,20.797,1.661,0.802,2.741,21.962,15.069,116.0,-999.0,-999.0,
1926,0.002,2.544,0.322,0.174,10.741,5.0,-999.0,0.0,0.0,4.618,4.503,2.503,12.606,2.185,0.195,0.0,39.024,7.0,5.833,13.318,38.31,0.0,2.193,11.181,6.243,3.526,20.354,2.36,1.199,14.606,0.028,40.854,4.131,0.01,1.051,7.149,1.0,0.0,17.79,0.084,0.089,5.777,37.473,1.359,1.184,2.449,26.082,14.081,77.0,-999.0,-999.0,
1927,0.002,1.271,0.099,0.191,15.469,2.0,-999.0,0.0,0.0,9.177,4.9,2.465,17.58,4.826,0.951,0.0,20.632,3.0,3.558,8.353,46.465,0.0,3.147,32.586,16.679,5.852,10.016,0.877,1.105,11.192,0.071,56.992,2.482,0.422,1.824,3.007,2.0,0.0,33.932,0.18,0.001,5.045,18.974,0.663,3.413,1.911,24.679,23.704,133.0,-999.0,-999.0,
1928,0.164,2.371,0.403,0.198,9.042,3.0,-999.0,0.0,0.083,6.717,4.719,3.875,8.525,2.548,3.019,0.0,23.605,9.0,2.305,9.419,31.923,0.0,4.311,15.208,5.854,4.871,10.452,1.439,0.735,10.554,0.401,34.335,4.348,0.422,0.775,1.44,1.0,0.0,13.16,1.427,0.001,5.664,18.897,0.985,0.708,3.164,18.625,17.343,105.0,-999.0,-999.0,
1929,0.017,2.06,0.455,0.267,22.779,6.0,-999.0,0.0,0.0,18.8,16.32,8.878,40.29,6.348,2.073,0.0,26.386,4.0,4.091,14.888,61.415,0.035,9.367,34.451,25.747,4.852,15.685,0.768,2.856,10.844,0.104,67.767,7.656,2.104,3.323,4.749,1.0,0.0,43.871,0.456,0.172,8.526,17.744,0.414,7.676,3.224,42.929,30.292,90.0,-999.0,-999.0,
1930,0.017,2.051,2.323,0.255,22.152,3.0,-999.0,0.0,0.0,18.06,10.301,6.449,19.65,10.18,3.102,0.214,26.416,7.0,4.249,10.805,37.524,0.167,8.701,26.075,16.6,13.833,16.64,1.96,3.03,10.784,0.018,40.372,6.381,3.976,5.093,6.142,2.0,0.0,24.305,1.466,1.13,14.744,18.486,2.653,8.511,4.09,25.089,32.502,115.0,-999.0,-999.0,
1931,0.097,3.327,0.116,0.214,9.448,3.0,-999.0,0.0,0.0,7.792,1.009,0.294,2.487,0.512,0.017,0.0,17.271,3.0,4.429,3.052,10.997,0.0,0.633,10.235,2.507,8.432,16.515,0.356,0.488,9.131,0.022,16.433,0.249,0.01,0.953,0.888,1.0,0.0,8.008,0.17,0.001,10.96,23.027,0.35,1.511,0.865,5.722,25.96,94.0,-999.0,-999.0,
1932,0.002,3.897,0.078,0.61,20.045,1.0,-999.0,0.0,0.0,18.271,5.344,2.061,20.104,5.348,0.267,0.0,11.665,6.0,1.693,5.821,44.636,0.0,3.113,34.886,21.9,16.606,7.735,1.589,1.84,7.428,0.007,57.834,1.763,0.644,2.907,1.62,2.0,0.0,36.811,0.023,0.005,15.563,10.481,0.683,5.281,2.464,24.644,39.171,99.0,-999.0,-999.0,
1933,0.062,4.543,0.63,0.318,14.507,4.0,-999.0,0.0,0.0,8.736,6.783,3.311,14.828,5.168,1.548,0.0,17.868,5.0,5.278,9.933,38.815,0.0,4.568,23.981,9.352,23.488,12.27,3.075,3.271,12.571,0.092,54.452,4.334,2.104,1.82,4.39,5.0,0.0,23.117,0.868,0.954,12.025,19.538,0.407,2.887,2.604,23.187,16.5,121.0,-999.0,-999.0,
1934,0.0,0.419,0.078,0.174,4.901,13.0,-999.0,0.0,0.042,1.131,6.796,4.703,11.853,1.527,1.666,0.0,45.048,15.0,15.399,17.563,34.692,0.0,2.549,10.387,5.833,1.235,34.114,7.001,0.488,28.161,0.12,35.433,9.864,0.01,0.723,14.454,14.0,0.0,18.428,0.013,0.005,1.88,44.554,3.759,0.684,7.702,20.987,11.988,98.0,-999.0,-999.0,
1935,0.017,0.98,0.191,0.286,8.599,10.0,-999.0,0.0,0.0,6.676,7.79,3.958,16.089,2.508,1.967,0.0,41.767,10.0,12.437,12.409,36.491,0.0,3.554,24.85,8.21,4.838,31.23,5.696,0.908,21.285,0.283,46.819,5.053,1.057,1.292,9.123,11.0,0.04,22.263,0.062,0.102,4.92,36.96,4.656,1.958,7.16,22.926,14.697,107.0,-999.0,-999.0,
1936,0.327,0.419,0.566,0.198,15.693,7.0,-999.0,0.0,0.0,11.35,22.736,15.916,38.442,12.171,7.363,0.0,31.523,14.0,9.065,24.592,58.481,0.221,15.16,47.289,33.818,3.208,28.19,5.185,0.735,21.302,0.557,78.813,15.403,1.469,1.604,15.895,6.0,0.125,50.881,2.028,0.049,3.31,34.933,3.89,4.775,11.728,40.998,26.867,106.0,-999.0,-999.0,
1937,0.002,5.672,0.078,0.588,20.557,0.0,-999.0,0.0,0.005,18.21,2.781,0.492,27.656,4.358,0.017,0.0,11.595,3.0,0.236,7.157,58.766,0.003,1.84,42.14,26.433,26.464,3.76,0.411,1.526,7.412,0.068,73.038,0.596,0.01,4.307,0.997,0.0,0.0,48.594,0.075,0.049,22.643,10.892,0.581,7.338,1.411,28.024,27.129,108.0,-999.0,-999.0,
1938,0.002,0.522,0.078,0.174,8.791,2.0,-999.0,0.0,0.0,2.612,2.721,1.016,12.934,1.145,0.221,0.0,26.636,3.0,3.468,8.274,34.202,0.003,0.857,20.426,9.765,1.708,16.911,1.689,0.488,12.609,0.022,48.88,0.746,0.01,0.698,1.344,3.0,0.0,24.099,0.016,0.005,2.261,22.463,0.489,0.684,1.066,18.069,17.262,102.0,-999.0,-999.0,
1939,0.002,1.902,0.078,0.174,12.201,5.0,-999.0,0.0,0.0,3.987,2.106,1.242,11.716,3.456,0.017,0.001,28.86,3.0,3.344,8.549,34.3,0.0,1.537,18.124,11.115,4.077,22.151,1.905,1.577,13.771,0.022,47.997,1.712,0.01,0.786,2.733,3.0,0.0,20.903,0.018,0.005,5.081,24.439,0.207,1.23,0.75,18.354,23.559,132.0,-999.0,-999.0,
1940,1.67,0.525,1.187,0.15,18.63,3.0,-999.0,0.0,0.458,2.737,14.773,10.767,28.021,11.914,6.55,0.001,27.892,10.0,3.652,10.7,47.315,1.7,13.534,28.72,22.66,4.496,24.479,1.548,1.353,18.243,1.225,50.179,8.503,1.882,1.018,4.886,5.0,0.5,35.272,4.697,0.191,4.794,21.157,3.516,0.712,4.294,27.237,23.314,115.0,-999.0,-999.0,
1941,0.062,0.419,0.078,0.15,6.93,2.0,-999.0,0.0,0.0,1.873,2.359,0.347,6.876,0.484,0.017,0.0,15.813,6.0,2.763,6.741,31.939,0.0,0.371,14.213,4.622,1.08,15.706,0.844,0.488,12.504,0.028,42.766,0.31,0.01,0.675,1.628,0.0,0.0,16.839,0.018,0.001,2.672,21.95,0.207,0.759,2.135,16.241,13.302,108.0,-999.0,-999.0,
1942,0.002,1.546,1.28,0.272,17.363,13.0,-999.0,0.0,0.0,10.301,10.08,7.093,18.658,6.571,3.859,0.0,24.451,12.0,12.028,13.359,31.038,0.1,6.655,23.046,14.76,5.113,17.888,6.128,1.156,18.916,0.403,39.282,7.639,1.691,1.441,7.453,11.0,0.0,21.967,2.174,0.001,8.233,25.003,2.969,2.759,9.034,24.525,29.158,100.0,-999.0,-999.0,
1943,0.002,0.525,0.321,0.15,12.369,5.0,-999.0,0.0,0.0,7.675,11.901,7.307,22.92,6.922,0.527,0.0,33.994,12.0,9.16,16.509,51.825,0.0,8.295,31.248,14.823,2.548,24.508,2.967,1.453,20.069,0.082,56.858,7.557,2.104,1.575,6.186,4.0,0.0,35.317,0.016,0.155,3.905,31.033,1.076,2.853,6.201,38.657,17.57,92.0,-999.0,-999.0,
1944,0.002,0.525,0.167,0.15,9.361,4.0,-999.0,0.0,0.0,6.524,5.59,1.724,14.195,1.76,0.134,0.0,29.885,8.0,3.175,8.059,28.41,0.0,2.067,21.202,10.191,8.482,21.193,1.656,0.488,15.717,0.038,42.951,3.392,0.01,0.796,2.606,3.0,0.0,20.542,0.018,0.032,7.06,31.393,0.331,0.926,2.534,21.427,28.751,89.0,-999.0,-999.0,
1945,0.002,1.865,0.167,0.15,11.389,5.0,-999.0,0.0,0.0,5.38,9.353,6.592,18.635,2.876,1.603,0.0,28.34,11.0,7.887,13.059,42.216,0.004,3.716,22.757,10.529,5.502,20.123,2.967,0.982,18.412,0.105,52.464,8.627,0.01,0.876,7.977,13.0,0.0,26.447,0.094,0.006,4.333,26.491,0.331,0.742,2.39,31.139,25.036,106.0,-999.0,-999.0,
1946,0.002,0.957,0.087,0.172,8.215,3.0,-999.0,0.0,0.0,5.165,3.391,1.379,10.569,1.643,0.076,0.0,33.407,3.0,6.713,8.573,38.923,0.0,0.909,15.32,5.237,4.549,21.124,0.627,0.611,13.16,0.021,50.928,2.172,0.01,0.872,2.251,1.0,0.003,18.925,0.016,0.006,4.502,24.028,0.546,0.826,0.707,18.698,12.604,129.0,-999.0,-999.0,
1947,0.002,0.492,0.159,0.182,11.049,1.0,-999.0,0.0,0.0,7.601,4.131,1.526,14.825,4.134,0.865,0.0,24.481,6.0,1.835,9.199,40.982,0.0,2.312,25.726,9.935,5.094,13.999,0.844,1.436,9.141,0.022,49.647,2.019,-999.0,1.196,1.548,0.0,0.0,23.076,0.016,0.26,6.113,22.412,0.621,1.846,2.158,19.46,23.704,92.0,-999.0,-999.0,
1948,0.002,1.058,0.157,0.263,20.629,15.0,-999.0,0.0,0.0,10.661,10.109,7.093,22.189,7.87,7.121,0.0,41.825,14.0,16.469,22.261,52.078,0.317,6.901,32.482,16.712,7.189,29.626,8.673,2.334,24.28,0.057,62.855,13.192,0.01,1.84,13.698,9.0,0.0,32.215,1.185,0.007,7.75,30.443,2.99,1.79,7.555,34.402,36.543,124.0,-999.0,-999.0,
1949,0.002,3.597,0.098,0.906,21.151,2.0,-999.0,0.0,0.0,27.163,3.831,0.92,18.605,4.903,0.233,0.004,11.824,2.0,1.681,6.075,45.81,0.004,2.468,47.206,22.576,28.401,8.138,0.844,3.023,7.523,0.022,69.246,0.444,0.422,3.425,0.422,2.0,0.0,40.845,0.029,0.511,22.45,10.969,0.207,8.064,0.303,20.778,34.205,100.0,-999.0,-999.0,
1950,0.164,0.525,0.161,0.455,15.141,7.0,-999.0,0.0,0.0,15.257,8.091,4.644,27.454,5.198,1.313,0.0,25.339,6.0,8.826,13.048,62.519,0.0,3.272,37.986,21.87,6.781,15.574,1.862,0.795,13.915,0.122,81.02,3.111,0.01,5.081,4.988,5.0,0.0,45.022,0.547,0.005,8.79,21.949,0.456,11.045,1.159,37.046,21.221,120.0,-999.0,-999.0,
1951,0.164,0.374,1.474,0.223,17.706,2.0,-999.0,0.0,0.0,8.954,12.155,8.015,29.686,7.095,2.993,0.143,25.44,7.0,4.655,13.62,57.238,1.167,7.042,41.653,19.554,4.934,12.031,2.046,2.982,13.961,0.118,76.489,7.809,1.691,1.534,3.986,1.0,0.0,42.607,1.228,0.881,7.19,18.461,1.118,2.023,3.517,35.782,32.665,117.0,-999.0,-999.0,
1952,0.002,0.845,0.075,0.271,13.754,2.0,-999.0,0.0,0.0,7.715,1.731,0.568,11.261,2.887,0.017,0.004,14.179,3.0,1.956,5.271,32.05,0.0,0.7,25.297,11.53,6.291,7.443,0.844,1.279,7.869,0.007,44.551,0.491,0.01,1.516,0.502,2.0,0.0,23.143,0.016,0.005,9.692,13.945,0.331,1.663,0.489,15.13,36.886,101.0,-999.0,-999.0,
1953,0.002,0.795,0.078,0.15,7.552,0.0,-999.0,0.0,0.0,1.791,3.054,1.84,8.825,1.18,0.672,0.0,10.877,0.0,0.236,4.84,30.865,0.0,0.915,6.588,4.413,2.182,3.08,0.411,1.579,6.419,0.036,29.631,1.235,0.01,0.723,0.16,0.0,0.0,13.723,0.016,0.005,3.108,8.018,0.331,0.684,0.016,16.478,15.476,112.0,-999.0,-999.0,
1954,0.002,0.544,0.137,0.15,8.964,2.0,-999.0,0.0,0.0,4.107,2.145,0.748,9.567,2.191,1.183,0.0,19.983,3.0,4.572,7.118,27.778,0.0,1.142,21.371,8.355,4.543,11.111,2.989,0.488,12.913,0.05,38.465,1.227,0.01,1.006,1.645,3.0,0.0,19.299,0.016,0.007,2.667,21.026,0.656,1.944,0.947,13.68,21.855,109.0,-999.0,-999.0,
1955,0.002,0.957,0.078,0.19,13.653,3.0,-999.0,0.0,0.0,11.395,6.769,6.565,19.834,2.1,1.845,0.0,27.692,13.0,4.621,10.42,56.404,0.0,2.683,38.544,15.798,12.514,12.99,3.551,1.042,16.888,0.054,75.457,6.054,0.01,1.675,5.479,5.0,0.0,36.936,0.145,0.005,11.181,24.465,1.411,2.471,5.279,29.235,42.858,124.0,-999.0,-999.0,
1956,0.002,0.902,0.078,0.267,14.112,0.0,-999.0,0.0,0.0,10.893,2.393,1.442,14.507,2.773,0.017,0.0,15.883,5.0,1.723,7.743,45.274,0.0,0.982,24.272,10.082,6.982,11.364,0.551,0.488,11.434,0.022,55.385,1.775,0.01,1.828,0.966,0.0,0.0,29.498,0.016,0.005,5.867,14.458,0.581,3.761,1.219,22.107,30.589,126.0,-999.0,-999.0,
1957,0.002,0.419,0.071,0.191,9.73,3.0,-999.0,0.0,0.0,13.591,5.77,3.302,13.817,2.668,0.385,0.0,26.776,6.0,6.307,10.138,41.353,0.0,1.494,28.592,11.266,8.294,14.747,3.626,0.843,13.156,0.151,45.295,3.411,0.01,3.129,3.914,7.0,0.0,24.591,0.016,0.005,4.728,25.465,0.482,6.245,2.593,24.58,28.85,78.0,-999.0,-999.0,
1958,1.154,0.52,0.327,0.15,7.785,4.0,-999.0,0.0,0.042,2.918,12.437,9.012,26.069,2.308,3.582,0.0,35.301,16.0,7.196,17.095,42.376,0.1,5.329,14.24,13.565,1.08,22.589,4.005,0.488,21.954,0.599,45.113,10.534,0.422,0.723,9.155,7.0,0.0,26.382,2.625,0.005,2.54,38.55,1.463,0.684,5.612,30.917,22.471,110.0,-999.0,-999.0,
1959,0.002,0.419,0.387,0.15,12.172,1.0,-999.0,0.0,0.0,4.877,9.027,4.643,22.387,5.362,2.239,0.0,31.762,10.0,5.338,16.288,42.478,0.001,4.186,27.29,14.08,5.508,17.741,1.698,1.874,16.188,0.082,47.789,4.913,1.469,1.095,3.024,1.0,0.0,29.014,0.494,0.246,3.392,27.467,1.436,1.535,3.932,33.008,18.884,123.0,-999.0,-999.0,
1960,0.002,1.212,0.095,0.215,20.054,1.0,-999.0,0.0,0.0,8.389,9.256,7.33,23.879,6.845,4.322,0.004,23.703,17.0,3.419,13.228,44.835,0.0,4.434,26.656,23.547,5.223,17.067,2.835,1.526,17.269,0.241,60.122,7.209,0.422,1.328,5.595,2.0,0.0,39.269,0.839,0.256,6.825,17.46,2.878,1.827,6.314,21.617,26.513,89.0,-999.0,-999.0,
1961,0.002,1.404,0.146,0.166,11.163,9.0,-999.0,0.0,0.0,5.479,10.38,7.392,19.67,4.5,3.156,0.004,31.043,9.0,15.856,13.925,30.902,0.0,5.12,14.105,14.649,4.227,26.874,8.088,1.032,22.443,0.103,43.908,8.019,0.01,0.928,7.496,16.0,0.0,25.757,0.643,0.005,4.422,31.597,2.18,1.21,5.706,22.953,15.948,131.0,-999.0,-999.0,
1962,1.322,1.55,2.484,0.45,21.232,6.0,-999.0,0.0,0.333,10.258,13.179,8.55,26.689,9.762,6.11,0.357,42.852,10.0,13.258,19.477,46.409,1.883,9.06,30.191,22.789,13.22,30.799,2.782,3.133,21.578,0.639,55.214,9.802,1.469,1.893,9.538,5.0,0.083,36.033,4.406,0.242,11.0,33.522,1.951,1.89,7.908,34.163,28.751,86.0,-999.0,-999.0,
1963,1.164,1.496,1.5,0.223,23.642,9.0,-999.0,0.0,0.249,10.178,29.272,25.377,40.667,13.279,9.058,0.0,43.041,18.0,15.382,30.253,53.345,0.517,16.067,29.423,26.759,9.436,29.269,6.679,4.352,24.66,0.404,55.27,21.461,2.929,1.562,16.952,6.0,0.0,41.574,3.555,0.329,10.92,35.061,5.092,2.051,10.557,49.299,19.11,88.0,-999.0,-999.0,
1964,0.327,0.651,0.229,0.15,11.985,1.0,-999.0,0.0,0.0,9.316,3.158,1.886,12.922,2.912,1.485,0.0,22.495,8.0,6.193,8.69,40.769,0.0,2.544,23.727,10.299,6.291,14.896,2.186,0.858,13.654,0.068,56.951,2.253,0.01,1.472,4.234,3.0,0.0,26.481,0.431,0.093,6.65,17.511,1.406,2.404,2.11,18.639,23.821,118.0,-999.0,-999.0,
1965,0.002,0.525,0.136,0.174,12.015,4.0,-999.0,0.0,0.0,3.205,8.345,8.637,21.311,2.093,5.047,0.0,23.922,8.0,8.521,13.429,48.137,0.004,3.979,29.375,16.365,4.943,17.214,3.81,1.105,14.673,0.1,64.196,6.88,0.01,0.748,6.39,9.0,0.0,35.97,0.617,0.005,3.278,22.976,1.868,0.733,5.121,27.736,19.744,107.0,-999.0,-999.0,
1966,1.159,1.544,0.813,0.174,17.627,2.0,-999.0,0.0,0.542,3.908,7.84,6.149,23.87,6.736,3.481,0.0,19.174,8.0,5.308,13.95,53.209,0.504,4.598,28.332,19.305,5.893,13.955,1.72,1.783,14.702,0.443,64.439,6.108,0.644,0.748,6.155,4.0,0.167,37.768,1.786,0.252,5.406,21.59,1.626,0.781,6.469,32.828,23.64,130.0,-999.0,-999.0,
1967,0.017,2.504,0.078,0.15,10.59,4.0,-999.0,0.0,0.0,4.544,6.242,4.468,16.934,1.665,1.586,0.0,32.34,8.0,6.666,14.746,46.453,0.0,1.879,18.644,9.009,2.967,20.187,4.005,1.293,16.844,0.162,55.218,4.231,0.01,1.243,3.527,4.0,0.0,25.721,0.016,0.005,6.279,28.005,2.096,0.765,3.683,27.331,18.576,100.0,-999.0,-999.0,
1968,0.002,4.391,0.167,0.198,14.42,9.0,-999.0,0.0,0.0,6.216,8.836,7.853,20.164,4.641,2.215,0.0,48.12,19.0,14.877,15.112,39.693,0.0,4.564,24.908,13.974,2.795,31.38,4.956,0.611,25.797,0.021,49.47,8.47,0.422,1.639,10.495,10.0,0.0,27.061,0.016,0.005,7.416,37.986,3.211,2.663,7.246,25.492,17.651,102.0,-999.0,-999.0,
1969,0.002,0.419,0.078,0.147,8.036,0.0,-999.0,0.0,0.0,5.827,5.457,4.151,19.747,1.672,0.549,0.0,29.957,6.0,3.622,9.031,43.073,0.0,1.943,33.501,13.208,2.577,14.569,0.411,0.991,13.075,0.021,60.238,3.262,0.01,1.725,2.616,1.0,0.0,32.778,0.145,0.005,3.01,22.514,0.621,3.822,2.842,25.636,18.43,101.0,-999.0,-999.0,
1970,0.657,0.921,0.699,0.232,8.961,3.0,-999.0,0.0,0.208,3.97,13.333,11.875,24.007,3.001,8.478,0.0,39.303,10.0,12.473,16.981,53.294,0.0,7.262,24.347,15.48,5.022,27.908,3.636,1.799,23.002,1.027,64.781,10.796,0.01,0.923,11.12,3.0,0.125,34.842,3.859,0.005,4.231,40.141,3.921,1.017,6.955,34.37,15.395,102.0,-999.0,-999.0,
1971,0.002,2.15,0.216,0.28,11.753,9.0,-999.0,0.0,0.0,5.196,8.438,6.201,20.592,4.645,3.236,0.0,39.273,8.0,13.515,13.619,45.357,0.067,3.616,28.38,12.682,9.069,20.618,2.889,2.774,17.854,0.064,58.245,6.121,0.01,0.955,5.765,8.0,0.0,31.086,0.859,0.199,9.441,28.544,0.995,1.178,2.705,30.074,17.424,111.0,-999.0,-999.0,
1972,0.002,0.419,0.187,0.695,18.03,-999.0,-999.0,0.0,0.0,17.018,11.405,7.417,32.29,7.989,2.064,0.0,43.721,7.0,6.532,18.502,59.117,0.0,5.115,34.778,24.129,10.536,18.055,1.762,1.528,16.661,0.293,68.828,7.96,0.422,5.462,6.006,3.0,0.0,41.132,0.889,0.005,9.975,24.465,1.74,6.033,3.184,40.829,24.791,122.0,-999.0,-999.0,
1973,0.002,0.419,0.167,0.15,13.654,4.0,-999.0,0.0,0.0,6.175,5.154,2.076,15.644,4.066,0.0,0.0,23.837,5.0,4.512,9.258,29.096,0.0,3.713,20.113,12.896,4.43,13.713,0.844,1.289,15.712,0.022,37.005,2.146,1.278,1.082,3.188,0.0,0.0,20.196,0.016,0.245,11.799,23.541,1.475,1.642,1.078,19.699,21.384,107.0,-999.0,-999.0,
1974,0.002,0.902,0.098,0.264,19.541,2.0,-999.0,0.0,0.0,12.234,6.611,3.073,15.435,7.155,0.017,0.0,27.677,1.0,6.178,11.899,32.829,0.0,4.7,17.05,14.055,6.005,13.902,1.71,1.847,13.113,0.029,45.63,3.495,0.01,2.992,1.315,3.0,0.001,21.564,0.016,0.005,7.929,18.614,0.419,4.627,0.549,22.619,23.867,-999.0,-999.0,-999.0,
1975,0.002,1.404,0.098,0.15,14.557,2.0,-999.0,0.0,0.0,6.286,3.451,1.203,16.972,2.254,0.017,0.0,32.313,3.0,6.43,7.843,46.485,0.0,1.4,29.809,12.835,4.352,14.088,0.411,1.71,11.055,0.029,59.024,1.698,0.01,0.847,1.809,1.0,0.0,29.378,0.016,0.005,5.413,22.053,0.746,1.208,1.319,23.677,19.744,124.0,-999.0,-999.0,
1976,0.002,0.757,0.279,0.15,14.444,4.0,-999.0,0.0,0.001,4.231,11.581,5.526,23.282,4.651,1.97,0.0,49.178,10.0,10.219,17.986,49.024,0.0,4.885,18.869,16.011,2.343,22.023,2.434,3.809,21.29,0.137,53.557,8.136,0.01,0.976,8.927,3.0,0.0,30.436,0.375,0.005,5.369,36.112,1.285,0.785,4.181,38.723,19.744,111.0,-999.0,-999.0,
1977,0.829,0.936,1.854,0.507,11.802,5.0,-999.0,0.0,0.458,6.434,27.677,22.55,33.767,8.431,11.502,0.0,39.693,28.0,9.316,23.98,47.271,0.383,16.44,24.643,19.425,3.212,24.738,5.034,2.026,20.694,1.202,55.356,22.759,1.057,1.597,17.316,5.0,0.0,34.856,4.455,0.005,4.536,23.566,6.061,1.759,16.449,43.356,17.325,103.0,-999.0,-999.0,
1978,0.017,2.645,0.234,0.199,17.304,2.0,-999.0,0.0,0.001,8.075,21.462,17.447,41.283,9.384,5.827,0.0,43.471,22.0,7.245,26.368,63.562,0.0,10.71,40.031,33.681,4.053,22.19,3.626,2.03,20.719,0.097,79.394,15.313,0.422,1.652,12.182,8.0,0.0,53.244,0.994,0.111,5.154,33.598,3.342,3.684,11.188,45.7,27.111,95.0,-999.0,-999.0,
1979,0.002,0.98,1.08,0.288,21.487,10.0,-999.0,0.0,0.0,17.101,23.725,19.244,35.814,16.104,4.07,0.0,34.236,16.0,10.677,23.412,51.485,0.0,16.407,37.091,31.719,5.098,21.16,7.385,2.575,21.154,0.185,67.651,14.064,1.248,3.042,14.995,8.0,0.002,44.103,1.112,0.102,9.838,26.106,5.39,6.997,8.883,39.258,24.402,117.0,-999.0,-999.0,
1980,0.002,0.419,0.093,0.166,9.173,5.0,-999.0,0.0,0.0,6.812,9.227,5.383,17.998,5.402,1.848,0.0,42.524,11.0,7.974,16.991,44.341,0.0,3.881,27.709,14.888,2.343,23.637,3.324,0.611,19.946,0.114,52.101,5.516,0.01,1.966,5.679,3.0,0.0,27.11,0.455,0.007,2.473,27.492,1.803,3.281,7.217,32.008,17.959,92.0,-999.0,-999.0,
1981,0.002,0.419,0.27,0.15,7.735,6.0,-999.0,0.0,0.042,2.341,10.554,8.485,17.34,2.749,2.721,0.0,30.425,13.0,11.007,14.19,32.754,0.033,4.872,9.081,9.788,0.919,21.291,5.381,1.092,16.849,0.275,32.026,9.231,0.422,0.723,7.843,11.0,0.0,20.037,0.554,0.005,1.922,20.564,1.87,0.857,10.425,24.17,12.197,71.0,-999.0,-999.0,
1982,1.322,0.67,1.688,0.32,15.258,8.0,-999.0,0.0,0.75,11.529,16.489,11.369,29.059,10.849,3.729,0.0,52.847,7.0,12.944,22.16,48.68,0.85,9.632,31.213,23.37,5.51,27.801,5.511,3.693,20.877,0.709,61.407,10.298,1.248,1.096,6.085,9.0,0.085,35.912,3.441,0.005,7.444,33.573,5.891,2.32,6.856,34.64,28.053,118.0,-999.0,-999.0,
1983,0.657,0.419,1.875,0.182,13.474,4.0,-999.0,0.0,0.377,7.864,11.522,8.28,19.23,11.562,4.105,0.0,26.077,-999.0,10.173,12.1,36.601,0.517,10.595,20.846,17.351,1.946,14.761,2.359,3.493,12.391,0.605,36.744,6.759,1.278,2.021,5.352,2.0,0.0,26.148,2.353,0.381,2.759,19.076,4.081,2.923,6.132,20.658,19.211,87.0,-999.0,-999.0,
1984,0.017,0.419,0.757,0.232,12.816,4.0,-999.0,0.0,0.0,9.858,8.785,6.383,15.877,5.382,4.751,0.0,36.5,12.0,7.666,15.662,37.728,0.0,4.406,22.185,10.612,5.02,15.813,4.649,1.526,15.926,0.037,43.259,8.315,1.691,1.432,9.688,4.0,0.0,23.84,1.69,0.008,9.865,20.0,2.988,2.176,4.998,20.276,13.629,109.0,-999.0,-999.0,
1985,2.205,0.957,1.681,0.196,17.963,3.0,-999.0,0.0,1.354,21.733,20.201,13.601,36.824,10.694,3.459,0.0,41.458,9.0,5.226,18.934,57.631,1.117,11.739,39.091,27.282,9.31,22.351,3.671,2.936,12.791,1.659,62.542,12.765,0.422,2.769,10.062,2.0,0.956,43.288,3.172,0.443,7.573,21.437,2.473,5.263,6.691,40.419,20.506,95.0,-999.0,-999.0,
1986,0.212,0.419,0.095,0.15,8.091,2.0,-999.0,0.0,0.042,3.442,7.536,2.635,15.771,1.511,2.605,0.0,23.036,5.0,3.498,13.145,32.368,0.0,2.667,16.002,9.488,1.235,13.385,0.682,1.947,11.805,0.303,33.386,3.833,0.644,0.723,4.177,1.0,0.0,17.648,0.515,0.058,2.251,21.437,0.803,0.834,2.564,25.019,11.807,96.0,-999.0,-999.0,
1987,0.0,1.061,0.046,0.162,10.865,2.0,-999.0,0.0,0.0,5.005,4.278,2.475,3.378,0.711,0.333,0.0,31.813,4.0,9.704,6.843,11.02,0.0,1.419,8.203,2.551,7.166,18.262,3.216,3.269,16.323,0.173,11.611,2.51,0.01,0.943,5.668,4.0,0.0,5.879,0.015,0.049,5.394,21.488,1.99,1.329,3.12,7.855,13.383,90.0,-999.0,-999.0,
1988,0.0,0.525,0.72,0.256,15.963,3.0,-999.0,0.0,0.0,5.428,11.784,6.002,23.79,6.155,0.528,0.0,42.676,11.0,10.947,15.774,46.694,0.0,6.703,20.974,20.088,6.168,17.332,6.19,1.105,17.196,0.078,48.301,6.942,1.691,1.026,9.722,8.0,0.0,30.771,0.97,0.005,7.385,25.389,3.501,1.317,5.269,34.479,17.959,101.0,-999.0,-999.0,
1989,0.972,0.757,2.164,0.41,23.273,4.0,-999.0,0.0,0.0,12.382,17.133,11.122,26.729,12.042,6.566,0.071,57.917,10.0,5.56,18.766,56.987,1.307,13.657,29.651,24.423,11.537,19.681,1.219,3.764,19.858,0.431,62.519,9.512,4.61,2.643,8.715,7.0,0.0,37.844,3.055,1.138,11.914,35.319,6.473,3.199,8.155,36.219,26.105,99.0,-999.0,-999.0,
1990,0.0,1.69,0.158,0.482,16.702,1.0,-999.0,0.0,0.0,10.853,3.587,1.044,11.238,5.541,0.006,0.0,24.332,1.0,1.956,7.665,26.143,0.0,2.209,21.032,10.899,16.265,5.24,0.627,2.716,5.0,0.009,33.943,0.73,1.66,2.697,1.383,1.0,0.0,17.074,0.016,0.049,9.213,6.992,0.648,3.924,0.655,14.7,16.011,113.0,-999.0,-999.0,
1991,0.002,0.419,0.078,0.166,10.849,2.0,-999.0,0.0,0.0,4.386,4.493,0.874,19.183,1.422,0.017,0.0,30.526,6.0,2.012,8.967,38.733,0.0,1.718,17.887,10.3,4.75,11.656,1.06,0.858,8.589,0.042,41.625,1.276,0.01,0.851,0.925,2.0,0.0,22.255,0.016,0.005,5.432,18.41,0.511,0.857,1.172,25.633,14.145,101.0,-999.0,-999.0,
1992,0.002,0.419,0.058,0.19,8.428,2.0,-999.0,0.0,0.0,4.492,3.014,1.987,5.601,0.408,0.35,0.0,26.816,-999.0,2.091,7.886,21.053,0.0,0.471,11.721,4.094,6.119,12.954,0.627,0.611,12.328,0.021,25.746,2.975,0.01,0.998,0.983,1.0,0.0,10.369,0.021,0.009,4.991,22.361,0.511,0.744,1.24,13.2,14.017,112.0,-999.0,-999.0,
1993,0.002,0.419,0.085,0.324,12.545,1.0,-999.0,0.0,0.0,8.675,4.863,3.48,20.085,3.085,0.123,0.0,43.692,2.0,7.906,13.802,45.165,0.0,2.29,29.639,14.162,9.046,20.212,2.912,0.982,20.932,0.124,49.424,3.95,0.01,2.086,7.409,4.0,0.0,32.036,0.091,0.005,5.217,27.954,0.838,3.132,2.073,24.596,22.163,67.0,-999.0,-999.0,
1994,0.385,0.525,0.386,0.214,8.496,8.0,-999.0,0.0,0.0,3.471,12.038,9.305,26.477,1.801,5.924,0.0,43.262,10.0,18.489,23.401,42.962,0.0,3.793,18.758,14.223,3.208,27.487,6.147,0.858,26.352,0.952,52.103,11.236,0.01,1.027,13.291,12.0,0.0,30.568,1.455,0.006,2.528,34.908,4.003,0.945,8.925,28.577,9.261,106.0,-999.0,-999.0,
1995,0.002,0.419,0.08,0.15,7.51,-999.0,-999.0,0.0,0.0,2.346,7.281,4.497,15.847,2.575,0.0,0.0,30.925,9.0,6.521,11.914,37.502,0.0,2.737,20.279,11.022,2.895,12.191,2.207,0.611,14.669,0.086,47.846,5.142,0.01,0.955,2.268,1.0,0.0,21.188,0.091,0.006,2.471,19.024,1.848,0.917,5.338,25.745,12.895,110.0,-999.0,-999.0,
1996,0.489,0.419,0.672,0.15,18.558,-999.0,-999.0,0.0,0.0,7.058,11.638,6.101,29.679,10.686,2.467,0.0,29.887,8.0,9.524,21.287,56.699,0.001,8.508,42.168,27.28,2.263,19.405,3.961,1.353,17.039,0.738,72.763,8.182,2.104,1.728,10.178,7.0,0.0,45.388,1.909,0.005,2.883,18.049,2.581,4.032,7.423,35.949,24.692,126.0,-999.0,-999.0,
1997,0.002,0.419,0.475,0.166,12.194,2.0,-999.0,0.0,0.0,5.511,10.889,7.027,17.246,4.201,1.419,0.0,24.741,5.0,2.812,9.647,36.521,0.0,8.921,19.706,11.847,1.868,6.519,0.984,1.98,11.514,0.022,43.82,6.199,0.01,0.872,3.427,1.0,0.0,25.906,0.496,0.005,4.273,18.049,1.444,0.842,4.796,20.64,18.901,111.0,-999.0,-999.0,
1998,0.002,0.419,0.078,0.263,11.344,-999.0,-999.0,0.0,0.0,6.433,2.32,0.284,9.931,2.536,0.0,0.0,14.527,1.0,0.818,4.12,23.94,0.0,0.861,17.473,9.14,5.067,5.257,0.411,0.611,5.618,0.036,33.744,0.212,0.01,1.528,0.524,0.0,0.0,18.109,0.016,0.004,4.074,5.372,0.456,1.709,0.488,10.897,14.453,97.0,-999.0,-999.0,
1999,0.002,0.419,0.078,0.15,5.269,-999.0,-999.0,0.0,0.0,1.437,7.963,4.037,12.805,1.164,0.0,0.0,17.619,3.0,4.782,11.154,25.118,0.0,2.571,4.879,5.168,1.868,9.813,0.844,0.611,14.418,0.007,26.705,3.941,0.01,0.748,1.877,1.0,0.0,12.997,0.016,0.005,1.765,18.049,0.207,0.712,1.112,19.182,4.603,127.0,-999.0,-999.0,
2000,0.002,0.419,0.098,0.15,7.591,-999.0,-999.0,0.0,0.0,2.09,12.948,8.165,22.893,2.297,0.279,0.0,24.591,5.0,9.959,14.824,39.31,0.0,4.308,18.47,12.018,1.472,14.659,2.165,0.611,18.834,0.31,46.54,10.591,0.01,0.888,4.306,0.0,0.0,24.687,0.173,0.005,1.673,31.648,0.845,0.911,6.552,27.752,6.452,69.0,-999.0,-999.0,
2001,0.002,0.308,0.242,0.15,7.927,-999.0,-999.0,0.0,0.0,2.691,4.213,1.051,15.071,1.507,0.162,0.0,29.827,1.0,3.254,5.481,30.216,0.0,2.556,15.003,7.392,2.813,7.621,0.627,1.476,6.061,0.077,34.885,0.925,0.01,0.971,0.16,0.0,0.0,22.038,0.04,0.005,3.735,18.639,0.456,0.733,0.243,17.278,7.865,89.0,-999.0,-999.0,
2002,0.002,0.67,0.098,0.198,11.802,-999.0,-999.0,0.0,0.001,2.951,1.875,0.388,6.197,1.664,0.017,0.0,8.92,3.0,0.236,4.763,19.443,0.003,1.225,21.449,5.935,3.764,3.186,0.411,1.105,7.444,0.022,36.487,0.324,0.01,0.944,0.16,0.0,0.0,14.916,0.09,0.005,4.176,12.173,0.8,0.66,1.172,9.124,14.389,80.0,-999.0,-999.0,
2003,0.002,0.419,0.213,0.15,7.482,7.0,-999.0,0.0,0.001,1.914,6.775,3.947,18.544,2.494,2.135,0.0,38.006,6.0,15.695,15.797,42.615,0.054,3.463,19.038,9.561,0.919,25.83,3.702,0.858,21.709,0.169,55.69,5.21,0.01,0.793,5.417,5.0,0.0,24.101,0.487,0.005,2.051,42.193,1.411,0.877,3.258,29.644,6.842,97.0,-999.0,-999.0,
2004,0.002,0.419,0.207,0.174,12.46,9.0,-999.0,0.0,0.0,3.698,7.703,5.489,19.672,4.579,0.721,0.0,30.236,11.0,12.482,16.17,32.996,0.001,2.608,13.868,15.49,4.075,17.203,2.11,0.908,21.216,0.022,39.125,7.005,0.01,1.107,7.231,7.0,0.0,22.545,0.21,0.097,4.6,37.215,0.871,1.932,5.192,26.503,8.79,103.0,-999.0,-999.0,
2005,0.0,0.544,0.066,0.144,8.901,6.0,-999.0,0.0,0.0,5.5,5.466,2.371,16.569,3.671,0.017,0.0,29.737,-999.0,11.487,11.056,31.133,0.001,1.228,21.775,14.239,2.895,17.773,3.107,1.156,18.176,0.055,39.326,4.286,0.01,1.197,4.963,7.0,0.0,23.38,0.012,0.006,2.312,29.698,0.927,1.426,1.579,21.253,9.569,80.0,-999.0,-999.0,
2006,0.002,0.262,0.073,0.144,10.422,0.0,-999.0,0.0,0.0,3.729,2.296,0.351,4.016,1.085,0.017,0.001,4.374,1.0,0.236,3.88,13.9,0.001,0.62,10.799,5.189,3.61,3.742,0.411,1.105,5.243,0.023,19.091,0.364,0.01,1.029,0.16,0.0,0.0,7.33,0.016,0.006,2.906,7.068,0.331,1.026,1.12,6.728,12.912,115.0,-999.0,-999.0,
2007,0.002,0.632,0.044,0.174,17.04,5.0,-999.0,0.0,0.001,5.222,7.853,4.792,20.149,2.407,0.265,0.001,31.054,4.0,2.395,10.776,39.778,0.001,1.695,15.874,16.912,5.647,11.04,0.649,1.229,15.172,0.021,48.385,8.239,0.01,0.943,6.195,0.0,0.0,25.454,0.016,0.002,7.498,29.159,0.429,1.443,5.235,24.609,19.436,103.0,-999.0,-999.0,
2008,0.002,0.632,0.052,0.194,12.006,0.0,-999.0,0.0,0.0,6.75,9.325,3.036,31.163,3.346,0.0,0.0,26.556,5.0,2.856,12.761,51.833,0.025,2.282,24.453,19.819,4.662,8.373,0.919,0.611,9.247,0.026,57.976,2.738,0.01,1.465,0.761,0.0,0.0,37.418,0.016,0.002,4.117,16.536,0.456,3.431,1.044,42.93,16.42,119.0,-999.0,-999.0,
2009,0.002,0.308,0.073,0.272,12.223,3.0,-999.0,0.0,0.0,7.381,7.187,5.271,21.805,2.488,1.003,0.0,33.249,2.0,8.611,15.266,46.137,0.026,1.953,25.24,16.017,7.384,18.514,1.861,1.032,15.107,0.054,61.825,7.59,0.01,1.321,5.396,6.0,0.0,31.157,0.016,0.005,5.69,22.54,2.332,2.264,4.632,32.832,-999.0,110.0,-999.0,-999.0,
2010,0.002,0.415,0.073,0.202,8.17,0.0,-999.0,0.0,0.012,3.048,9.193,2.498,24.308,4.256,0.301,0.0,9.16,5.0,0.236,4.253,40.034,0.001,6.434,20.783,11.471,2.553,4.777,0.411,0.611,6.701,0.082,49.064,2.365,0.01,0.955,2.218,0.0,0.0,28.011,0.06,0.002,3.5,7.607,1.831,1.474,2.6,18.574,9.443,96.0,-999.0,-999.0,
2011,0.002,0.98,0.192,0.222,19.349,2.0,-999.0,0.0,0.012,4.108,6.513,3.012,17.44,9.166,1.518,0.0,23.991,3.0,8.372,9.858,36.826,0.004,5.187,22.635,16.779,3.688,12.59,1.514,5.347,12.292,0.144,48.087,4.115,1.882,1.034,4.517,8.0,0.0,31.589,0.369,0.179,5.674,17.562,0.456,1.396,1.499,17.503,26.188,104.0,-999.0,-999.0,
2012,0.002,0.651,0.078,0.152,8.393,0.0,-999.0,0.0,0.016,1.048,1.038,0.262,7.417,0.93,0.0,0.0,10.019,1.0,0.634,3.088,19.463,0.003,0.28,11.712,7.28,4.321,4.858,0.411,0.858,5.701,0.022,29.608,0.353,0.01,0.759,0.397,0.0,0.0,14.375,0.016,0.009,2.529,6.581,0.152,0.682,0.456,7.966,10.838,119.0,-999.0,-999.0,
2013,0.062,1.29,0.073,0.466,16.612,1.0,-999.0,0.0,0.007,10.987,4.793,0.961,19.521,1.928,0.0,0.001,18.297,2.0,4.433,10.679,48.392,0.0,1.138,16.17,12.197,13.885,10.009,0.411,1.105,10.309,0.022,54.869,0.812,0.01,2.213,0.864,1.0,0.0,27.207,0.016,0.009,14.891,17.075,0.152,1.309,0.794,28.71,20.832,110.0,-999.0,-999.0,
2014,0.696,0.419,0.291,0.144,17.203,2.0,-999.0,0.0,0.007,5.183,20.428,12.877,34.649,8.159,3.568,0.001,39.883,16.0,10.601,29.183,59.767,0.001,8.306,29.006,25.18,1.235,21.217,4.795,1.105,22.117,0.741,60.102,18.014,0.422,1.337,16.758,5.0,0.0,39.05,1.572,0.009,2.794,30.032,5.189,1.274,10.715,45.978,15.052,80.0,-999.0,-999.0,
2015,0.0,0.525,0.073,0.152,8.314,10.0,-999.0,0.0,0.007,3.502,14.432,9.093,24.866,1.435,4.952,0.001,42.114,17.0,19.24,23.734,36.263,0.002,3.354,15.675,14.281,3.735,26.421,6.172,0.735,27.78,0.428,40.362,19.32,0.01,1.11,15.849,14.0,0.0,26.816,0.804,0.007,2.929,37.088,5.104,0.855,12.059,31.19,20.607,82.0,-999.0,-999.0,
2016,0.0,0.632,0.073,0.177,9.334,3.0,-999.0,0.0,0.0,5.184,5.328,2.241,13.737,3.664,0.0,0.0,16.672,6.0,5.89,6.788,25.028,0.003,2.885,14.137,7.692,2.817,8.587,0.844,0.908,10.116,0.035,26.931,2.23,0.835,1.156,2.352,2.0,0.0,16.472,0.017,0.006,4.234,13.021,0.705,2.141,3.603,21.195,8.047,80.0,-999.0,-999.0,
2017,0.0,0.419,0.066,0.172,8.549,0.0,-999.0,0.0,0.0,9.425,5.849,3.74,10.182,2.326,0.007,0.0,20.233,2.0,5.665,7.926,26.481,0.009,1.732,25.16,10.062,2.727,11.16,0.649,1.315,9.997,0.051,38.761,3.316,0.644,1.823,0.578,3.0,0.0,18.609,0.017,0.009,3.499,17.511,0.469,3.517,1.826,17.261,12.523,98.0,-999.0,-999.0,
2018,0.0,0.419,0.479,0.177,10.123,4.0,-999.0,0.0,0.0,2.468,11.67,7.907,19.621,5.205,2.261,0.0,19.106,8.0,6.078,9.885,36.328,0.0,7.471,22.95,14.147,0.339,9.613,3.032,0.735,14.326,0.137,46.545,7.388,0.422,0.902,4.612,4.0,0.002,28.759,0.095,0.002,2.242,19.025,2.451,0.799,7.582,23.452,11.644,74.0,-999.0,-999.0,
2019,0.0,0.888,0.066,0.177,10.576,4.0,-999.0,0.0,0.0,4.791,7.756,4.188,25.793,2.399,0.272,0.0,24.064,4.0,5.612,15.639,48.91,0.028,2.634,33.846,16.27,1.287,14.569,1.558,1.229,15.184,0.021,56.915,4.619,0.01,0.782,4.692,1.0,0.0,36.138,0.0,0.001,2.985,29.133,0.696,1.09,3.25,29.969,18.103,69.0,-999.0,-999.0,
2020,0.047,0.308,0.066,0.162,8.076,0.0,-999.0,0.0,0.0,1.735,2.627,0.607,11.439,0.679,0.007,0.006,10.527,0.0,2.225,4.063,22.13,0.02,1.111,11.186,6.213,0.339,8.006,0.772,0.863,7.626,0.021,27.268,0.6,0.01,0.675,0.476,0.0,0.0,13.686,0.025,0.0,2.071,14.124,0.254,0.905,0.456,11.392,5.636,86.0,-999.0,-999.0,
