Year,AL,AZ,AR,CA,CO,CT,DE,FL,GA,ID,IL,IN,IA,KS,KY,LA,ME,MD,MA,MI,MN,MS,MO,MT,NE,NV,NH,NJ,NM,NY,NC,ND,OH,OK,OR,PA,RI,SC,SD,TN,TX,UT,VT,VA,WA,WV,WI,WY,AK,HI,PR,VI
1900,0.158,10.136,4.468,8.895,3.997,0.0,-999.0,1.653,3.382,3.762,0.585,0.411,0.18,12.129,2.623,2.048,0.0,-999.0,0.0,0.117,0.182,1.175,3.049,2.501,3.669,2.285,0.0,0.257,23.25,0.004,5.836,3.075,0.355,-999.0,1.18,0.004,0.0,4.312,4.272,0.373,7.72,14.764,0.0,2.639,2.043,0.0,0.806,0.239,-999.0,-999.0,-999.0,
1901,3.49,11.268,26.465,10.328,6.262,0.0,-999.0,0.002,1.633,7.676,11.413,8.777,14.623,30.647,12.19,9.528,0.994,-999.0,0.0,0.485,2.554,8.921,24.145,2.462,18.008,3.028,0.0,0.851,15.55,0.375,0.493,1.379,1.138,-999.0,1.727,0.034,0.0,0.606,10.319,4.953,24.807,19.148,0.0,0.216,1.82,0.311,4.807,0.491,-999.0,-999.0,-999.0,
1902,13.876,6.586,5.333,9.602,6.112,0.0,-999.0,2.007,13.949,4.201,0.446,0.758,0.092,9.277,2.595,7.729,0.0,-999.0,0.0,0.016,0.085,11.713,0.791,0.75,2.115,6.449,0.0,0.036,17.438,0.004,3.061,0.599,0.042,-999.0,1.871,0.004,0.0,7.2,1.312,1.448,18.635,12.8,0.0,0.751,1.734,0.015,0.007,0.008,-999.0,-999.0,-999.0,
1903,1.055,4.509,0.658,10.396,2.178,0.0,-999.0,0.099,0.52,2.296,0.233,0.43,0.086,4.355,0.388,1.283,0.0,-999.0,0.0,0.013,0.081,0.894,0.452,0.808,0.419,5.41,0.0,0.036,16.776,0.004,0.416,0.292,0.103,11.416,0.512,0.004,0.0,1.629,0.895,0.31,8.791,11.314,0.0,0.199,1.781,0.099,0.007,0.008,-999.0,-999.0,-999.0,
1904,2.564,5.083,1.086,14.794,1.711,0.0,-999.0,0.505,1.592,2.522,0.085,0.05,0.095,1.378,0.185,1.03,0.0,0.0,0.0,0.011,0.096,0.654,0.032,0.754,0.572,4.985,0.0,0.036,8.745,0.0,0.891,0.432,0.042,4.173,1.3,0.001,0.0,1.072,1.359,0.336,8.822,9.12,0.0,0.16,1.922,0.267,0.034,0.239,-999.0,-999.0,-999.0,
1905,1.0,11.304,1.068,15.204,2.361,0.0,-999.0,0.207,2.429,4.568,0.267,0.147,0.175,6.335,0.454,4.404,0.0,0.0,0.0,0.002,0.081,0.572,0.2,1.099,1.077,2.615,0.0,0.317,9.556,0.0,0.521,0.632,0.042,7.277,2.035,0.001,0.0,0.405,0.864,0.278,14.368,16.379,0.0,0.16,3.365,0.181,0.048,0.008,0.0,-999.0,-999.0,
1906,0.598,5.082,0.466,15.441,1.813,0.0,-999.0,0.087,1.518,2.356,0.172,0.046,0.125,1.209,0.184,5.228,0.0,0.0,0.0,0.023,0.126,1.328,0.124,1.361,0.988,2.985,0.0,0.007,9.304,0.167,0.19,1.959,0.079,3.139,2.864,0.001,0.0,0.206,1.567,0.224,8.573,10.817,0.02,0.16,4.231,0.006,0.0,0.008,0.0,-999.0,-999.0,
1907,1.667,4.953,11.771,6.966,2.25,0.0,-999.0,0.132,5.201,1.381,0.141,0.493,0.126,6.776,0.776,6.178,0.0,0.0,0.0,0.019,0.098,3.69,1.959,0.581,3.256,1.289,0.0,0.036,13.982,0.017,0.485,0.433,0.042,-999.0,1.063,0.022,0.0,2.162,0.705,1.586,18.587,9.471,0.02,0.16,1.991,0.006,0.034,0.008,0.0,-999.0,-999.0,
1908,3.163,4.582,1.844,14.357,2.38,0.0,-999.0,0.452,1.686,4.144,0.424,0.697,0.086,3.744,1.144,1.06,0.0,0.0,0.0,0.055,0.121,0.879,0.25,2.042,2.012,8.034,0.0,0.213,10.184,0.049,0.177,1.015,0.094,7.277,2.401,0.001,0.0,0.248,1.572,0.44,11.069,9.435,0.02,0.38,2.602,0.006,0.036,0.008,0.0,-999.0,-999.0,
1909,1.209,8.67,13.331,11.122,2.639,0.0,-999.0,0.503,0.579,2.495,0.699,0.204,0.255,7.367,0.97,6.597,0.01,0.0,0.0,0.024,0.081,5.62,3.699,1.213,2.786,3.79,0.0,0.036,7.56,0.049,0.06,0.051,0.042,53.837,0.443,0.001,0.0,0.411,1.425,1.146,27.203,9.065,0.5,0.37,1.055,0.055,0.097,0.008,0.0,-999.0,-999.0,
1910,0.071,6.014,0.83,14.724,4.551,0.0,-999.0,0.158,0.346,2.877,0.805,0.237,1.481,13.298,0.394,1.538,0.0,0.0,0.0,0.153,0.186,0.257,1.138,1.684,4.622,6.215,0.0,0.036,18.631,0.004,0.218,3.483,0.042,48.438,0.757,0.001,0.0,0.324,2.141,0.403,35.39,10.852,0.0,0.79,1.51,0.003,1.315,0.008,0.0,-999.0,-999.0,
1911,4.67,8.629,8.834,9.66,3.381,0.0,-999.0,0.944,4.629,1.557,4.902,4.608,6.771,21.678,4.022,17.058,3.25,0.0,4.0,0.798,1.04,7.33,11.465,0.536,9.225,2.022,4.333,1.634,9.848,1.121,1.749,0.591,2.256,41.181,2.604,0.194,0.0,3.314,5.292,2.824,34.656,8.837,3.0,2.005,2.824,1.815,1.927,0.008,0.0,-999.0,-999.0,
1912,0.343,6.71,5.621,9.16,1.89,0.0,-999.0,0.764,1.192,1.247,0.308,0.132,0.898,9.708,1.272,3.633,0.0,0.0,0.0,0.024,0.363,1.04,3.015,0.421,3.974,2.18,0.0,0.036,8.389,0.117,0.753,0.275,0.042,20.426,0.997,0.001,0.0,2.736,1.451,0.319,25.233,7.169,0.02,0.265,1.493,0.055,0.068,0.008,0.0,-999.0,-999.0,
1913,4.685,5.31,18.877,17.225,5.607,0.0,-999.0,0.166,5.182,1.916,11.148,9.178,6.198,39.348,11.104,2.46,0.0,0.0,0.5,0.169,0.299,3.533,24.995,0.522,16.909,0.74,0.667,0.007,9.326,0.162,1.067,0.826,0.733,45.085,0.991,0.255,0.0,2.818,5.113,6.362,24.278,8.552,0.02,0.16,2.069,0.337,0.565,0.008,0.0,-999.0,-999.0,
1914,12.452,4.587,20.856,9.627,2.816,0.0,-999.0,1.027,9.668,3.47,6.666,8.458,1.875,12.711,11.041,4.795,0.0,0.0,0.0,0.113,0.208,9.09,12.506,1.243,6.814,3.259,0.0,0.007,6.182,0.004,4.24,1.365,1.208,37.445,1.44,0.0,0.0,5.891,3.832,11.384,20.441,8.946,0.0,1.279,2.136,0.416,0.039,0.008,0.0,-999.0,-999.0,
1915,5.347,6.166,2.095,12.875,1.722,0.0,-999.0,0.764,4.064,3.285,0.09,0.046,0.062,0.409,0.533,5.442,0.0,0.0,0.0,0.02,0.081,1.937,0.157,0.373,0.143,3.278,0.0,0.036,13.635,0.004,1.669,0.269,0.042,3.004,1.682,0.0,0.0,1.396,0.388,1.867,18.844,7.48,0.0,0.257,2.637,0.055,0.033,0.008,0.0,-999.0,-999.0,
1916,0.528,6.473,8.331,9.458,2.801,0.0,-999.0,0.601,1.095,1.495,9.456,3.916,3.32,15.104,0.285,1.749,0.0,0.0,0.0,1.157,0.108,0.122,10.286,0.447,6.509,2.882,0.0,0.213,14.955,0.173,0.256,0.128,0.726,33.072,0.897,0.001,-999.0,0.283,1.76,0.426,19.816,7.486,0.5,0.17,2.055,0.003,2.201,0.239,0.0,-999.0,-999.0,
1917,0.61,9.267,3.965,17.164,3.124,0.0,-999.0,0.144,1.502,2.612,0.343,0.046,1.531,14.993,0.184,2.856,0.0,0.0,0.167,0.23,0.727,1.79,1.624,1.464,6.807,16.035,0.0,0.317,13.236,0.117,0.651,2.856,0.079,31.62,1.902,0.001,-999.0,0.585,3.594,0.335,29.84,10.009,0.0,0.409,2.218,1.223,0.495,0.008,0.0,-999.0,-999.0,
1918,4.018,3.367,26.673,11.555,4.612,0.0,-999.0,1.302,3.784,3.758,5.257,3.584,3.105,25.402,5.678,11.64,0.0,2.0,1.0,0.902,0.167,7.644,15.324,0.739,9.935,3.892,0.0,1.18,9.892,0.309,2.83,1.035,2.862,58.066,0.785,0.796,0.0,2.73,0.812,6.044,39.705,9.884,0.5,2.081,2.089,1.506,0.71,0.008,0.0,-999.0,-999.0,
1919,0.055,4.478,7.642,13.415,3.08,1.0,-999.0,0.143,0.63,4.603,1.601,0.676,1.12,9.706,2.412,2.455,0.25,0.0,2.0,0.005,0.092,1.23,3.017,3.363,6.296,12.163,0.333,1.088,5.497,0.353,0.613,1.726,0.079,16.972,2.183,0.001,0.0,0.417,2.898,0.923,7.646,10.28,1.5,0.16,2.466,0.877,0.196,0.008,0.0,-999.0,-999.0,
1920,0.0,6.271,0.57,12.777,2.108,-999.0,-999.0,0.696,2.164,3.785,0.365,0.055,0.158,4.667,0.185,1.38,0.0,0.0,0.0,0.016,0.094,0.721,0.786,0.891,1.433,6.773,0.0,0.036,5.457,0.0,0.696,0.897,0.042,7.493,2.083,0.001,0.0,1.155,0.715,0.199,9.594,9.026,0.0,0.16,3.008,0.048,0.037,0.008,0.0,-999.0,-999.0,
1921,3.738,4.388,11.485,12.667,2.363,-999.0,-999.0,1.339,5.632,2.203,2.387,0.843,0.697,7.293,2.902,8.627,0.0,0.0,0.0,0.324,0.928,4.762,1.581,1.267,3.449,5.575,0.0,0.036,6.594,0.356,2.384,2.422,0.391,21.254,0.583,0.001,0.0,3.478,3.024,3.21,19.094,8.421,0.5,0.247,1.099,0.101,1.096,0.008,0.0,-999.0,-999.0,
1922,1.029,9.512,8.758,15.558,5.308,0.0,-999.0,0.18,1.738,3.893,1.937,0.825,0.836,14.851,1.142,2.19,0.0,0.0,0.0,0.016,0.721,1.785,3.879,0.739,7.898,8.491,0.0,0.036,10.544,0.0,0.172,0.655,0.042,31.002,2.504,0.001,0.0,0.171,3.631,1.087,27.35,11.125,0.0,0.199,2.937,0.134,0.485,0.008,0.0,-999.0,-999.0,
1923,0.055,4.136,8.671,10.925,2.194,0.0,-999.0,0.072,0.348,2.008,0.8,0.391,0.234,6.709,0.184,2.158,0.0,0.0,0.0,0.016,0.426,0.135,2.804,0.73,0.909,3.098,0.0,0.847,7.295,0.0,0.904,0.121,0.06,25.125,0.898,0.001,0.0,0.538,0.734,0.312,19.131,8.494,0.0,0.58,2.195,0.055,0.04,0.008,0.0,-999.0,-999.0,
1924,5.716,6.92,15.757,12.743,4.715,0.0,-999.0,0.427,6.632,5.497,0.137,0.215,0.079,10.43,1.457,18.656,0.0,0.0,0.032,0.016,0.081,12.704,0.232,0.827,2.812,5.821,0.0,0.389,15.338,0.242,1.508,0.122,0.079,34.8,1.627,0.001,0.0,1.825,1.408,2.652,36.394,12.362,0.0,0.274,3.783,0.055,0.04,0.008,0.0,-999.0,-999.0,
1925,18.224,5.017,30.97,12.048,5.754,0.0,-999.0,0.464,26.019,6.871,4.098,2.302,1.993,15.323,8.513,10.416,0.0,0.0,0.167,0.016,0.549,21.496,7.763,1.395,7.477,6.401,0.0,0.922,9.753,0.217,3.1,2.046,0.49,31.802,2.167,0.001,0.0,10.924,4.352,17.24,38.124,12.433,0.0,0.853,3.548,0.383,0.04,0.491,0.0,-999.0,-999.0,
1926,0.862,6.418,10.575,14.092,3.163,0.0,-999.0,0.062,4.756,5.932,1.464,0.788,1.769,12.894,2.863,3.935,0.0,0.0,1.167,0.024,0.88,2.505,4.853,1.63,9.874,5.604,0.333,0.807,5.183,0.243,4.44,2.472,0.217,15.435,3.234,0.001,0.0,3.124,6.61,3.525,15.134,11.705,0.0,2.563,4.134,0.292,0.101,0.008,0.0,-999.0,-999.0,
1927,2.214,4.928,3.519,10.311,2.462,0.0,-999.0,3.637,5.743,3.409,0.423,0.331,0.367,2.966,2.589,5.731,0.0,0.0,0.0,0.158,0.133,4.25,0.394,0.47,2.009,2.342,0.0,0.036,8.252,0.0,0.555,0.121,0.039,19.07,1.686,0.001,0.0,1.59,1.206,1.679,28.241,8.839,0.0,0.457,1.815,0.055,0.106,0.008,0.0,-999.0,-999.0,
1928,0.546,5.685,4.18,14.394,2.28,0.0,-999.0,0.016,0.837,6.737,0.09,0.046,0.063,2.125,0.184,1.272,0.0,0.0,0.0,0.009,0.096,1.256,0.065,0.966,2.105,6.608,0.0,0.036,10.761,0.05,0.466,0.316,0.039,23.008,4.1,0.001,0.0,0.995,2.621,0.241,27.365,11.332,0.0,0.16,4.772,0.055,0.041,0.008,0.0,-999.0,-999.0,
1929,0.885,11.176,9.153,17.078,2.321,0.0,-999.0,0.247,1.994,3.707,0.123,0.109,0.116,9.513,0.558,1.771,0.0,0.0,0.0,0.016,0.627,0.708,0.838,2.471,5.063,5.0,0.0,0.036,7.617,0.0,0.31,5.017,0.041,25.762,0.762,0.001,0.0,0.171,5.079,0.39,26.796,10.07,0.0,0.16,2.157,0.055,0.041,0.008,0.0,-999.0,-999.0,
1930,21.197,5.928,36.819,11.279,5.193,0.0,-999.0,0.431,14.249,3.826,12.391,8.178,8.307,20.533,15.746,11.766,0.0,0.0,0.0,0.749,1.733,19.418,19.689,2.277,13.91,2.443,0.0,0.911,10.282,0.218,4.573,2.93,4.782,34.389,0.644,1.792,0.0,5.324,12.568,19.339,32.886,9.675,0.0,7.291,2.205,3.685,0.682,0.008,0.0,-999.0,-999.0,
1931,7.386,6.579,5.942,18.388,10.996,0.0,-999.0,1.168,13.745,6.649,10.06,2.823,7.527,16.342,7.397,4.022,0.0,0.0,0.0,1.071,3.922,3.491,8.272,4.394,19.376,12.804,0.0,0.602,6.759,0.395,2.095,7.515,1.125,18.855,1.753,0.097,0.0,5.675,20.403,4.991,14.711,21.516,0.0,2.365,2.353,1.854,4.109,1.456,0.0,-999.0,-999.0,
1932,2.59,6.73,8.391,14.714,3.529,0.0,-999.0,2.849,6.504,2.546,1.759,1.177,0.591,8.919,3.768,5.605,0.0,0.0,0.0,0.048,0.935,3.296,3.705,0.92,4.773,5.537,0.0,0.007,7.759,0.004,6.621,2.314,0.912,14.984,1.022,0.194,0.0,6.644,5.997,3.753,17.683,11.222,0.0,2.629,1.47,0.976,0.506,0.008,0.0,-999.0,-999.0,
1933,5.732,6.733,9.622,16.996,4.123,0.0,-999.0,1.313,5.974,5.57,5.449,4.745,3.836,22.181,3.712,3.877,0.0,0.0,0.167,0.663,2.116,3.299,6.119,3.722,11.354,13.054,0.0,1.561,12.554,0.58,3.493,5.705,2.62,36.008,1.273,0.684,0.0,3.395,15.234,2.767,27.353,14.912,0.5,0.522,4.109,1.348,1.214,0.008,0.0,-999.0,-999.0,
1934,5.513,8.86,38.224,12.734,12.341,0.0,-999.0,0.062,4.863,5.333,17.976,10.499,19.069,49.973,5.156,6.587,0.0,0.0,0.0,2.54,5.082,7.093,39.8,2.422,33.825,4.889,0.0,0.425,24.29,0.23,1.173,6.37,4.726,58.517,1.582,1.286,0.0,3.738,17.494,7.72,41.955,17.07,0.0,1.939,2.661,3.661,3.872,1.456,0.0,-999.0,-999.0,
1935,5.378,4.364,10.964,13.737,6.634,0.0,-999.0,0.374,2.905,3.239,0.723,0.276,1.958,22.074,1.302,3.903,0.0,0.0,0.0,0.027,0.646,7.973,3.183,2.0,13.716,3.901,0.0,0.421,7.304,0.004,1.98,2.657,0.257,26.581,3.634,0.194,0.0,1.96,10.326,3.407,15.556,11.739,0.0,0.685,2.448,0.003,0.041,0.008,0.0,-999.0,-999.0,
1936,9.998,13.447,40.044,18.171,10.903,0.0,-999.0,0.24,9.373,6.021,25.625,21.37,26.174,51.472,26.762,5.761,0.0,0.0,0.167,4.794,9.027,10.626,46.145,5.644,38.954,6.422,0.0,2.925,9.417,1.33,3.647,18.552,8.634,64.758,0.64,3.286,0.0,7.977,32.526,14.351,29.423,12.889,0.0,3.207,2.541,4.135,8.896,0.974,0.0,-999.0,-999.0,
1937,3.105,6.971,7.346,15.618,6.587,0.0,-999.0,0.124,0.426,1.878,0.658,0.347,2.7,24.907,0.697,2.361,0.0,0.0,0.167,0.016,0.66,2.081,4.348,1.936,17.164,4.282,0.0,1.015,11.064,0.23,1.749,4.498,0.083,38.595,0.498,0.001,0.0,1.474,12.334,1.069,33.758,12.326,0.0,0.62,1.906,0.055,0.615,1.456,0.0,-999.0,-999.0,
1938,3.097,5.243,15.766,11.742,6.98,0.0,-999.0,1.461,3.048,2.63,0.562,0.104,1.515,19.63,0.184,4.237,0.0,0.0,0.0,0.005,0.212,4.881,8.198,0.534,12.927,2.405,0.0,0.141,10.324,0.004,0.58,1.195,0.043,25.312,3.327,0.001,0.0,1.725,6.49,1.557,18.141,10.253,0.0,0.58,4.444,0.055,0.041,0.008,0.0,-999.0,-999.0,
1939,1.004,10.496,19.413,17.765,6.325,0.0,-999.0,0.14,3.604,5.607,3.658,2.529,3.281,26.423,3.812,6.516,0.0,0.0,0.0,0.047,0.657,1.769,9.802,1.832,12.362,5.965,0.0,0.036,12.001,0.004,0.966,2.729,0.727,35.974,4.274,0.001,0.0,2.936,6.714,2.272,31.242,17.096,0.0,0.16,4.931,0.055,0.763,2.422,0.0,-999.0,-999.0,
1940,0.133,11.412,2.111,11.874,7.459,0.0,-999.0,0.211,2.991,4.925,4.502,3.359,4.551,17.157,1.233,3.801,0.0,0.0,0.0,0.364,1.449,0.15,4.867,2.828,14.234,9.142,0.0,0.686,11.142,0.004,2.519,1.417,0.427,18.472,1.459,0.022,0.0,3.937,8.885,1.066,14.631,15.068,0.0,0.725,2.186,0.134,0.655,1.456,0.0,-999.0,-999.0,
1941,0.404,2.795,5.134,7.709,1.7,0.0,-999.0,0.175,2.241,4.174,2.467,1.97,3.353,8.817,0.638,1.878,0.0,0.0,0.0,0.204,1.001,1.011,8.359,1.295,6.923,4.032,0.333,0.213,3.249,0.004,2.262,3.259,1.02,8.178,2.648,0.022,0.0,2.716,8.627,3.581,8.312,7.797,0.0,0.294,4.791,0.134,0.789,0.008,0.0,-999.0,-999.0,
1942,1.541,9.082,6.229,11.762,2.922,0.0,-999.0,2.268,2.213,3.335,0.127,0.221,0.299,9.043,1.247,0.992,0.0,0.0,0.0,0.027,0.078,1.788,0.643,0.567,5.11,9.76,0.0,0.036,8.122,0.004,2.989,0.47,0.209,7.043,3.65,0.001,0.0,2.448,1.693,2.073,10.91,14.339,0.0,0.853,4.865,0.003,0.181,0.008,0.0,-999.0,-999.0,
1943,5.833,6.486,30.173,11.257,4.649,0.0,-999.0,0.725,4.782,1.869,1.583,1.157,0.06,22.646,3.49,8.057,0.0,0.0,0.0,0.016,0.078,13.261,6.297,0.563,8.909,4.917,0.0,0.213,10.674,0.049,2.687,0.265,0.042,35.907,0.351,0.001,0.0,3.292,3.92,7.052,30.095,10.737,0.0,0.772,1.053,0.055,0.041,0.008,0.0,-999.0,-999.0,
1944,8.212,6.921,11.443,13.467,2.063,0.0,-999.0,1.244,5.331,1.726,2.254,2.068,0.127,8.367,4.566,6.474,0.5,0.0,0.0,0.135,0.108,4.302,2.387,0.373,2.994,1.077,0.667,1.082,11.976,0.388,1.779,0.177,1.003,21.992,2.512,0.201,0.0,6.659,1.165,3.631,27.485,11.354,0.0,0.89,2.393,0.649,0.201,0.008,0.0,-999.0,-999.0,
1945,2.591,6.137,3.542,13.529,2.44,0.0,-999.0,1.639,1.337,2.192,0.604,0.21,0.294,8.963,0.427,1.113,0.0,0.0,0.032,0.016,0.078,0.345,1.616,0.652,3.975,6.01,0.0,0.213,12.068,0.004,1.095,1.025,0.042,8.044,0.869,0.0,0.0,1.521,2.04,1.295,17.389,10.214,0.0,0.61,1.842,0.003,0.048,0.008,0.0,-999.0,-999.0,
1946,0.197,9.439,6.414,9.171,4.026,0.0,-999.0,0.018,0.421,3.048,0.811,0.158,0.365,21.994,0.184,0.877,0.0,0.0,0.032,0.023,0.171,0.122,5.738,0.612,8.017,3.956,0.0,0.036,15.217,0.004,0.427,1.205,0.147,33.939,2.103,0.001,0.0,0.353,2.229,0.199,22.247,11.731,0.0,0.16,2.33,0.064,0.012,0.008,0.0,-999.0,-999.0,
1947,2.427,8.531,25.374,10.891,6.175,0.0,-999.0,0.062,1.154,1.909,5.234,1.474,6.49,22.166,0.394,8.678,0.0,0.0,0.032,0.934,1.407,8.381,13.665,1.446,13.619,2.122,0.0,0.036,12.482,0.004,0.883,2.255,0.226,-999.0,0.385,0.001,0.0,0.703,10.078,3.606,23.469,10.889,0.0,0.16,1.052,0.055,1.7,0.008,0.0,-999.0,-999.0,
1948,1.49,9.689,2.401,9.19,2.409,0.0,-999.0,0.083,2.229,1.488,0.31,0.638,1.448,3.276,0.387,6.786,0.0,0.0,0.782,0.174,0.36,2.704,0.598,0.903,5.146,1.077,0.524,0.791,9.886,0.651,2.47,1.199,0.9,19.406,0.496,0.001,0.0,2.066,3.726,1.328,34.294,9.278,0.0,0.475,0.961,0.304,0.957,0.008,0.0,-999.0,-999.0,
1949,0.055,4.906,1.109,9.05,2.188,0.0,-999.0,0.135,0.775,2.076,0.391,0.165,0.212,2.66,0.184,0.753,0.0,0.0,0.532,0.029,0.33,0.582,0.131,1.715,1.343,3.445,1.0,1.33,6.449,0.42,1.178,3.595,0.555,12.082,0.697,0.001,0.0,1.052,6.136,0.199,11.661,9.92,0.0,0.16,2.052,0.055,0.038,0.008,0.0,-999.0,-999.0,
1950,0.055,6.768,0.298,16.364,2.164,0.0,-999.0,1.703,1.499,1.55,0.088,0.036,0.057,3.122,0.184,1.153,0.0,0.0,0.0,0.009,0.156,1.264,0.065,0.457,0.615,7.157,0.0,0.036,8.38,0.004,0.388,0.177,0.035,2.554,0.391,0.001,0.0,2.504,0.74,0.199,10.436,10.364,0.02,0.16,1.508,0.055,0.041,0.008,0.0,-999.0,-999.0,
1951,4.061,8.094,8.835,10.795,2.766,0.0,-999.0,0.188,3.668,2.585,0.13,0.5,0.055,4.392,0.554,10.609,0.0,0.0,0.0,0.016,0.081,12.207,0.893,0.76,0.474,2.901,0.0,0.036,20.854,0.004,0.804,0.429,0.189,28.449,0.56,0.001,0.0,2.46,0.956,2.796,41.721,11.863,0.0,0.265,1.472,0.003,0.041,0.008,0.0,-999.0,-999.0,
1952,14.545,6.559,21.185,10.631,5.419,0.0,-999.0,0.752,12.976,1.467,2.284,2.411,0.226,25.064,8.109,2.88,0.0,0.0,0.333,0.016,0.081,11.363,10.937,0.451,8.871,2.192,0.0,0.51,13.18,0.171,7.074,1.796,1.124,42.297,1.608,0.201,0.0,10.147,2.969,14.483,32.869,10.458,0.0,1.039,2.584,0.055,0.041,0.008,0.0,-999.0,-999.0,
1953,2.345,7.747,20.791,9.828,4.697,0.0,-999.0,1.484,2.125,1.904,4.982,6.379,1.277,19.866,6.21,3.134,0.0,0.0,0.167,0.287,0.173,7.052,14.415,1.178,6.28,4.502,0.333,2.139,17.607,1.107,1.785,0.573,1.451,34.221,0.435,0.503,0.0,2.758,1.384,3.55,36.518,12.54,0.5,3.007,1.993,1.112,0.306,0.008,0.0,-999.0,-999.0,
1954,22.897,6.905,46.457,10.195,9.221,0.0,-999.0,1.775,18.995,1.805,7.018,6.1,2.42,36.226,10.388,10.602,0.0,0.0,0.0,0.016,0.112,24.103,27.64,0.915,13.543,5.591,0.0,0.896,9.054,0.429,6.55,0.311,0.819,58.517,0.293,0.001,0.0,14.07,3.853,16.675,41.339,14.067,0.0,2.201,0.811,0.273,0.041,1.939,0.0,-999.0,-999.0,
1955,0.204,6.722,2.212,16.554,3.646,0.0,-999.0,0.151,1.81,2.382,1.228,0.248,6.052,16.027,0.289,0.438,0.25,0.0,0.333,0.48,0.783,0.15,2.889,0.936,16.025,5.931,0.333,2.069,5.006,1.008,0.475,0.641,0.042,13.5,1.341,0.201,0.0,0.677,9.902,0.493,13.303,10.514,0.0,0.777,2.079,0.055,1.344,0.008,0.0,-999.0,-999.0,
1956,4.777,10.178,13.996,8.807,3.437,0.0,-999.0,0.226,1.81,1.985,0.637,0.192,1.392,27.67,0.411,2.277,0.0,0.0,0.0,0.016,0.208,3.227,7.121,0.542,6.976,1.803,0.0,0.036,9.968,0.004,0.338,0.272,0.042,50.292,1.692,0.001,0.0,2.112,4.47,3.219,38.4,10.876,0.0,0.16,2.505,0.055,0.041,0.008,0.0,-999.0,-999.0,
1957,1.142,6.856,1.103,12.55,2.66,0.0,-999.0,0.062,2.463,1.068,0.106,0.053,0.687,12.208,0.184,1.63,0.0,0.0,0.0,0.016,0.081,1.147,1.466,0.89,5.892,3.032,0.0,1.474,12.379,0.23,0.662,0.836,0.042,26.931,0.322,0.001,0.0,1.124,2.202,0.304,24.142,9.415,0.0,0.515,0.745,0.055,0.041,0.008,0.0,-999.0,-999.0,
1958,0.055,9.176,0.322,14.067,3.079,0.0,-999.0,0.727,0.598,1.815,0.088,0.046,0.056,3.753,0.184,0.716,0.0,0.0,0.0,0.015,0.168,0.122,0.065,0.639,1.097,3.961,0.0,0.036,11.804,0.004,0.208,1.871,0.042,18.438,2.041,0.001,0.0,0.471,3.254,0.215,20.365,11.133,0.0,0.044,4.372,0.055,0.041,0.008,0.0,-999.0,-999.0,
1959,0.055,4.521,0.224,14.511,3.684,0.0,-999.0,0.062,1.757,4.131,0.12,0.046,0.135,7.458,0.184,0.861,0.0,0.0,0.0,0.015,0.155,0.139,0.065,0.949,4.603,14.56,0.0,0.036,7.678,0.024,1.46,2.856,0.042,9.696,2.196,0.001,0.0,3.866,5.977,0.205,9.311,11.385,0.0,0.324,2.763,0.055,0.041,0.008,0.0,-999.0,-999.0,
1960,0.701,9.158,2.26,17.802,6.092,0.0,-999.0,0.259,1.296,5.326,0.407,0.05,0.103,8.342,0.289,4.077,0.0,0.0,0.0,0.016,0.081,2.167,0.959,2.891,4.395,13.689,0.0,0.036,11.883,0.024,0.239,1.762,0.04,16.987,2.241,0.001,0.0,0.279,4.75,0.822,20.225,15.664,0.0,0.16,3.962,0.055,0.041,0.974,0.0,-999.0,-999.0,
1961,0.055,10.19,0.162,19.824,3.139,0.0,-999.0,1.083,0.308,7.058,0.085,0.054,0.072,5.0,0.184,0.975,0.0,0.0,0.0,0.016,0.081,0.122,0.065,3.311,3.945,14.461,0.0,0.036,5.54,0.0,0.208,1.586,0.042,8.628,3.915,0.001,0.0,0.252,3.718,0.199,4.398,12.008,0.0,0.16,6.263,0.055,0.041,0.008,0.0,-999.0,-999.0,
1962,0.981,6.692,5.727,10.203,2.601,0.0,-999.0,1.789,2.243,1.73,0.386,0.22,0.06,7.128,1.475,8.193,0.0,0.0,0.0,0.016,0.081,4.447,2.497,0.373,0.52,2.219,0.0,0.036,8.378,0.004,0.236,0.121,0.061,22.026,0.525,0.001,0.0,0.581,0.876,1.758,28.26,10.371,0.0,0.16,2.035,0.055,0.041,0.008,0.0,-999.0,-999.0,
1963,0.674,7.255,4.51,8.506,5.668,0.0,-999.0,0.061,1.1,1.296,0.61,0.447,0.59,18.424,0.184,2.407,0.0,0.0,0.167,0.016,0.081,3.107,2.229,0.946,5.698,0.705,0.0,0.664,9.489,0.004,0.264,0.454,0.042,23.927,0.598,0.001,0.0,0.413,2.045,0.301,29.574,9.425,0.0,0.16,0.924,0.055,0.142,0.008,0.0,-999.0,-999.0,
1964,0.187,5.32,9.818,10.093,5.555,0.0,-999.0,0.562,1.555,1.411,0.873,0.395,0.338,19.67,1.225,2.734,0.0,0.0,0.167,0.124,0.131,0.791,3.049,1.114,7.66,1.917,0.0,0.422,11.107,0.058,0.594,0.972,0.205,24.996,0.757,0.001,0.0,0.706,4.999,0.969,26.09,9.731,0.0,0.199,1.293,0.055,0.286,0.008,0.0,-999.0,-999.0,
1965,0.043,3.861,1.139,6.544,2.43,0.0,-999.0,0.088,0.265,1.286,0.283,0.188,0.26,4.327,0.394,0.891,0.0,0.0,0.0,0.022,0.256,0.177,0.487,0.553,1.745,0.519,0.0,0.036,6.474,0.004,0.208,0.359,0.042,16.503,1.254,0.001,0.0,0.171,3.387,0.202,15.061,6.904,0.0,0.16,2.664,0.055,0.138,0.008,0.0,-999.0,-999.0,
1966,1.618,4.642,6.808,11.643,3.74,0.0,-999.0,0.151,1.121,2.569,3.105,1.334,0.846,11.107,1.386,1.322,0.0,0.0,0.167,0.221,0.413,1.93,4.913,1.272,5.837,6.876,0.0,1.105,7.15,0.546,0.621,0.378,0.149,13.116,0.81,0.402,0.0,0.713,5.161,1.808,12.88,11.139,0.0,0.741,1.012,0.055,0.112,0.008,0.0,-999.0,-999.0,
1967,0.0,2.973,0.162,14.13,1.9,0.0,-999.0,0.522,0.308,5.179,0.088,0.046,0.346,3.011,0.184,0.716,0.0,0.0,0.0,0.016,0.081,0.112,0.065,0.402,1.89,10.26,0.0,0.036,3.784,0.004,0.199,0.452,0.042,9.529,4.077,0.001,0.0,0.171,2.204,0.199,19.008,9.895,0.0,0.16,5.723,0.055,0.041,0.008,0.0,-999.0,-999.0,
1968,0.437,5.978,0.206,9.248,3.75,0.0,-999.0,0.191,2.626,2.727,0.103,0.046,0.06,7.14,0.184,0.708,0.0,0.0,0.0,0.024,0.081,0.171,0.098,0.412,4.282,6.172,0.0,0.036,7.043,0.004,1.546,0.496,0.042,5.141,1.347,0.001,0.0,3.363,2.4,1.171,3.991,9.443,0.0,0.16,3.128,0.055,0.068,0.008,0.0,-999.0,-999.0,
1969,1.257,7.199,10.281,12.701,4.994,0.0,-999.0,0.844,0.866,2.262,0.106,0.046,0.056,10.204,0.289,5.777,0.0,0.0,0.0,0.016,0.081,3.269,1.257,1.725,3.225,10.697,0.0,0.036,10.848,0.004,0.508,0.841,0.042,23.927,0.5,0.001,0.0,0.896,2.539,1.626,32.435,12.335,0.0,0.16,0.885,0.055,0.041,0.008,0.0,-999.0,-999.0,
1970,0.476,10.598,5.35,13.802,4.7,0.0,-999.0,0.34,1.16,2.425,0.389,0.315,0.347,19.45,0.184,1.609,0.0,0.0,0.0,0.016,0.137,0.873,3.153,0.938,8.174,7.518,0.0,0.036,8.093,0.004,0.623,0.498,0.042,27.75,1.762,0.001,0.0,2.637,5.464,0.364,19.476,11.499,0.0,0.207,3.223,0.055,0.041,0.008,0.0,-999.0,-999.0,
1971,0.055,10.446,3.913,15.007,5.57,0.0,-999.0,0.101,0.308,3.516,0.202,0.046,0.128,7.395,0.289,1.124,0.0,0.0,0.0,0.323,0.095,0.4,0.837,1.719,3.014,11.094,0.0,0.036,5.398,0.005,0.208,1.497,0.172,13.634,3.154,0.001,0.0,0.171,4.42,0.215,11.438,12.239,0.0,0.16,6.377,0.055,0.041,0.008,0.0,-999.0,-999.0,
1972,0.468,8.241,4.507,12.863,2.587,-999.0,-999.0,0.072,1.004,3.276,0.052,0.046,0.06,2.451,0.184,0.968,0.006,0.0,0.0,0.016,0.081,0.62,0.624,0.418,0.792,8.106,0.0,0.036,6.956,0.005,0.208,0.471,0.042,7.11,4.201,0.001,0.0,0.171,1.111,0.199,8.865,10.047,0.0,0.148,3.029,0.055,0.041,0.008,0.0,-999.0,-999.0,
1973,0.055,9.617,1.31,13.975,4.375,0.0,-999.0,0.167,0.265,2.431,0.052,0.046,0.061,8.001,0.118,0.716,0.006,0.0,0.0,0.016,0.179,0.122,0.278,1.137,3.274,6.138,0.0,0.213,8.468,0.004,0.208,1.554,0.038,6.626,1.001,0.001,0.0,0.27,5.4,0.331,6.12,11.264,0.0,0.16,2.476,0.055,0.066,0.008,0.0,-999.0,-999.0,
1974,0.055,10.582,2.614,9.696,4.343,0.0,-999.0,0.169,0.265,2.219,0.365,0.046,2.026,15.01,0.184,0.891,0.006,0.0,0.0,0.015,0.252,0.391,3.918,0.645,9.202,5.605,0.0,0.036,8.955,0.004,0.208,0.619,0.042,14.467,0.863,0.0,0.0,0.349,7.417,0.199,13.912,12.525,0.0,0.271,1.667,0.055,0.155,0.008,0.0,-999.0,-999.0,
1975,0.055,3.695,0.538,10.115,2.72,0.0,-999.0,0.135,0.35,3.618,0.093,0.046,0.227,6.75,0.184,0.708,1.0,0.0,0.5,0.016,0.175,0.122,1.087,1.006,2.29,5.888,0.667,0.213,4.812,0.004,0.208,1.284,0.042,2.688,1.063,0.0,1.0,0.532,4.829,0.199,4.016,8.406,0.98,0.16,3.03,0.055,0.065,0.008,0.0,-999.0,-999.0,
1976,0.337,3.399,0.847,14.605,3.474,0.0,-999.0,0.063,0.278,1.467,0.322,0.147,0.828,8.53,0.184,0.716,0.0,0.0,0.0,0.015,1.64,0.259,0.795,0.694,3.866,4.188,0.0,0.036,5.087,0.004,0.437,2.857,0.042,13.251,0.293,0.001,0.0,0.349,11.166,0.215,4.781,10.477,0.0,0.16,0.988,0.055,0.18,0.491,0.0,-999.0,-999.0,
1977,4.117,7.618,4.075,12.259,4.294,0.0,-999.0,0.486,4.775,2.015,0.494,0.046,1.858,9.259,0.306,2.422,0.0,0.0,0.5,0.051,0.202,2.264,1.006,1.185,3.64,4.563,0.0,0.389,13.268,0.343,3.006,0.857,0.149,13.567,3.916,0.001,0.0,5.726,3.808,1.29,15.474,9.507,0.0,1.213,5.776,0.103,0.116,0.491,0.0,-999.0,-999.0,
1978,0.617,10.332,13.842,13.456,5.227,0.0,-999.0,0.099,2.751,2.263,0.449,0.418,0.061,23.855,0.289,2.343,0.0,0.0,0.0,0.015,0.195,0.588,2.146,0.708,4.633,12.049,0.0,0.036,17.25,0.004,0.271,2.275,0.042,37.795,3.129,0.001,0.0,1.057,3.027,0.515,24.666,11.33,0.0,0.16,1.993,0.055,0.041,0.491,0.0,-999.0,-999.0,
1979,0.468,11.921,0.06,14.012,4.155,0.0,-999.0,0.087,1.236,2.472,0.096,0.046,0.166,6.014,0.184,0.716,0.0,0.0,0.0,0.016,0.267,0.227,0.131,0.71,2.16,9.275,0.0,0.036,7.015,0.004,0.28,0.634,0.042,8.077,1.883,0.001,0.0,0.368,1.949,0.199,5.525,12.981,0.0,0.16,3.748,0.064,0.065,0.974,0.0,-999.0,-999.0,
1980,13.129,8.852,37.177,11.986,7.549,0.0,-999.0,0.352,10.877,1.589,1.768,2.111,2.099,36.337,4.559,11.226,0.0,0.0,0.0,0.0,0.631,13.539,24.201,1.005,12.191,5.543,0.0,0.824,23.758,0.23,1.806,1.543,0.096,46.221,1.004,0.001,0.0,6.655,5.694,7.599,44.09,11.107,0.0,1.353,1.476,0.273,0.129,0.491,0.0,-999.0,-999.0,
1981,1.541,6.919,1.499,14.081,4.789,0.0,-999.0,2.781,7.068,1.69,0.088,0.046,0.336,7.081,0.184,2.531,0.0,0.0,0.0,0.003,0.081,2.224,0.276,1.233,3.201,7.81,0.0,0.036,12.141,0.004,0.862,1.585,0.042,16.053,3.78,0.001,0.0,2.676,2.443,0.199,9.365,12.675,0.0,0.143,5.365,0.055,0.041,0.491,0.0,-999.0,-999.0,
1982,0.055,3.771,0.936,8.28,3.738,0.0,-999.0,0.151,0.265,1.392,0.103,0.046,0.171,7.066,0.184,0.785,0.0,0.0,0.0,0.005,0.081,0.122,0.781,0.527,2.103,1.808,0.0,0.036,6.282,0.004,0.348,0.578,0.042,18.189,0.599,0.001,0.0,0.293,1.656,0.199,16.986,9.623,0.0,0.16,2.377,0.055,0.041,0.008,0.0,-999.0,-999.0,
1983,4.019,3.311,10.54,11.492,4.181,0.0,-999.0,0.418,5.83,1.463,3.818,3.191,3.867,27.431,6.979,0.906,0.0,-999.0,0.0,0.005,0.311,1.005,10.977,2.707,8.821,2.484,0.0,0.774,8.479,0.0,5.621,3.836,0.365,30.586,0.585,0.001,0.0,6.276,5.709,2.985,10.292,9.405,0.0,1.64,1.242,0.055,0.34,0.0,0.0,-999.0,-999.0,
1984,0.0,2.246,2.21,14.73,3.211,0.0,-999.0,0.151,0.628,2.766,0.113,0.149,0.584,13.937,0.184,0.716,0.0,0.0,0.0,0.016,0.237,0.122,2.841,1.332,3.233,2.494,0.0,0.065,3.442,0.0,0.208,1.709,0.04,17.82,0.663,0.001,0.0,0.459,2.0,0.183,16.401,10.98,0.0,0.16,1.996,0.055,0.157,0.0,0.0,-999.0,-999.0,
1985,1.544,9.893,3.882,12.208,4.495,0.0,-999.0,1.936,2.357,3.706,0.101,0.05,0.705,11.997,0.182,1.353,0.0,0.0,0.0,0.016,0.347,0.698,0.594,1.773,3.711,7.612,0.0,0.065,8.81,0.0,0.217,0.909,0.042,25.345,1.436,0.002,0.0,1.74,2.859,0.199,22.016,14.512,0.0,0.16,2.881,0.003,0.042,1.456,0.0,-999.0,-999.0,
1986,1.795,4.454,8.374,9.177,2.57,0.0,-999.0,0.631,7.33,1.904,0.122,0.05,0.076,7.065,1.256,3.131,0.0,0.0,0.0,0.016,0.084,3.233,2.611,0.528,2.072,2.366,0.0,0.242,6.681,0.117,2.94,0.193,0.042,13.95,1.136,0.001,0.0,8.225,0.802,1.063,14.313,12.529,0.0,0.727,2.177,0.055,0.041,0.008,0.0,-999.0,-999.0,
1987,1.091,4.259,6.22,11.543,2.962,0.0,-999.0,0.14,1.84,1.61,1.652,0.179,1.25,8.068,0.533,1.21,0.0,0.0,0.0,0.05,0.275,0.635,4.705,0.457,3.88,2.892,0.0,0.036,8.947,0.004,1.034,0.284,0.042,11.081,2.509,0.001,0.0,0.683,3.755,0.687,9.048,9.968,0.0,0.785,1.961,0.055,0.068,0.008,0.0,-999.0,-999.0,
1988,2.202,3.624,2.945,14.301,3.965,0.0,-999.0,0.062,0.804,3.224,10.72,5.422,8.782,15.846,5.51,1.483,0.0,0.0,0.167,1.205,5.485,1.574,7.584,2.92,10.011,7.236,1.333,1.133,3.326,0.058,2.294,7.499,3.219,21.576,4.319,1.105,0.0,1.573,13.226,4.066,11.951,13.302,0.0,2.269,3.33,2.384,3.48,1.456,0.0,-999.0,-999.0,
1989,0.223,10.987,0.22,8.27,4.194,0.0,-999.0,0.457,0.614,1.51,0.697,0.046,0.466,4.071,0.184,0.801,0.0,0.0,0.333,0.016,0.39,0.116,0.321,1.079,3.971,4.927,0.0,0.072,11.598,0.004,0.316,2.116,0.042,6.458,0.322,0.001,0.0,0.238,4.287,0.199,13.996,14.76,0.0,0.16,1.134,0.006,0.068,0.008,0.0,-999.0,-999.0,
1990,2.958,9.208,4.508,13.186,6.186,0.0,-999.0,0.308,4.927,5.21,0.547,0.149,0.568,17.131,0.914,2.879,0.0,0.0,0.0,0.016,0.53,2.634,2.212,2.182,6.084,7.709,0.0,0.036,13.942,0.004,0.762,0.358,0.039,25.163,3.692,0.001,0.0,3.581,2.267,1.835,14.87,16.326,0.0,0.392,3.095,0.006,0.043,0.008,0.0,-999.0,-999.0,
1991,0.055,3.477,1.042,10.722,2.849,0.0,-999.0,0.062,0.574,1.643,0.591,0.352,0.125,12.872,0.306,0.716,0.0,0.0,0.0,0.05,0.075,0.205,3.105,1.011,4.062,3.887,0.0,0.036,7.155,0.245,0.372,1.064,0.042,9.112,0.781,0.001,0.0,0.337,4.441,0.285,4.905,10.305,0.0,0.459,1.539,0.055,0.041,0.008,0.0,-999.0,-999.0,
1992,0.055,2.836,0.284,10.339,2.196,0.0,-999.0,0.247,0.265,4.088,0.088,0.046,0.06,1.17,0.305,0.716,0.0,-999.0,0.0,0.016,0.035,0.279,0.065,0.405,0.073,5.497,0.0,0.036,8.783,0.004,0.72,0.193,0.04,2.521,4.437,0.001,0.0,0.915,0.409,0.193,3.889,12.26,0.0,0.105,4.982,0.055,0.041,0.008,0.0,-999.0,-999.0,
1993,1.417,7.626,3.374,8.458,2.562,0.0,-999.0,0.982,5.143,1.068,0.103,0.046,0.06,3.585,0.304,1.77,0.0,0.0,0.0,0.016,0.037,0.427,0.407,0.373,0.116,2.103,0.0,0.566,10.823,0.372,2.333,0.121,0.042,16.12,0.811,0.201,0.0,6.593,0.356,0.65,14.29,9.474,0.0,0.199,0.836,0.055,0.043,0.008,0.0,-999.0,-999.0,
1994,0.071,11.749,0.273,9.927,5.725,0.0,-999.0,0.062,0.265,4.453,0.133,0.046,0.061,6.374,0.184,0.716,0.0,0.0,0.0,0.014,0.037,0.217,0.065,0.526,0.949,9.272,0.0,0.213,19.247,0.004,0.208,0.249,0.042,19.09,3.133,0.001,0.0,0.433,0.689,0.193,14.304,20.492,0.0,0.152,4.172,0.055,0.038,0.008,0.0,-999.0,-999.0,
1995,3.479,11.179,3.812,11.913,6.508,-999.0,-999.0,0.51,2.951,1.168,1.117,0.261,1.335,10.011,0.597,2.658,0.0,0.0,0.248,0.646,0.339,0.996,0.685,1.137,6.711,2.865,0.0,0.686,9.983,0.286,0.353,0.764,0.155,13.049,0.864,0.201,0.0,1.223,2.547,0.35,13.592,13.93,0.02,0.16,0.988,0.164,0.889,0.008,0.0,-999.0,-999.0,
1996,0.055,9.855,0.454,15.972,2.742,-999.0,-999.0,0.13,0.555,2.624,0.084,0.046,0.052,4.584,0.713,0.716,0.0,0.0,0.0,0.016,0.035,0.214,0.184,1.001,0.602,8.672,0.0,0.036,11.724,0.0,0.236,0.304,0.042,14.467,5.709,0.001,0.0,0.985,0.624,0.199,16.671,15.409,0.02,0.16,3.352,0.105,0.039,0.008,0.0,-999.0,-999.0,
1997,0.055,8.725,2.311,8.211,3.429,0.0,-999.0,0.088,1.337,1.184,0.232,0.08,0.092,3.81,0.481,0.971,0.0,0.0,0.0,0.016,0.037,0.213,0.739,0.412,1.829,1.878,0.0,0.213,10.402,0.0,0.283,0.248,0.042,8.36,0.427,0.001,0.0,0.731,0.503,0.492,7.812,9.747,0.02,0.457,1.741,0.055,0.041,0.008,0.0,-999.0,-999.0,
1998,0.545,10.113,10.889,13.683,5.933,-999.0,-999.0,2.244,5.141,3.397,0.127,0.052,0.06,13.612,0.305,10.795,0.0,0.0,0.0,0.016,0.038,1.726,0.769,0.997,4.04,10.346,0.0,0.036,18.234,0.0,0.52,0.231,0.042,50.757,4.635,0.001,0.0,3.744,1.477,0.273,42.045,14.952,0.02,0.319,6.124,0.055,0.041,0.008,0.0,-999.0,-999.0,
1999,1.851,4.146,7.437,8.203,3.41,-999.0,-999.0,0.554,5.18,1.52,0.745,0.95,0.413,8.167,3.3,6.17,0.0,0.0,0.0,0.046,0.04,1.971,3.667,0.971,2.046,2.463,0.0,1.682,9.172,0.244,1.751,0.744,0.274,22.993,0.538,0.001,0.0,6.645,1.607,2.674,19.221,9.89,0.02,1.36,1.683,0.055,0.212,0.008,0.0,-999.0,-999.0,
2000,6.918,8.971,16.337,12.152,6.379,-999.0,-999.0,0.366,3.213,2.29,0.098,0.074,0.361,22.907,0.499,14.348,0.0,0.0,0.0,0.005,0.095,13.488,4.364,1.979,6.49,6.347,0.0,0.036,20.256,0.0,0.272,0.466,0.047,48.956,0.691,0.001,0.0,3.395,2.943,2.333,36.073,20.568,0.0,0.16,1.212,0.055,0.039,0.008,0.0,-999.0,-999.0,
2001,0.055,7.149,1.702,11.358,7.482,-999.0,-999.0,0.062,0.265,2.425,0.078,0.068,0.083,16.905,0.184,0.785,0.0,0.0,0.0,0.114,0.092,0.131,0.373,1.232,4.184,10.458,0.0,0.582,14.283,0.293,0.258,0.706,0.042,37.694,1.338,0.201,0.0,0.899,2.761,0.199,21.028,15.749,0.0,0.16,2.947,0.055,0.041,0.008,0.0,-999.0,-999.0,
2002,0.396,11.625,0.63,11.683,10.821,-999.0,-999.0,0.099,2.188,2.747,0.227,0.244,0.226,11.952,0.891,0.933,0.0,0.0,0.0,0.016,0.04,0.079,0.349,3.207,8.736,10.278,0.333,0.952,20.124,0.0,1.262,1.155,0.042,13.983,2.94,0.001,0.0,2.568,5.757,0.241,5.768,24.908,0.0,1.028,3.415,0.055,0.068,0.008,0.0,-999.0,-999.0,
2003,0.055,15.046,2.29,13.963,13.97,0.0,-999.0,0.062,0.161,5.637,0.131,0.074,0.725,18.874,0.184,1.382,0.0,0.0,0.0,0.014,0.057,0.096,4.133,4.342,6.507,10.694,0.0,0.036,18.163,0.0,0.208,1.661,0.042,31.654,4.354,0.03,0.0,0.171,3.767,0.199,13.84,22.245,0.0,0.488,4.627,0.055,0.039,1.456,0.0,-999.0,-999.0,
2004,0.055,3.821,0.145,8.472,3.081,0.0,-999.0,0.072,0.475,2.594,0.144,0.052,0.062,3.546,0.182,0.716,0.0,0.0,0.0,0.014,0.04,0.135,0.085,0.867,1.568,2.873,0.0,0.036,10.104,0.0,0.236,0.376,0.042,11.531,2.033,0.022,0.0,0.23,1.261,0.199,4.548,10.277,0.0,0.16,3.81,0.003,0.038,0.008,0.0,-999.0,-999.0,
2005,0.168,10.516,4.524,9.676,9.773,0.0,-999.0,0.062,0.141,2.481,0.805,0.074,0.415,8.553,0.449,2.574,0.0,-999.0,0.0,0.024,0.056,1.306,2.246,1.178,4.725,10.655,0.0,0.036,15.087,0.0,1.042,0.506,0.042,9.529,1.509,0.001,0.0,1.09,3.426,0.213,12.979,17.291,0.0,0.348,1.513,0.003,0.038,0.974,0.0,-999.0,-999.0,
2006,4.021,7.295,9.167,13.225,6.164,0.0,-999.0,0.245,1.952,5.143,0.243,0.046,0.268,16.75,0.289,4.598,0.0,0.0,0.0,0.151,0.167,6.241,3.013,1.828,7.884,9.262,0.0,0.566,15.231,0.0,0.42,2.158,0.026,39.878,4.539,0.001,0.0,2.607,7.909,0.71,25.442,15.079,0.0,0.312,4.944,0.055,0.196,2.422,0.0,-999.0,-999.0,
2007,10.231,11.089,8.88,10.606,4.664,0.0,-999.0,0.099,5.836,4.234,0.776,0.437,0.099,6.751,7.076,5.256,0.0,0.0,0.0,0.0,0.04,7.871,3.476,4.232,2.796,14.929,0.0,0.036,10.281,0.0,3.145,2.107,0.049,10.113,1.314,0.001,0.0,5.65,3.819,7.996,3.798,16.127,0.0,1.063,2.618,0.055,0.041,0.491,0.0,-999.0,-999.0,
2008,0.56,5.872,4.236,13.713,5.077,0.0,-999.0,0.101,0.817,2.706,0.073,0.046,0.069,6.463,0.116,2.675,0.0,0.0,0.0,0.016,0.061,0.471,0.252,0.664,1.555,5.572,0.0,0.0,10.852,0.004,0.804,0.249,0.056,17.538,3.517,0.001,0.0,4.212,0.51,0.237,15.578,11.755,0.0,0.16,3.144,0.055,0.041,0.0,0.0,-999.0,-999.0,
2009,0.043,5.706,0.916,14.433,2.532,0.0,-999.0,0.122,0.639,2.508,0.082,0.046,0.063,4.268,0.116,5.628,0.0,0.0,0.0,0.016,0.058,1.997,0.089,0.312,0.438,5.234,0.0,0.0,12.536,0.004,0.301,0.121,0.046,29.101,3.585,0.001,0.0,0.78,0.434,0.221,30.648,11.959,0.0,0.16,3.935,0.055,0.041,-999.0,0.0,-999.0,-999.0,
2010,2.421,7.843,8.567,12.224,3.922,0.0,-999.0,0.537,2.39,1.39,0.369,0.257,0.095,12.01,1.721,5.427,0.0,0.0,0.0,0.016,0.04,4.86,1.883,0.503,1.076,5.503,0.024,0.791,16.591,0.343,0.785,0.195,0.089,29.968,0.945,0.001,0.0,3.635,1.021,1.608,16.428,11.947,0.0,0.969,1.084,0.055,0.041,0.0,0.0,-999.0,-999.0,
2011,1.945,9.349,17.92,7.688,4.76,0.0,-999.0,0.458,5.168,1.016,1.118,0.603,0.598,30.608,1.395,14.614,0.0,0.0,0.333,0.016,0.385,4.497,6.606,0.604,2.876,1.321,0.333,0.63,31.674,0.339,1.865,0.121,0.198,69.711,0.313,0.599,1.0,7.562,2.275,1.132,67.41,12.033,0.0,0.359,0.968,0.055,0.129,0.0,0.0,-999.0,-999.0,
2012,3.206,9.811,14.493,15.183,11.485,0.0,-999.0,0.067,3.73,2.284,8.362,7.572,3.851,28.956,10.557,3.521,0.0,0.0,0.0,0.704,0.141,2.979,14.215,0.939,15.806,6.967,0.0,0.317,19.44,0.117,2.583,1.051,1.852,43.95,0.969,0.402,0.0,3.268,8.115,6.324,26.218,11.863,0.0,0.57,2.146,0.055,1.436,0.743,0.0,-999.0,-999.0,
2013,0.0,11.338,1.313,11.156,4.06,0.0,-999.0,0.065,0.213,3.335,0.141,0.052,0.548,10.556,0.25,0.783,0.0,0.0,0.0,0.005,0.21,0.207,0.252,0.399,3.22,12.01,0.0,0.036,15.149,0.004,0.208,0.251,0.022,23.693,0.888,0.004,0.0,0.151,0.912,0.237,18.17,11.969,0.0,0.216,1.814,0.055,0.066,0.008,0.0,-999.0,-999.0,
2014,0.184,8.99,0.875,13.547,3.191,0.0,-999.0,0.124,0.213,3.391,0.072,0.052,0.07,7.197,0.252,0.714,0.0,0.0,0.0,0.005,0.063,0.743,0.665,0.371,1.603,8.519,0.0,0.036,13.446,0.004,0.208,0.121,0.023,15.851,1.923,0.004,0.0,0.466,0.748,0.199,12.104,11.6,0.0,0.16,3.906,0.055,0.041,0.008,0.0,-999.0,-999.0,
2015,0.397,8.806,3.092,14.833,2.68,0.0,-999.0,0.156,0.213,7.018,0.075,0.043,0.063,5.824,0.118,6.43,0.0,0.0,0.0,0.005,0.071,1.602,0.127,1.461,1.212,7.718,0.0,0.036,11.563,0.004,0.808,0.947,0.031,18.821,4.35,0.001,0.0,1.984,0.652,0.254,15.234,12.369,0.0,0.16,5.699,0.055,0.041,0.0,0.0,-999.0,-999.0,
2016,0.397,14.419,1.316,13.406,3.774,0.0,-999.0,0.067,0.772,2.297,0.127,0.043,0.058,5.962,0.282,2.115,0.0,0.0,0.0,0.005,0.1,0.64,0.125,0.53,2.305,9.102,0.0,0.036,20.694,0.058,0.531,0.165,0.028,13.533,2.325,0.001,0.0,0.74,1.702,0.241,14.799,13.192,0.0,1.316,1.264,0.055,0.041,0.743,0.0,-999.0,-999.0,
2017,0.184,16.793,0.375,18.702,4.071,0.0,-999.0,0.258,0.385,3.447,0.139,0.043,0.096,7.516,0.106,0.692,0.0,0.0,0.0,0.005,0.1,0.25,0.982,1.821,3.076,16.007,0.0,0.036,13.005,0.004,0.357,0.814,0.028,10.429,3.667,0.004,0.0,0.274,3.182,0.202,12.159,12.827,0.0,0.33,2.347,0.055,0.041,0.974,0.0,-999.0,-999.0,
2018,0.065,13.707,2.138,10.929,5.133,0.0,-999.0,0.137,0.37,4.414,0.11,0.043,0.271,4.52,0.106,2.436,0.0,0.0,0.0,0.005,0.253,0.225,0.614,1.732,1.347,20.711,0.0,0.421,19.227,0.004,0.208,1.112,0.028,19.07,2.177,0.0,0.0,0.171,1.285,0.241,24.777,13.629,0.0,0.16,2.77,0.055,0.041,0.008,0.0,-999.0,-999.0,
2019,7.741,11.367,0.704,12.259,4.118,0.0,-999.0,0.249,0.636,1.261,0.069,0.047,0.057,5.615,0.595,3.237,0.0,0.0,0.0,0.013,0.116,1.305,0.112,0.399,1.237,7.704,0.0,0.036,20.413,0.004,0.415,0.121,0.028,22.792,1.069,0.0,0.0,1.849,0.577,0.23,21.16,13.391,0.0,0.207,1.308,0.055,0.028,0.239,0.0,-999.0,-999.0,
2020,0.0,24.308,0.122,19.131,5.107,0.0,-999.0,0.313,0.37,3.821,0.103,0.038,0.123,4.613,0.106,1.158,0.0,0.0,0.0,0.013,0.158,0.263,0.038,0.718,2.42,21.315,0.0,0.036,26.037,0.0,0.293,0.275,0.012,12.814,2.925,0.0,0.0,0.27,1.414,0.189,24.042,17.173,0.0,0.163,3.466,0.055,0.041,0.239,0.0,-999.0,-999.0,
