Year,AL,AZ,AR,CA,CO,CT,DE,FL,GA,ID,IL,IN,IA,KS,KY,LA,ME,MD,MA,MI,MN,MS,MO,MT,NE,NV,NH,NJ,NM,NY,NC,ND,OH,OK,OR,PA,RI,SC,SD,TN,TX,UT,VT,VA,WA,WV,WI,WY,AK,HI,PR,VI
1900,2.926,3.436,5.87,0.722,0.0,0.0,-999.0,23.951,8.765,0.011,1.62,3.908,1.214,2.397,1.796,12.005,0.0,-999.0,0.001,0.974,0.815,14.132,3.171,0.073,1.904,0.097,1.0,1.873,-999.0,2.342,5.127,0.0,0.558,-999.0,0.005,0.0,0.0,19.304,1.614,3.337,16.13,0.975,0.5,1.212,0.305,0.0,0.558,0.004,-999.0,-999.0,-999.0,
1901,2.457,2.551,10.574,0.231,0.175,0.0,-999.0,20.94,5.167,0.011,3.441,3.526,3.018,7.847,4.691,8.475,0.0,-999.0,0.166,0.709,1.557,13.59,10.256,0.009,2.222,0.213,0.0,1.995,-999.0,2.212,4.482,0.138,1.945,-999.0,0.001,0.405,0.0,12.786,2.29,5.662,16.634,0.951,0.0,1.79,0.052,0.301,1.201,0.0,-999.0,-999.0,-999.0,
1902,12.752,1.804,7.502,0.191,0.0,0.0,-999.0,12.555,7.891,0.014,0.642,0.484,0.19,2.439,0.631,16.442,0.0,-999.0,0.001,0.16,0.059,18.179,1.163,0.004,0.492,0.233,0.0,0.691,2.148,0.434,4.097,0.0,0.377,-999.0,0.0,0.228,0.0,18.32,0.195,4.301,26.166,0.873,0.0,0.331,0.054,0.013,0.003,0.0,-999.0,-999.0,-999.0,
1903,2.635,0.459,6.271,0.285,0.054,0.0,-999.0,9.051,2.41,0.022,0.925,0.795,0.233,2.222,1.016,8.409,0.0,-999.0,0.001,0.186,0.077,6.915,0.536,0.014,0.925,0.097,0.0,0.73,0.0,0.579,4.193,0.0,0.292,1.56,0.004,0.107,0.0,12.544,0.261,1.257,12.221,0.98,0.0,0.801,0.163,0.035,0.158,0.0,-999.0,-999.0,-999.0,
1904,0.65,0.069,3.624,0.605,0.496,0.0,-999.0,5.227,2.365,0.009,0.241,0.343,0.196,2.82,0.089,2.383,0.0,0.0,0.001,0.129,0.054,4.959,0.77,0.014,0.626,0.039,0.0,0.68,0.527,0.445,1.123,0.0,0.134,0.0,0.005,0.803,0.0,7.878,0.318,1.244,9.735,0.63,0.0,0.15,0.046,0.025,0.212,0.004,-999.0,-999.0,-999.0,
1905,1.541,0.355,5.218,0.154,0.107,0.0,-999.0,14.72,2.503,0.01,0.714,0.957,0.451,3.405,0.325,19.394,0.0,0.0,0.001,0.218,0.221,10.581,1.151,0.022,0.557,0.213,0.333,1.358,2.132,0.851,2.86,0.0,0.048,0.0,0.004,1.104,0.0,11.847,0.172,1.437,18.258,0.938,0.0,0.115,0.171,0.544,0.107,0.0,0.0,-999.0,-999.0,
1906,2.425,0.693,1.764,0.259,0.004,0.0,-999.0,11.695,2.47,0.006,0.411,0.539,0.226,2.241,0.199,10.523,0.0,0.0,0.001,0.052,0.222,6.561,0.673,0.008,0.252,0.213,0.333,0.965,2.107,1.065,2.4,0.002,0.069,0.0,0.0,0.201,0.0,14.456,0.217,1.144,14.287,0.884,0.086,0.115,1.183,0.0,0.192,0.0,0.0,-999.0,-999.0,
1907,1.479,0.197,7.92,0.131,0.117,0.0,-999.0,11.396,2.342,0.0,0.644,0.498,0.276,2.091,0.541,16.928,0.0,0.0,0.001,0.039,0.125,8.59,2.582,0.004,0.738,0.213,0.0,0.372,0.373,0.854,1.989,0.002,0.16,-999.0,0.001,0.01,0.0,12.934,0.275,4.079,22.652,0.848,0.086,0.22,0.106,0.0,0.047,0.0,0.0,-999.0,-999.0,
1908,2.167,0.871,3.559,0.478,0.073,0.0,-999.0,7.14,1.324,0.286,0.554,0.724,0.277,1.301,0.108,12.188,0.0,0.0,0.168,0.169,0.23,6.666,1.094,0.008,0.432,0.097,0.0,0.372,0.243,1.727,1.724,0.106,0.127,1.56,0.0,0.01,0.0,11.405,0.241,2.059,12.585,0.837,0.086,0.179,0.167,0.0,0.097,0.0,0.0,-999.0,-999.0,
1909,3.652,0.373,12.629,0.428,0.209,0.0,-999.0,17.488,2.804,0.0,1.423,0.682,0.722,1.989,0.504,24.474,0.0,0.0,0.001,0.088,0.215,14.816,3.291,0.055,1.105,0.097,0.0,0.372,1.075,0.817,1.337,0.0,0.199,0.613,0.0,0.001,0.0,11.209,0.506,3.644,29.207,0.857,0.0,0.15,0.01,0.0,0.112,0.0,0.0,-999.0,-999.0,
1910,0.909,0.495,5.351,0.143,0.004,0.0,-999.0,6.418,1.958,0.011,0.536,0.639,0.612,2.939,0.425,10.459,0.0,0.0,0.001,0.186,0.09,6.858,2.388,0.266,0.899,0.126,0.0,1.688,1.364,0.79,1.238,0.007,0.346,12.924,0.0,0.201,0.0,9.448,0.308,1.655,28.545,1.298,0.0,0.185,0.009,0.0,0.244,0.0,0.0,-999.0,-999.0,
1911,2.476,0.234,6.115,0.305,0.362,0.0,-999.0,11.447,2.836,0.143,1.203,1.724,3.295,4.08,0.254,8.719,0.0,0.0,1.825,0.707,0.711,8.568,3.784,0.008,1.69,0.097,0.0,1.737,1.701,1.105,2.11,0.257,0.167,4.562,0.135,0.399,0.0,12.478,1.561,1.751,32.223,0.755,1.0,0.185,0.175,0.0,0.838,0.0,0.0,-999.0,-999.0,
1912,3.9,0.634,4.21,0.454,0.01,3.0,-999.0,22.236,3.914,0.0,1.411,0.907,0.932,3.058,0.795,14.771,0.25,0.0,0.496,0.148,0.081,10.65,2.908,0.183,1.338,0.213,0.0,0.372,0.284,0.524,2.135,0.007,0.13,1.97,0.0,0.001,0.0,13.332,0.692,3.29,23.601,0.92,0.086,0.115,0.081,0.0,0.098,0.0,0.0,-999.0,-999.0,
1913,1.766,0.587,4.063,0.696,0.055,0.0,-999.0,9.553,3.799,0.001,3.891,3.86,2.535,8.673,1.258,8.861,0.0,0.0,0.001,0.304,0.816,5.511,5.154,0.052,1.92,0.097,0.0,3.063,0.757,0.464,3.026,0.0,0.384,7.459,0.221,0.723,0.0,11.09,1.969,2.167,15.436,0.98,0.086,0.447,0.083,0.2,0.292,0.0,0.0,-999.0,-999.0,
1914,4.976,0.261,7.834,0.09,0.055,0.0,-999.0,11.806,5.449,0.0,2.977,3.114,2.052,3.715,1.682,16.872,0.0,0.0,0.001,0.256,0.363,13.208,5.29,0.102,1.978,0.213,0.0,1.048,0.284,0.384,4.129,0.002,0.479,2.556,0.001,0.073,0.0,14.666,0.553,4.22,20.9,0.953,0.0,0.745,0.01,0.0,0.484,0.0,0.0,-999.0,-999.0,
1915,2.523,0.298,4.833,0.257,0.005,1.0,-999.0,23.264,5.512,0.001,0.352,0.414,0.094,1.019,0.915,17.337,0.0,0.0,0.001,0.141,0.054,9.2,0.867,0.009,0.279,0.213,0.0,0.619,0.757,0.549,3.302,0.0,0.173,2.138,0.137,0.073,0.0,11.512,0.141,1.917,23.768,0.86,0.5,0.169,0.102,0.0,0.046,0.0,1.0,-999.0,-999.0,
1916,1.228,0.406,7.419,0.445,0.056,0.0,-999.0,12.778,3.918,0.0,2.965,2.859,1.871,4.136,3.182,10.483,0.0,0.0,0.001,2.078,0.996,6.752,5.523,0.052,2.495,0.213,0.0,1.418,0.757,1.482,1.96,0.127,0.313,10.525,0.001,0.396,-999.0,11.318,0.705,2.829,26.683,1.206,0.5,0.47,0.009,0.0,1.957,0.004,0.0,-999.0,-999.0,
1917,1.746,0.345,2.784,0.59,0.056,1.0,-999.0,11.466,1.616,0.0,1.808,1.48,2.568,4.001,0.4,8.198,0.0,0.0,1.001,1.416,0.862,6.287,2.345,0.686,2.137,0.126,0.0,2.795,1.229,1.813,2.208,0.278,0.388,8.157,0.0,0.6,-999.0,10.499,0.84,1.112,24.787,1.184,0.0,0.702,0.009,0.0,1.919,0.0,0.0,-999.0,-999.0,
1918,1.471,0.559,8.519,0.231,0.096,1.0,-999.0,9.532,1.519,0.0,2.232,3.647,1.357,5.139,3.383,6.853,0.25,0.0,0.166,1.144,0.42,8.202,5.089,0.009,1.31,0.126,1.0,2.523,0.284,1.454,3.39,0.007,1.429,12.756,0.0,1.585,0.0,11.905,0.263,2.6,26.103,1.153,0.0,0.7,0.149,1.855,0.472,0.0,0.0,-999.0,-999.0,
1919,3.407,0.489,6.09,0.2,0.227,1.0,-999.0,14.004,1.655,0.0,1.04,1.884,1.569,2.676,2.151,12.348,1.0,0.0,0.834,1.097,0.594,8.567,1.449,0.34,1.326,0.126,0.0,0.471,0.284,0.655,2.809,0.132,0.318,1.496,0.002,0.497,0.0,12.477,0.588,2.461,12.178,1.668,0.0,0.256,0.009,0.0,0.926,0.0,0.0,-999.0,-999.0,
1920,2.846,0.406,3.813,0.18,0.014,-999.0,-999.0,8.556,2.163,0.0,0.478,0.93,0.542,1.406,0.089,4.976,0.0,0.0,0.001,0.03,0.159,7.927,0.704,0.052,0.584,0.126,0.0,0.691,1.55,0.425,1.242,0.007,0.328,2.5,0.001,0.001,0.0,9.034,0.206,0.671,15.149,1.983,0.0,0.15,0.104,0.181,0.067,0.0,0.0,-999.0,-999.0,
1921,6.434,0.712,8.371,0.24,0.299,-999.0,-999.0,13.766,2.31,0.0,1.661,2.006,0.553,2.157,1.764,11.128,0.25,0.0,0.166,0.967,0.838,11.007,2.404,0.066,0.715,4.935,0.0,0.421,0.284,1.673,2.685,0.778,0.207,12.026,0.0,0.989,0.0,12.51,0.647,2.094,17.943,1.616,0.0,0.295,0.009,0.0,1.428,0.0,0.0,-999.0,-999.0,
1922,1.695,0.933,11.245,0.094,0.105,0.0,-999.0,9.333,2.624,0.004,0.959,1.289,0.679,3.706,1.012,13.382,0.0,0.0,0.001,0.049,0.356,7.772,3.606,0.052,0.894,0.126,0.0,0.372,0.847,0.425,1.969,0.0,0.148,15.54,0.0,0.001,0.0,9.354,0.638,1.543,18.941,1.915,0.0,0.115,0.003,0.0,0.177,0.0,0.0,-999.0,-999.0,
1923,2.751,0.261,15.279,0.11,0.056,0.0,-999.0,12.532,5.628,0.004,0.854,0.847,0.593,2.699,1.002,13.572,0.0,0.0,0.166,0.232,0.189,7.377,4.543,0.01,0.516,0.126,0.0,0.471,0.757,0.526,1.615,0.111,0.021,12.026,0.0,0.001,0.0,10.793,0.449,1.714,21.171,1.565,0.0,0.418,0.003,0.0,0.127,0.0,0.0,-999.0,-999.0,
1924,4.214,0.708,12.896,0.182,0.056,0.0,-999.0,24.097,3.118,0.147,0.681,0.676,0.437,4.521,0.915,27.13,0.0,0.0,0.038,0.07,0.094,16.525,2.618,0.009,0.777,0.126,0.0,0.829,0.284,0.49,1.655,0.0,0.173,23.678,0.0,0.199,0.0,10.668,0.367,2.179,26.828,2.285,0.0,0.299,0.419,0.0,0.042,0.0,0.0,-999.0,-999.0,
1925,6.119,0.261,12.712,0.6,0.113,0.0,-999.0,22.344,9.751,0.009,1.095,1.749,0.467,4.069,1.182,20.397,0.0,0.0,0.333,0.049,0.244,14.765,3.158,0.267,0.826,0.126,0.333,0.458,0.757,0.732,2.957,0.222,0.023,12.363,0.0,0.001,0.0,17.233,0.776,2.079,30.572,1.986,0.0,1.794,0.154,0.1,0.104,0.0,0.0,-999.0,-999.0,
1926,2.396,0.606,6.949,0.165,0.056,0.0,-999.0,19.564,2.868,0.158,0.64,0.333,0.586,3.052,1.831,23.93,0.0,0.0,0.333,0.232,0.33,9.211,1.598,0.008,0.907,0.126,0.0,1.616,0.284,1.105,2.803,0.111,0.238,3.447,0.0,0.001,0.0,11.955,0.787,3.237,16.521,1.944,0.5,1.015,0.056,0.4,0.32,0.0,0.0,-999.0,-999.0,
1927,3.687,0.298,4.021,0.205,0.004,0.0,-999.0,18.8,1.923,0.0,0.387,0.274,0.159,1.105,1.513,27.281,0.0,0.0,0.001,0.183,0.221,12.914,0.363,0.009,0.949,0.126,0.0,0.372,0.374,0.384,1.32,0.0,0.06,2.917,0.0,0.001,0.0,9.451,0.609,1.541,20.008,1.009,0.0,0.331,0.175,0.0,0.163,0.0,0.0,-999.0,-999.0,
1928,2.723,0.604,9.322,0.348,0.017,0.0,-999.0,16.277,3.415,0.0,0.783,1.013,0.23,1.775,0.108,17.943,0.0,0.0,0.001,0.205,0.152,9.365,2.554,0.005,0.662,0.126,0.0,1.011,1.387,0.703,2.57,0.002,0.171,6.93,0.0,0.001,0.0,11.051,0.741,2.444,21.67,1.245,0.0,0.15,0.268,0.0,0.394,0.0,0.0,-999.0,-999.0,
1929,1.958,0.298,6.178,0.24,0.0,0.0,-999.0,17.058,2.284,0.0,0.471,0.534,0.34,2.634,0.682,13.774,0.0,0.0,0.498,0.637,0.279,8.017,1.696,0.851,1.189,0.126,0.0,0.68,0.284,0.74,2.032,0.132,0.016,5.284,0.0,0.001,0.0,9.126,1.075,1.331,14.349,1.93,1.0,0.115,0.268,0.0,0.389,0.0,0.0,-999.0,-999.0,
1930,5.15,0.451,14.379,0.128,0.308,0.0,-999.0,22.416,5.841,0.071,5.527,5.43,3.837,5.645,6.518,21.436,0.0,0.0,0.166,0.986,0.465,20.138,6.307,0.139,2.227,0.126,0.0,2.134,0.284,0.683,3.727,0.111,2.329,20.388,0.0,0.396,0.0,18.221,1.741,5.018,25.219,1.12,0.0,2.494,0.009,1.5,0.572,0.0,0.0,-999.0,-999.0,
1931,3.202,0.336,7.399,0.515,0.221,0.0,-999.0,22.592,11.959,0.0,5.32,6.359,4.115,6.504,4.24,22.55,0.25,0.0,0.496,2.333,3.939,11.619,4.909,0.283,4.268,0.228,0.0,0.508,0.284,1.554,2.373,0.556,1.165,18.935,0.0,0.396,0.0,17.065,6.844,2.803,16.854,2.875,0.5,1.016,0.009,0.494,3.577,0.5,0.0,-999.0,-999.0,
1932,8.952,0.485,12.841,0.267,0.106,0.0,-999.0,27.318,5.888,0.0,2.041,2.405,1.476,4.515,3.084,38.985,0.0,0.0,0.001,0.563,0.675,17.057,3.767,0.009,2.193,0.126,0.0,0.557,0.87,0.422,2.413,0.167,0.24,6.873,0.0,0.199,0.0,17.799,1.135,2.985,21.087,1.325,0.0,0.361,0.009,0.0,1.518,0.0,0.0,-999.0,-999.0,
1933,3.091,0.523,11.27,0.386,0.0,0.0,-999.0,23.541,5.536,0.0,2.192,3.713,0.366,7.347,2.056,30.788,0.0,0.0,1.002,0.952,0.741,11.326,4.36,0.123,1.66,0.228,0.0,1.467,0.892,0.934,1.842,0.0,0.861,15.484,0.0,0.199,0.0,13.822,1.632,1.765,24.389,1.752,0.0,0.866,0.081,0.0,0.697,0.0,0.0,-999.0,-999.0,
1934,7.803,1.155,26.563,0.34,0.397,0.0,-999.0,21.422,8.744,0.0,9.31,9.37,5.759,25.149,4.543,32.592,0.0,0.0,0.166,0.623,1.202,18.051,22.238,0.196,10.084,0.126,0.0,1.406,0.464,0.524,5.631,0.179,2.123,35.459,0.0,0.199,0.0,15.785,2.808,5.772,35.385,1.469,0.0,0.814,0.009,0.0,1.754,0.0,0.0,-999.0,-999.0,
1935,6.168,0.336,10.319,0.201,0.12,0.0,-999.0,19.582,4.359,0.0,4.294,3.171,3.01,9.334,2.11,27.633,0.0,0.0,0.166,0.417,0.575,15.112,6.509,0.183,4.472,0.126,0.0,0.817,0.892,0.434,2.652,0.116,0.699,13.559,0.09,0.001,0.0,13.28,1.452,3.218,17.246,1.102,0.0,0.418,0.081,0.0,0.415,0.0,0.0,-999.0,-999.0,
1936,6.886,0.787,22.878,0.141,0.784,0.0,-999.0,39.283,8.899,0.0,11.25,14.401,6.224,17.798,6.289,27.937,0.0,0.0,0.166,1.041,3.386,18.197,19.794,0.571,11.255,0.126,0.0,1.737,0.802,1.78,3.983,3.056,2.235,37.241,0.0,0.001,0.0,21.504,6.948,6.822,19.647,1.697,0.0,0.401,0.009,0.619,2.629,0.0,0.0,-999.0,-999.0,
1937,3.303,0.373,7.038,0.291,0.362,0.0,-999.0,21.342,2.805,0.0,1.375,1.799,1.73,9.429,0.837,21.445,0.0,0.0,0.498,0.43,0.953,9.192,2.707,0.096,3.887,0.126,0.0,1.026,0.554,0.848,1.989,0.389,0.202,24.344,0.0,0.001,0.0,11.182,2.268,1.671,22.612,2.204,0.0,0.185,0.056,0.0,0.899,0.0,0.0,-999.0,-999.0,
1938,1.117,0.406,4.581,0.158,0.004,0.0,-999.0,12.28,2.136,0.0,1.803,2.05,1.788,7.732,1.568,17.082,0.0,0.0,0.663,0.807,0.766,8.225,3.885,0.009,3.028,0.126,0.0,1.011,0.284,0.717,1.567,0.0,0.167,11.584,0.0,0.001,1.0,9.698,1.554,1.063,15.012,1.752,0.0,0.447,0.081,0.0,0.594,0.0,0.0,-999.0,-999.0,
1939,1.613,0.89,9.474,0.237,0.004,0.0,-999.0,15.297,2.498,0.0,2.07,1.221,1.548,7.527,1.161,20.668,0.0,0.0,0.501,0.149,0.545,9.548,2.94,0.153,3.811,0.126,0.0,1.505,0.87,0.609,1.77,0.0,0.284,10.3,0.0,0.199,0.0,11.896,1.239,1.514,17.197,2.115,0.0,0.196,0.056,0.2,0.413,0.0,0.0,-999.0,-999.0,
1940,2.051,0.597,5.105,0.085,0.106,0.0,-999.0,24.17,2.779,0.0,3.173,3.051,2.001,5.853,0.708,17.028,0.25,0.0,0.166,0.469,0.71,6.608,1.805,0.055,4.169,0.126,0.0,0.718,0.284,1.02,1.962,0.0,0.814,7.571,0.0,0.207,0.0,14.933,1.338,1.419,12.341,2.287,0.5,0.366,0.009,0.1,0.82,0.0,0.0,-999.0,-999.0,
1941,3.216,0.261,5.649,0.11,0.004,0.0,-999.0,28.977,6.303,0.0,2.547,2.272,1.576,3.372,1.122,28.002,0.25,0.0,0.166,0.345,0.532,9.956,3.361,0.009,1.338,0.213,0.0,0.68,0.284,0.639,4.503,0.0,0.424,4.811,0.0,0.207,0.0,17.185,0.694,2.906,14.412,1.917,0.0,0.831,0.247,0.0,1.454,0.0,0.0,-999.0,-999.0,
1942,1.612,0.671,8.477,0.087,0.039,0.0,-999.0,21.159,2.21,0.0,2.814,1.913,1.597,5.096,1.032,15.512,0.0,0.0,0.001,0.653,0.252,8.955,1.882,0.009,1.913,0.126,0.0,1.467,0.284,0.524,3.129,0.0,1.202,5.284,0.0,0.597,0.0,15.316,0.501,2.277,11.838,0.966,0.5,0.563,0.009,0.244,1.136,0.0,0.0,-999.0,-999.0,
1943,5.431,0.526,18.447,0.138,0.286,0.0,-999.0,15.844,4.235,0.0,2.271,2.254,0.795,8.712,1.22,27.321,0.0,0.0,0.166,0.035,0.065,21.181,5.323,0.052,1.754,0.126,0.0,1.986,0.374,0.674,3.487,0.333,0.483,25.933,0.0,0.001,0.0,15.453,0.252,5.175,20.276,1.076,1.0,0.799,0.009,0.0,0.542,0.0,0.0,-999.0,-999.0,
1944,3.633,0.451,12.037,0.135,0.004,0.0,-999.0,17.097,3.473,0.0,2.176,2.172,2.05,4.668,1.498,23.866,0.0,0.0,0.662,0.281,0.627,10.094,2.033,0.009,1.77,0.126,0.0,0.372,0.284,1.549,2.595,0.056,0.367,13.534,0.0,0.199,0.0,12.019,0.691,3.13,18.512,1.142,0.0,0.401,0.009,0.0,1.042,0.0,0.0,-999.0,-999.0,
1945,2.515,0.116,8.05,0.159,0.074,0.0,-999.0,29.796,1.242,0.01,1.362,0.833,0.891,2.686,1.056,21.462,0.0,0.0,0.038,0.144,0.065,8.427,1.964,0.009,1.442,0.126,0.0,1.148,0.284,0.524,2.859,0.0,0.206,5.926,0.0,0.399,0.0,14.267,0.46,1.402,17.474,1.088,0.0,0.331,0.009,0.119,0.172,0.0,0.0,-999.0,-999.0,
1946,0.879,0.298,6.897,0.134,0.004,0.0,-999.0,12.714,1.176,0.429,0.908,1.93,0.605,6.868,0.108,18.486,0.0,0.0,0.038,0.329,0.193,7.641,3.838,0.009,1.198,0.126,0.0,0.372,0.622,0.434,1.763,0.0,0.097,12.612,0.0,0.001,0.0,7.74,0.441,1.14,19.701,1.326,0.0,0.238,0.009,0.0,0.156,0.0,0.0,-999.0,-999.0,
1947,2.096,0.673,8.873,0.085,0.055,0.0,-999.0,19.411,3.669,0.143,2.484,1.816,2.938,5.243,0.597,27.312,0.0,0.0,0.038,0.515,1.559,12.51,2.087,0.009,2.74,0.126,0.0,0.718,0.603,0.805,1.056,0.667,0.261,-999.0,0.0,0.001,0.0,8.828,2.732,2.195,17.593,1.482,0.5,0.115,0.007,0.0,1.83,0.0,0.0,-999.0,-999.0,
1948,1.519,0.831,4.989,0.077,0.055,0.0,-999.0,18.547,2.129,0.0,0.666,0.436,1.153,2.009,0.591,23.637,0.0,0.0,1.79,0.399,0.298,8.482,0.528,0.005,0.842,0.126,0.042,1.208,2.648,1.162,2.255,0.003,0.167,10.693,0.0,0.001,0.0,13.154,0.427,1.407,24.4,1.163,1.0,0.15,0.011,0.0,0.81,0.0,0.0,-999.0,-999.0,
1949,4.043,1.251,5.901,0.128,0.004,0.0,-999.0,17.596,2.201,0.001,1.892,2.211,1.209,2.389,0.472,16.313,0.25,0.0,0.038,0.126,1.008,9.712,1.016,0.066,0.501,0.126,0.0,2.33,0.464,1.47,2.361,0.056,0.57,9.578,0.0,0.6,0.0,11.975,1.022,1.2,14.881,1.628,0.0,0.761,0.007,0.0,0.622,0.0,0.0,-999.0,-999.0,
1950,0.698,0.448,2.955,0.226,0.145,0.0,-999.0,13.088,1.42,0.0,1.023,0.433,0.268,2.005,0.108,8.004,0.0,0.0,0.001,0.013,0.054,5.901,1.185,0.009,0.546,0.126,0.0,0.471,0.326,0.464,1.085,0.0,0.022,1.496,0.0,0.001,0.0,10.297,0.243,0.891,10.302,0.978,0.086,0.115,0.007,0.0,0.07,0.0,0.0,-999.0,-999.0,
1951,5.371,0.391,10.551,0.07,0.004,0.0,-999.0,20.167,4.208,0.0,0.996,0.453,0.541,2.614,0.108,26.897,0.0,0.0,0.001,0.079,0.054,11.758,2.302,0.009,0.425,0.126,0.0,0.569,0.757,0.434,1.913,0.0,0.135,22.619,0.0,0.001,1.0,10.824,0.206,1.966,31.285,1.144,0.0,0.15,0.009,0.0,0.06,0.0,0.0,-999.0,-999.0,
1952,7.171,0.345,12.06,0.163,0.055,0.0,-999.0,14.338,9.435,0.0,5.424,3.093,1.776,11.019,4.401,17.677,0.0,0.0,0.001,0.508,0.217,12.328,5.669,0.009,1.688,0.126,0.0,2.144,0.757,1.192,4.22,0.0,0.852,36.912,0.0,1.296,0.0,19.107,0.542,4.656,25.005,1.394,0.0,1.412,0.009,0.6,0.352,0.0,0.0,-999.0,-999.0,
1953,2.811,0.909,12.688,0.07,0.055,0.0,-999.0,13.195,3.335,0.0,4.192,1.839,1.858,6.707,1.069,12.891,0.0,0.0,0.333,0.317,0.589,15.301,5.382,0.009,1.881,0.126,0.0,1.014,2.444,1.247,1.8,0.0,0.275,23.092,0.0,0.001,0.0,11.661,0.96,2.782,26.407,1.6,0.0,0.541,0.009,0.156,0.756,0.0,0.0,-999.0,-999.0,
1954,9.213,0.41,20.182,0.09,0.618,0.0,-999.0,18.137,6.073,0.0,2.995,1.842,1.857,12.233,2.901,16.925,0.0,0.0,0.001,0.063,0.245,19.212,9.617,0.009,1.487,0.126,0.0,0.73,0.464,0.464,2.372,0.111,0.082,38.388,0.0,0.199,0.0,15.508,0.202,4.542,23.548,1.679,0.0,0.576,0.009,0.0,0.041,0.0,0.0,-999.0,-999.0,
1955,0.933,0.451,6.148,0.168,0.004,0.0,-999.0,12.432,0.504,0.0,3.174,1.493,5.784,6.264,0.108,10.594,0.0,0.0,1.002,0.597,1.328,7.299,2.892,0.096,4.409,0.228,0.0,4.221,0.326,1.967,1.707,0.056,0.39,6.986,0.0,0.001,0.0,11.504,2.953,1.815,15.418,1.166,0.0,0.546,0.008,0.2,1.142,0.0,0.0,-999.0,-999.0,
1956,0.622,0.373,8.512,0.132,0.004,0.0,-999.0,7.51,0.406,0.0,1.161,0.846,0.787,5.18,0.108,6.456,0.0,0.0,0.001,0.026,0.081,8.116,3.631,0.009,0.79,0.213,0.0,1.049,0.892,0.835,1.346,0.056,0.312,23.341,0.0,0.001,0.0,9.486,0.343,1.663,23.497,1.48,0.0,0.115,0.008,0.0,0.07,0.0,0.0,-999.0,-999.0,
1957,0.983,0.936,8.091,0.092,0.004,0.0,-999.0,17.442,1.865,0.0,1.042,0.187,1.413,4.492,0.108,16.581,0.0,0.0,0.001,0.101,0.282,11.001,2.325,0.052,0.948,0.126,0.0,0.68,0.87,0.584,1.829,0.111,0.021,13.036,0.0,0.001,0.0,10.996,0.705,0.825,21.097,1.714,0.0,0.681,0.009,0.0,0.126,0.0,0.0,-999.0,-999.0,
1958,1.569,0.464,7.794,0.127,0.004,0.0,-999.0,19.836,1.592,0.0,0.492,0.231,0.227,2.549,0.253,15.803,0.0,0.0,0.667,0.011,0.162,9.364,1.384,0.009,0.399,0.213,0.0,0.421,0.712,0.49,2.572,0.0,0.06,11.391,0.0,0.001,0.0,13.358,0.581,1.914,21.53,1.541,0.0,0.041,0.081,0.0,0.039,0.0,0.0,-999.0,-999.0,
1959,0.803,0.261,6.21,0.216,0.113,0.0,-999.0,8.972,0.725,0.0,1.753,1.123,0.99,3.56,0.108,7.673,0.0,0.0,0.166,0.928,0.36,5.6,1.338,0.009,1.023,0.126,0.0,1.224,0.284,1.306,1.759,0.056,0.344,4.45,0.083,0.001,0.0,10.379,0.589,0.663,10.418,1.87,0.0,0.401,0.081,0.0,0.622,0.0,0.0,-999.0,-999.0,
1960,0.852,0.373,7.494,0.306,0.106,0.0,-999.0,12.301,0.968,0.0,0.576,0.288,0.37,2.198,0.306,11.562,0.0,0.0,0.501,0.03,0.094,6.446,1.278,0.139,0.395,0.126,0.0,0.421,0.295,0.451,1.674,0.0,0.108,12.587,0.0,0.001,0.0,9.01,0.639,1.187,14.994,1.935,0.0,0.115,0.009,0.0,0.041,0.0,0.0,-999.0,-999.0,
1961,0.595,0.526,2.482,0.356,0.0,0.0,-999.0,11.005,0.473,0.0,0.639,0.293,0.161,1.669,0.253,4.267,0.0,0.0,0.001,0.063,0.115,3.914,1.463,0.009,0.463,0.228,0.0,0.471,0.109,0.862,1.59,0.0,0.118,2.5,0.0,0.001,0.0,8.672,0.221,0.609,8.597,1.557,0.0,0.15,0.175,0.0,0.07,0.0,0.0,-999.0,-999.0,
1962,1.068,0.298,6.838,0.08,0.002,0.0,-999.0,15.119,0.827,0.0,0.504,0.203,0.117,2.127,0.254,20.839,0.0,0.0,0.001,0.03,0.054,9.243,1.019,0.009,0.335,0.126,0.0,0.471,0.361,0.434,1.345,0.0,0.021,6.986,0.0,0.001,0.0,9.574,0.112,1.428,16.533,1.383,0.0,0.115,0.009,0.2,0.041,0.0,0.0,-999.0,-999.0,
1963,1.068,0.261,7.262,0.119,0.209,0.0,-999.0,15.114,1.262,0.0,0.887,0.573,0.421,4.784,0.399,23.065,0.0,0.0,0.166,0.096,0.221,10.153,2.234,0.096,1.925,0.126,0.0,0.471,0.109,0.936,1.074,0.0,0.021,19.89,0.0,0.001,0.0,8.075,0.509,0.77,20.287,1.372,0.0,0.401,0.083,0.2,0.041,0.0,0.0,-999.0,-999.0,
1964,0.919,0.261,7.567,0.09,0.221,0.0,-999.0,14.798,0.595,0.0,1.836,1.313,1.485,7.843,0.89,17.742,0.0,0.0,0.001,0.48,0.8,8.784,2.733,0.096,2.893,0.126,0.0,0.471,0.68,0.681,1.493,0.0,0.549,28.052,0.0,0.399,0.0,9.661,1.285,1.015,23.923,1.426,0.0,0.26,0.081,0.2,0.95,0.0,0.0,-999.0,-999.0,
1965,1.438,0.261,3.161,0.07,0.017,0.0,-999.0,10.468,0.406,0.0,1.162,0.504,0.193,1.924,0.806,6.148,0.0,0.0,0.001,0.105,0.101,6.62,0.945,0.009,0.319,0.126,0.0,1.049,0.665,0.464,1.211,0.0,0.07,13.005,0.0,0.001,0.0,9.034,0.112,0.784,12.629,0.962,0.0,0.26,0.081,0.0,0.115,0.0,0.0,-999.0,-999.0,
1966,2.785,0.559,7.802,0.117,0.004,0.0,-999.0,15.347,0.769,0.0,1.991,1.441,1.879,5.498,1.185,18.396,0.0,0.0,0.167,0.313,0.511,9.214,4.188,0.009,1.731,0.126,0.0,0.767,1.475,0.757,1.91,0.116,0.021,21.198,0.0,0.001,0.0,8.554,0.747,1.596,17.18,1.834,0.0,0.401,0.007,0.0,0.041,0.0,0.0,-999.0,-999.0,
1967,0.403,0.298,4.001,0.465,0.004,0.0,-999.0,13.742,0.406,0.0,0.165,0.144,0.11,1.421,0.108,13.169,0.0,0.0,0.001,0.1,0.094,5.919,0.602,0.009,0.302,0.126,0.0,0.471,0.262,0.464,1.482,0.0,0.021,8.631,0.0,0.001,1.0,7.499,0.166,0.628,13.126,1.515,0.0,0.115,0.009,0.0,0.041,0.0,0.0,-999.0,-999.0,
1968,1.395,0.438,4.018,0.105,0.004,0.0,-999.0,14.143,0.488,0.0,1.541,1.792,1.317,4.192,0.253,9.335,0.0,0.0,0.001,1.183,0.408,5.844,1.469,0.009,0.914,0.126,0.0,0.965,0.109,0.785,1.851,0.056,0.484,8.294,0.083,0.199,0.0,11.613,0.991,0.787,6.618,1.209,0.0,0.523,0.154,0.0,0.665,0.0,0.0,-999.0,-999.0,
1969,4.347,0.526,14.084,0.088,0.004,0.0,-999.0,22.011,0.739,0.0,2.072,1.226,1.208,5.618,0.688,34.493,0.0,0.0,0.001,0.286,0.531,13.932,4.856,0.052,1.11,0.126,0.0,1.311,1.236,0.78,2.628,0.0,0.325,27.161,0.0,0.594,0.0,12.413,0.564,1.758,23.436,1.729,0.0,0.331,0.081,0.0,0.041,0.0,0.0,-999.0,-999.0,
1970,1.134,1.133,7.853,0.154,0.157,0.0,-999.0,14.727,0.768,0.143,2.001,1.307,1.722,6.927,0.253,28.611,0.0,0.0,0.001,0.196,0.294,9.578,2.19,0.009,1.638,0.126,0.0,0.372,0.109,0.494,1.753,0.0,0.455,31.591,0.083,0.199,0.0,11.543,0.914,0.739,15.529,1.732,0.0,0.15,0.081,0.2,0.858,0.0,0.0,-999.0,-999.0,
1971,0.934,1.129,3.886,0.219,0.106,0.0,-999.0,10.389,0.714,0.0,0.399,0.401,0.513,3.512,0.108,12.231,0.0,0.0,0.001,0.188,0.054,6.141,0.941,0.009,0.645,0.331,0.0,0.372,0.477,0.575,1.077,0.111,0.091,14.008,0.0,0.001,0.0,8.587,0.232,0.676,8.639,1.868,0.0,0.115,0.009,0.0,0.254,0.0,0.0,-999.0,-999.0,
1972,1.265,0.41,3.511,0.285,0.004,-999.0,-999.0,12.659,0.406,0.0,0.715,0.422,0.268,2.09,0.253,21.581,0.01,0.0,0.001,0.329,0.137,6.435,0.726,0.008,0.382,0.126,0.0,0.79,0.293,0.775,1.471,0.0,0.297,6.512,0.0,0.001,0.0,9.515,0.286,0.582,10.438,1.431,0.0,0.805,0.009,0.2,0.292,0.0,0.0,-999.0,-999.0,
1973,1.016,0.902,3.456,0.116,0.106,0.0,-999.0,12.365,0.455,0.0,0.438,0.495,0.32,2.815,0.31,24.749,0.01,0.0,0.166,0.535,0.264,7.175,0.586,0.009,0.602,0.126,0.0,0.878,0.14,0.866,1.282,0.0,0.016,5.87,0.0,0.001,0.0,8.821,1.069,1.005,7.419,1.147,0.0,0.185,0.009,0.0,0.197,0.0,0.0,-999.0,-999.0,
1974,0.726,0.861,2.44,0.124,0.004,0.0,-999.0,10.574,0.584,0.0,0.594,0.334,1.626,3.828,0.108,13.603,0.01,0.0,0.001,0.148,0.088,5.168,1.111,0.052,1.797,0.126,0.0,0.421,0.109,0.554,1.156,0.056,0.06,13.59,0.0,0.007,0.0,7.113,0.905,0.659,9.57,1.69,0.0,0.234,0.009,0.0,0.531,0.0,-999.0,-999.0,-999.0,
1975,0.803,0.559,2.606,0.07,0.002,0.0,-999.0,9.218,0.584,0.0,0.18,0.302,0.875,2.424,0.108,15.789,0.0,0.0,0.834,0.03,0.273,5.974,0.801,0.076,0.687,0.126,0.0,0.471,0.14,0.595,1.596,0.074,0.06,2.917,0.0,0.007,0.0,9.008,1.082,0.579,8.903,1.431,0.0,0.115,0.34,0.0,0.226,0.0,0.0,-999.0,-999.0,
1976,0.595,0.261,1.919,0.196,0.0,0.0,-999.0,6.756,0.713,0.143,0.438,0.401,1.026,2.022,0.108,4.597,0.0,0.0,0.001,0.132,1.022,4.848,0.623,0.009,0.812,0.126,0.0,0.372,0.293,0.519,1.187,0.366,0.132,5.397,0.0,0.001,0.0,7.193,1.736,0.56,5.078,1.407,0.0,0.115,0.009,0.0,0.573,0.0,0.0,-999.0,-999.0,
1977,2.119,0.406,8.917,0.322,0.405,0.0,-999.0,11.501,2.51,0.0,2.175,2.837,1.78,5.163,1.821,29.242,0.0,0.0,0.498,0.605,0.627,10.066,2.847,0.008,1.9,0.126,0.0,0.817,0.14,1.048,3.084,0.0,0.907,14.2,0.0,0.001,0.0,11.687,0.974,1.224,17.023,1.411,0.0,0.663,0.319,0.156,1.04,0.0,0.0,-999.0,-999.0,
1978,1.913,0.261,10.643,0.193,0.001,0.0,-999.0,13.321,3.15,0.0,1.005,1.153,0.672,7.969,0.815,27.997,0.0,0.0,1.166,0.0,0.172,10.446,3.523,0.005,0.994,0.126,0.0,1.677,0.244,0.685,1.613,0.056,0.327,28.999,0.0,0.001,0.0,10.234,0.545,1.184,20.691,1.773,0.0,0.651,0.009,0.0,0.041,0.0,0.0,-999.0,-999.0,
1979,1.196,0.559,4.424,0.15,0.061,0.0,-999.0,22.322,3.074,0.0,0.712,0.97,0.442,2.327,0.434,21.793,0.0,0.0,0.166,0.087,0.054,7.861,0.839,0.014,0.384,0.126,0.0,0.52,0.109,1.005,1.874,0.011,0.099,8.045,0.0,0.001,0.0,8.598,0.255,1.28,10.158,1.176,0.0,0.115,0.046,0.0,0.18,0.0,0.0,-999.0,-999.0,
1980,3.232,0.559,27.714,0.35,0.106,0.0,-999.0,23.275,5.047,0.0,4.846,4.354,3.126,13.7,3.165,47.564,0.0,0.0,0.001,0.046,0.267,20.323,12.266,0.008,2.401,0.126,0.0,1.997,0.869,1.005,3.21,0.0,0.779,50.009,0.0,0.001,0.0,15.461,0.283,5.593,31.001,1.308,0.0,0.279,0.009,0.0,0.297,0.0,0.0,-999.0,-999.0,
1981,3.814,0.671,13.519,0.302,0.157,0.0,-999.0,21.878,2.095,0.0,1.868,1.361,1.202,4.394,0.806,37.706,0.0,1.0,0.167,0.108,0.098,13.791,3.893,0.009,1.165,0.126,0.0,1.455,0.495,0.584,2.279,0.0,0.3,21.921,0.0,0.001,2.0,15.708,0.557,2.848,14.105,1.824,0.0,0.524,0.009,0.0,0.192,0.0,0.0,-999.0,-999.0,
1982,0.71,0.261,6.543,0.196,0.267,0.0,-999.0,16.512,0.584,0.0,0.529,0.424,1.166,3.878,0.108,18.331,0.0,0.0,0.167,0.122,0.426,7.878,1.248,0.055,0.94,0.126,0.0,0.691,0.14,0.685,1.061,0.0,0.218,17.098,0.0,0.001,0.0,10.765,0.606,1.035,14.162,1.421,0.0,0.196,0.009,0.0,0.171,0.0,0.0,-999.0,-999.0,
1983,1.899,0.336,9.033,0.373,0.106,0.0,-999.0,15.719,3.311,0.0,3.234,4.098,2.851,6.121,4.513,22.647,0.0,-999.0,0.001,0.216,0.695,11.279,3.617,0.009,2.433,0.228,0.0,0.668,0.477,1.108,2.151,0.257,0.591,29.023,0.0,0.201,0.0,17.566,0.722,2.728,12.96,1.312,0.0,0.713,0.009,0.0,0.452,0.0,0.0,-999.0,-999.0,
1984,0.537,0.261,5.152,0.503,0.001,0.0,-999.0,12.287,0.885,0.143,1.059,1.614,0.737,3.03,0.108,11.09,0.0,0.0,0.001,0.079,0.138,4.953,1.416,0.009,0.716,0.126,0.333,0.681,0.361,0.729,1.317,0.007,0.201,8.045,0.0,0.001,0.0,9.328,0.454,0.604,13.754,1.05,0.0,0.26,0.009,0.0,0.168,0.0,0.0,-999.0,-999.0,
1985,0.765,0.597,5.044,0.142,0.106,0.0,-999.0,19.997,1.081,0.139,0.687,0.957,0.543,2.934,0.398,13.885,0.0,0.0,0.001,0.107,0.094,8.061,1.23,0.009,0.445,0.126,0.0,0.841,0.109,0.606,1.081,0.0,0.098,6.151,0.0,0.0,0.0,9.792,0.288,1.038,15.135,1.741,0.0,0.115,0.056,0.0,0.041,0.0,0.0,-999.0,-999.0,
1986,4.863,0.261,9.442,0.07,0.0,0.0,-999.0,14.227,2.391,0.139,1.592,1.483,1.504,4.969,0.58,24.976,0.0,0.0,0.001,0.323,0.763,12.074,2.149,0.009,1.047,0.126,0.0,1.319,0.109,0.609,2.369,0.111,0.389,12.475,0.0,0.001,0.0,18.497,0.586,2.225,18.402,1.419,0.0,0.524,0.009,0.6,1.046,0.0,0.0,-999.0,-999.0,
1987,4.32,0.406,10.836,0.192,0.0,0.0,-999.0,18.328,2.062,0.0,1.902,1.218,2.207,4.286,0.108,24.341,0.0,0.0,0.167,0.882,0.744,11.745,2.257,0.009,0.578,0.126,0.0,0.619,0.109,1.483,2.087,0.333,0.21,12.668,0.001,0.001,0.0,14.541,0.774,1.131,16.396,1.104,0.0,0.615,0.01,0.0,0.671,0.0,0.0,-999.0,-999.0,
1988,1.652,0.41,10.042,0.242,0.0,0.0,-999.0,17.237,1.042,0.0,5.178,4.611,6.215,6.272,2.245,24.974,0.0,0.0,1.164,2.309,1.734,12.122,3.712,0.096,2.419,0.126,0.0,2.638,0.293,2.02,1.9,0.778,0.989,16.038,0.0,0.001,0.0,11.949,3.542,2.668,16.467,1.617,0.0,1.173,0.009,0.0,2.9,0.0,0.0,-999.0,-999.0,
1989,2.294,0.973,4.718,0.11,0.009,4.0,-999.0,14.512,0.651,0.0,1.139,2.213,0.751,2.896,0.6,23.607,0.0,0.0,0.001,0.144,0.212,8.866,0.961,0.028,0.623,0.126,0.0,0.652,1.599,0.625,1.11,0.444,0.281,9.465,0.0,0.001,0.0,10.683,0.949,1.45,18.602,1.833,0.0,0.406,0.009,0.0,0.357,0.0,0.0,-999.0,-999.0,
1990,1.074,1.126,7.294,0.461,0.112,0.0,-999.0,20.701,1.213,0.0,1.269,1.537,1.706,6.631,0.836,23.582,0.0,0.0,1.002,0.156,0.205,9.363,3.075,0.009,2.014,0.126,0.0,0.569,1.339,0.565,1.413,0.222,0.276,22.057,0.0,0.001,1.0,14.107,0.482,1.113,17.686,2.671,0.0,0.402,0.01,0.0,0.4,0.0,0.0,-999.0,-999.0,
1991,0.688,0.261,5.119,0.198,0.032,0.0,-999.0,20.639,1.967,0.0,1.767,2.499,1.424,5.534,0.487,15.784,0.0,0.0,0.167,0.412,0.823,7.76,2.066,0.009,1.667,0.126,0.0,0.965,0.293,0.912,3.117,0.278,0.44,11.416,0.0,0.001,0.0,14.442,1.313,1.09,11.1,1.325,0.0,0.344,0.006,0.0,0.718,0.0,0.0,-999.0,-999.0,
1992,1.565,0.261,5.915,0.171,0.004,0.0,-999.0,15.572,0.538,0.079,0.922,1.054,0.241,1.898,0.691,11.726,0.0,-999.0,0.001,0.036,0.077,6.455,2.313,0.009,0.382,0.126,0.0,0.471,0.293,0.464,2.759,0.0,0.119,4.979,0.0,0.001,0.0,14.633,0.163,1.535,11.445,2.433,0.0,0.36,0.009,0.0,0.057,0.0,0.0,-999.0,-999.0,
1993,1.85,0.485,15.151,0.164,0.0,2.0,-999.0,18.007,1.684,0.0,1.652,2.44,0.297,4.492,0.689,30.484,0.0,0.0,0.333,0.283,0.027,12.807,4.558,0.009,0.528,0.126,0.0,1.334,0.109,1.127,2.69,0.0,0.159,24.625,0.0,0.001,0.0,18.091,0.138,1.963,24.459,1.632,0.5,0.279,0.009,0.0,0.037,0.0,0.0,-999.0,-999.0,
1994,1.099,1.242,5.046,0.201,0.114,2.0,-999.0,11.171,0.768,0.071,0.873,0.694,0.523,2.121,0.425,12.828,0.0,0.0,0.333,0.153,0.027,6.411,0.911,0.009,0.764,0.228,0.0,1.815,2.272,0.832,1.574,0.0,0.07,14.008,0.0,0.001,0.0,8.422,0.309,0.842,17.161,2.46,0.0,0.244,0.102,0.0,0.218,0.0,0.0,-999.0,-999.0,
1995,4.208,0.747,10.651,0.161,0.153,-999.0,-999.0,40.276,2.828,0.0,4.495,4.796,3.087,3.555,1.543,32.659,0.0,0.0,0.006,0.803,0.932,13.592,4.022,0.009,1.506,0.126,0.0,2.776,0.293,1.262,2.893,0.0,0.653,18.381,0.083,0.001,2.0,17.02,1.406,2.222,19.399,1.342,0.086,0.511,0.007,0.037,1.896,0.0,0.0,-999.0,-999.0,
1996,1.076,0.373,7.563,0.492,0.004,-999.0,-999.0,23.188,1.34,0.0,1.051,1.465,1.441,3.684,1.153,16.371,0.0,0.0,0.001,0.339,0.797,7.425,2.085,0.009,0.92,0.126,0.0,0.471,0.647,0.518,2.208,0.167,0.256,20.781,0.0,0.001,0.0,11.621,0.625,1.309,21.107,1.891,0.086,0.185,0.009,0.005,0.214,0.0,0.0,-999.0,-999.0,
1997,1.34,0.488,9.514,0.079,0.004,0.0,-999.0,22.623,2.15,0.0,1.889,1.567,0.988,2.983,1.326,28.762,0.0,0.0,0.001,0.14,0.088,8.351,2.145,0.009,0.74,0.126,0.0,0.668,0.109,0.524,2.914,0.0,0.092,10.942,0.0,0.001,0.0,10.73,0.561,2.387,19.003,1.52,0.086,1.868,0.009,0.0,0.141,0.0,0.0,-999.0,-999.0,
1998,2.565,0.56,22.091,0.699,0.055,-999.0,-999.0,55.859,3.865,0.0,3.592,2.809,1.214,5.102,1.228,62.267,0.0,0.0,0.166,0.112,0.034,22.105,4.576,0.009,0.619,0.228,0.333,0.915,0.244,0.591,3.901,0.0,0.44,28.501,0.0,0.001,0.0,21.133,0.214,4.001,45.033,2.085,0.086,0.115,0.2,0.0,0.091,0.0,0.0,-999.0,-999.0,
1999,2.9,0.298,13.727,0.399,0.005,-999.0,-999.0,32.705,3.085,0.0,3.564,4.422,2.552,6.097,2.373,36.324,0.0,0.0,0.166,0.686,1.044,16.639,5.927,0.009,1.965,0.126,0.0,3.608,0.545,1.908,3.773,0.0,1.235,18.301,0.0,0.402,0.0,16.105,0.984,3.447,19.23,2.006,0.086,0.782,0.006,0.0,0.947,0.0,0.0,-999.0,-999.0,
2000,2.013,0.56,13.629,0.375,0.114,-999.0,-999.0,21.677,1.29,0.071,0.566,0.216,0.467,6.763,0.691,30.924,0.0,0.0,0.001,0.048,0.148,11.724,4.865,0.066,1.041,0.126,0.0,0.915,0.885,0.456,1.883,0.136,0.004,32.369,0.0,0.001,0.0,12.226,0.376,2.241,26.365,2.645,0.0,0.115,0.008,0.0,0.038,0.0,0.0,-999.0,-999.0,
2001,1.788,0.857,13.36,0.321,0.09,-999.0,-999.0,22.764,0.811,0.0,1.074,1.207,2.877,8.561,1.263,26.233,0.0,0.0,0.999,0.461,1.423,8.864,5.928,0.052,1.767,0.126,0.0,1.642,0.831,1.771,1.482,0.111,0.089,32.843,0.0,0.001,0.0,10.819,1.26,1.927,23.324,2.073,0.0,0.15,0.009,0.0,1.513,0.0,0.0,-999.0,-999.0,
2002,1.015,0.94,8.606,0.418,0.039,-999.0,-999.0,32.547,1.002,0.143,1.733,2.155,1.087,4.149,1.21,19.919,0.0,0.0,0.333,0.528,0.627,6.425,3.645,0.109,1.827,0.126,0.0,4.164,0.545,1.495,2.827,0.0,0.358,12.948,0.0,0.199,0.0,16.197,1.654,1.416,15.175,3.05,0.0,0.256,0.173,0.0,0.599,0.0,0.0,-999.0,-999.0,
2003,1.267,0.783,7.211,0.369,0.106,0.0,-999.0,25.156,0.421,0.079,0.99,1.007,0.267,4.906,0.516,25.462,0.0,0.0,0.001,0.082,0.08,8.222,2.096,0.153,0.847,0.126,0.0,0.52,1.553,0.727,1.809,0.111,0.021,21.279,0.0,0.0,0.0,11.801,0.457,1.245,16.85,4.358,0.0,0.115,0.08,0.0,0.123,0.0,0.0,-999.0,-999.0,
2004,1.087,0.298,5.836,0.11,0.106,2.0,-999.0,33.127,1.092,0.0,0.494,0.332,0.101,1.785,0.127,25.629,0.0,0.0,0.166,0.027,0.018,7.051,1.232,0.009,0.338,0.228,0.0,0.52,0.845,0.49,1.103,0.0,0.021,6.344,0.001,0.01,0.0,10.906,0.209,0.984,10.129,2.302,0.0,0.115,0.008,0.0,0.039,0.0,0.0,-999.0,-999.0,
2005,3.133,1.528,7.75,0.267,0.039,0.0,-999.0,56.079,4.766,0.0,2.507,2.447,0.937,3.055,1.889,30.302,0.0,-999.0,0.333,0.341,0.582,11.519,3.599,0.009,1.285,0.535,0.333,2.517,0.661,1.044,3.272,0.0,0.147,10.83,0.0,0.001,0.0,21.478,1.255,2.037,14.207,1.914,0.5,0.481,0.006,0.0,0.477,0.0,0.0,-999.0,-999.0,
2006,2.691,0.654,14.522,1.31,0.382,1.0,-999.0,24.519,1.671,0.0,2.614,2.703,1.991,5.895,1.395,27.48,0.0,0.0,1.166,1.303,0.941,10.715,6.768,0.009,1.528,0.779,1.0,4.298,1.199,1.782,3.492,0.111,0.654,30.283,0.09,0.6,0.0,15.681,1.603,2.051,24.121,2.342,0.5,0.256,0.086,0.0,1.7,0.0,0.0,-999.0,-999.0,
2007,3.896,1.047,7.404,0.916,0.002,0.0,-999.0,38.139,5.295,0.0,1.866,2.685,0.426,3.93,4.484,30.027,0.0,0.0,0.167,0.125,0.155,9.222,3.591,0.34,0.507,0.126,0.0,1.346,0.109,0.568,4.069,0.222,0.57,9.297,0.0,0.001,0.0,18.459,0.598,2.592,14.186,3.457,0.0,0.22,0.008,0.0,0.211,0.0,0.0,-999.0,-999.0,
2008,3.349,0.6,10.639,0.439,0.286,0.0,-999.0,34.449,2.133,0.0,0.834,0.89,0.225,2.47,0.787,28.116,0.0,0.0,0.001,0.03,0.039,9.792,3.274,0.009,0.346,0.213,0.0,0.884,0.362,0.554,3.117,0.0,0.347,14.369,0.005,0.001,0.0,11.382,0.312,2.436,19.524,2.421,0.0,0.22,0.006,0.0,0.041,0.0,0.0,-999.0,-999.0,
2009,2.848,0.704,6.622,0.142,0.106,0.0,-999.0,48.821,3.544,0.0,1.02,0.691,0.384,3.153,0.589,31.579,0.0,0.0,0.001,0.03,0.005,9.585,2.962,0.009,0.338,0.228,0.0,1.032,0.845,0.524,2.094,0.0,0.023,16.849,0.0,0.001,0.0,12.304,0.265,1.556,27.755,2.702,0.0,0.115,0.008,0.0,0.123,-999.0,0.0,-999.0,-999.0,
2010,12.357,1.009,26.791,0.255,0.039,1.0,-999.0,71.308,11.159,0.0,3.22,3.649,0.938,6.955,3.687,67.163,0.0,0.0,0.835,0.647,0.161,30.312,7.91,0.009,0.677,0.097,0.042,4.977,0.531,1.426,9.171,0.056,0.534,31.647,0.0,0.199,0.0,32.928,0.673,6.953,38.548,3.355,0.0,0.997,0.009,0.4,0.076,0.0,0.0,-999.0,-999.0,
2011,4.285,1.051,29.319,0.251,0.208,0.0,-999.0,38.237,5.363,0.0,7.548,6.852,4.854,10.933,2.669,59.086,0.0,0.0,0.334,0.57,1.875,20.726,11.841,0.009,2.235,0.126,0.667,2.661,2.261,0.746,6.889,0.667,1.44,59.542,0.0,0.803,0.0,25.004,4.127,3.062,61.637,2.739,0.5,0.326,0.009,0.0,1.615,0.0,0.0,-999.0,-999.0,
2012,4.002,1.473,17.329,0.797,0.381,0.0,-999.0,29.98,7.182,0.0,4.265,3.874,2.091,7.306,3.877,33.363,0.0,0.0,0.501,1.202,0.632,12.884,7.326,0.009,1.775,0.126,0.0,2.36,2.08,0.785,4.193,0.0,0.855,26.463,0.0,0.001,0.0,15.019,2.234,3.444,21.626,2.934,0.0,0.553,0.009,0.2,1.958,0.0,0.0,-999.0,-999.0,
2013,0.698,1.088,6.922,1.156,0.004,3.0,-999.0,25.686,0.317,0.214,1.215,1.561,0.578,3.445,0.786,24.547,0.0,0.0,1.334,0.862,0.266,7.018,2.477,0.009,0.556,0.228,0.0,2.872,1.199,1.649,1.654,0.0,0.66,15.123,0.0,0.232,1.0,11.438,0.512,0.908,20.302,2.939,0.0,0.237,0.163,0.0,0.535,0.0,0.0,-999.0,-999.0,
2014,1.748,0.526,5.511,0.563,0.106,0.0,-999.0,35.626,0.648,0.139,0.652,0.473,0.103,3.031,0.282,23.385,0.0,0.0,0.001,0.048,0.051,9.226,2.112,0.009,0.465,0.228,0.0,0.779,0.966,0.524,1.821,0.0,0.01,11.359,0.0,0.0,0.0,12.185,0.138,1.085,21.16,1.864,0.0,0.15,0.006,0.0,0.041,0.0,0.0,-999.0,-999.0,
2015,1.492,1.088,13.96,0.515,0.039,0.0,-999.0,43.789,2.341,0.357,1.284,0.798,0.42,4.669,1.585,38.284,0.0,0.0,0.001,0.048,0.053,16.841,4.313,0.066,0.552,0.126,0.0,1.669,0.177,1.06,2.713,0.0,0.065,16.263,0.083,0.001,0.0,14.719,0.271,2.33,22.313,2.371,0.0,0.22,0.295,0.0,0.041,0.0,0.0,-999.0,-999.0,
2016,6.466,1.383,16.488,0.154,0.004,0.0,-999.0,46.297,2.304,0.0,1.179,2.69,1.462,5.528,3.98,57.016,0.0,0.0,0.334,0.245,0.382,18.041,6.165,0.015,1.316,0.126,0.0,4.071,2.5,1.085,5.973,0.0,1.095,23.397,0.0,0.001,1.0,22.021,1.033,3.455,37.777,2.123,0.0,0.256,0.006,0.0,0.057,0.0,0.0,-999.0,-999.0,
2017,0.73,1.625,6.777,1.44,0.209,0.0,-999.0,55.615,1.203,0.0,0.974,0.556,0.675,3.321,3.579,37.137,0.0,0.0,0.001,0.094,0.1,9.149,4.04,0.066,0.869,0.213,0.0,0.866,0.874,0.776,4.309,0.0,0.22,15.011,0.0,0.0,0.0,17.611,0.356,2.015,20.641,1.853,0.0,0.278,0.006,0.0,0.184,0.0,0.0,-999.0,-999.0,
2018,1.393,1.926,9.411,0.279,0.141,0.0,-999.0,46.351,1.322,0.01,1.771,0.881,1.193,4.114,2.785,47.328,0.0,0.0,1.336,0.55,0.262,11.646,5.146,0.005,1.129,0.779,0.333,1.767,2.348,1.352,2.666,0.0,0.898,27.273,0.0,0.034,2.0,13.202,0.902,1.66,30.598,3.215,0.5,0.15,0.007,0.0,0.499,0.0,0.0,-999.0,-999.0,
2019,2.863,1.438,8.241,0.177,0.2,0.0,-999.0,57.347,2.721,0.0,1.872,2.173,1.724,3.898,1.22,53.496,0.0,0.0,0.5,0.143,0.279,13.794,3.635,0.005,1.159,0.233,0.667,3.835,2.432,1.035,3.238,0.005,0.656,23.959,0.0,0.323,0.0,17.594,0.615,1.627,34.472,2.282,0.0,0.366,0.006,0.0,0.247,0.004,0.0,-999.0,-999.0,
2020,4.032,2.543,7.761,1.441,0.0,0.0,-999.0,61.191,1.86,0.001,0.647,0.442,1.343,2.8,1.351,48.523,0.0,0.0,0.835,0.215,0.216,13.765,2.629,0.011,1.045,0.433,0.333,3.013,4.65,0.981,3.912,0.06,0.213,16.88,0.0,0.07,2.0,19.091,0.93,2.943,32.488,3.038,0.5,0.495,0.138,0.0,0.113,0.004,0.0,-999.0,-999.0,
2021,2.181,2.448,10.892,0.293,0.103,0.0,-999.0,51.569,1.995,0.215,0.722,0.595,1.003,3.942,0.758,48.44,0.0,0.0,0.167,0.102,0.25,8.416,4.036,0.011,0.63,1.558,0.0,1.162,1.217,1.0,1.956,0.005,0.377,12.475,0.226,0.07,0.0,17.325,0.506,1.564,22.195,3.729,0.5,0.099,0.444,0.0,0.097,0.004,0.0,-999.0,-999.0,
