Year,AL,AZ,AR,CA,CO,CT,DE,FL,GA,ID,IL,IN,IA,KS,KY,LA,ME,MD,MA,MI,MN,MS,MO,MT,NE,NV,NH,NJ,NM,NY,NC,ND,OH,OK,OR,PA,RI,SC,SD,TN,TX,UT,VT,VA,WA,WV,WI,WY,AK,HI,PR,VI
1900,5.945,0.076,3.397,1.636,0.569,3.0,-999.0,4.057,3.832,0.367,1.081,1.129,1.862,1.347,2.109,6.109,4.739,-999.0,4.279,0.849,1.665,6.754,2.223,0.511,2.047,0.0,0.0,1.786,0.372,1.772,2.558,1.179,0.47,2.699,0.21,0.788,2.0,2.323,1.233,2.791,4.938,0.024,0.693,2.66,0.516,0.07,2.028,0.08,-999.0,-999.0,-999.0,
1901,4.889,0.364,2.363,2.027,0.419,5.0,-999.0,5.568,5.063,0.117,0.815,1.246,0.92,0.358,1.344,3.408,1.873,-999.0,4.287,0.621,1.186,5.326,1.303,0.125,0.986,0.0,0.0,2.981,0.1,0.882,7.221,0.713,0.655,1.555,0.957,1.746,5.0,3.661,0.889,3.231,1.547,0.39,0.693,4.201,1.011,1.737,0.437,0.08,-999.0,-999.0,-999.0,
1902,4.084,0.0,5.478,1.79,0.684,2.0,-999.0,4.955,3.57,0.29,2.095,1.277,2.726,2.332,2.553,3.347,2.35,-999.0,1.696,0.894,1.357,4.692,2.457,0.037,2.075,0.002,0.0,2.055,1.239,1.913,1.893,0.147,0.79,4.744,0.775,0.371,1.0,3.082,0.639,3.238,3.271,0.015,0.162,0.936,1.412,0.474,1.269,0.004,-999.0,-999.0,-999.0,
1903,3.313,0.124,3.005,1.122,0.148,2.0,-999.0,4.5,4.5,0.0,1.449,1.31,1.891,1.59,1.391,3.359,0.949,-999.0,3.077,0.655,1.686,3.28,2.658,0.114,1.85,0.0,1.0,3.02,0.572,1.651,3.253,0.499,0.89,1.823,1.459,0.371,3.0,2.85,0.858,2.59,2.97,0.0,0.669,2.03,1.107,0.821,1.346,0.08,-999.0,-999.0,-999.0,
1904,1.608,0.259,3.589,2.293,0.422,1.0,-999.0,3.591,1.216,0.162,1.81,1.646,0.902,1.7,1.014,2.731,2.157,0.0,2.05,0.585,0.891,2.188,3.245,0.014,0.992,0.002,1.0,2.384,1.572,0.961,2.328,0.205,0.777,2.32,1.0,0.726,5.0,1.756,0.819,1.041,2.125,0.015,0.968,0.418,0.949,0.514,0.839,0.08,-999.0,-999.0,-999.0,
1905,4.954,0.815,4.639,1.208,0.324,1.0,-999.0,4.218,2.892,0.0,2.071,2.188,1.653,1.781,2.279,8.069,1.854,1.0,1.247,1.339,0.912,4.657,3.194,0.081,1.778,0.011,2.0,1.979,0.577,0.748,3.655,0.468,0.996,1.828,0.101,0.319,3.0,2.234,0.667,3.059,3.794,0.111,0.911,1.373,0.563,1.625,0.951,0.004,-999.0,3.96,5.0,
1906,4.874,0.758,6.66,2.349,0.358,0.0,-999.0,5.522,3.877,0.161,1.513,1.862,1.309,1.114,2.055,5.207,1.319,0.0,1.767,0.374,0.876,5.061,2.181,0.534,1.357,0.011,1.0,1.771,0.236,0.924,3.35,0.234,0.94,2.133,0.493,0.544,6.0,3.069,1.183,3.2,2.478,0.611,0.507,1.303,0.731,0.749,1.106,0.002,-999.0,6.069,-999.0,
1907,3.38,0.005,4.449,1.579,0.263,1.0,-999.0,3.09,2.729,0.001,1.593,1.81,1.427,1.104,1.099,6.766,0.914,1.0,2.174,0.041,1.084,4.593,1.995,0.299,0.673,0.011,0.0,1.863,0.365,0.615,2.902,0.128,0.705,2.476,1.256,0.259,5.0,3.261,0.61,2.544,2.732,0.006,1.402,1.869,0.893,0.251,1.684,0.0,-999.0,8.974,8.0,
1908,3.825,0.616,3.092,0.654,0.271,3.0,-999.0,3.267,4.806,0.001,1.068,0.738,1.053,1.776,1.66,4.812,0.611,0.0,0.782,0.489,0.96,3.957,2.523,0.354,1.171,0.005,0.0,2.559,0.151,0.592,3.686,0.185,0.409,5.552,0.427,0.259,4.0,4.227,1.36,1.363,3.044,0.172,0.0,2.638,0.702,0.335,0.903,0.002,-999.0,4.947,3.0,
1909,4.411,0.025,3.371,2.857,0.363,3.0,-999.0,3.71,3.173,0.001,1.608,1.762,2.172,1.816,3.383,4.829,2.524,0.0,1.08,0.912,1.309,5.824,3.878,0.236,0.883,0.002,0.0,3.031,0.088,0.691,2.731,0.379,0.957,2.251,0.962,1.188,2.0,2.206,1.011,2.912,1.675,0.327,0.017,1.708,1.107,0.41,0.883,0.004,-999.0,5.225,-999.0,
1910,2.687,0.541,3.278,0.555,0.357,3.0,-999.0,4.539,2.852,0.0,1.264,2.003,0.428,1.049,1.382,3.861,0.841,0.0,0.417,0.364,0.344,3.486,3.007,0.073,0.747,0.0,1.0,1.495,0.025,0.61,1.92,0.127,1.259,0.76,0.622,0.938,1.0,2.517,0.194,2.249,1.636,0.497,0.726,0.549,1.32,0.844,0.684,0.004,-999.0,4.86,8.0,
1911,2.866,0.263,3.072,2.481,0.128,1.0,-999.0,2.81,2.925,0.142,1.352,0.914,0.99,1.176,1.563,6.497,0.611,2.0,1.594,0.54,1.128,5.391,2.274,0.267,1.289,0.005,1.0,2.567,0.423,0.825,1.861,0.06,1.292,1.83,0.738,1.134,2.0,1.584,0.65,2.289,2.1,0.008,0.669,1.06,0.531,1.241,1.182,0.004,-999.0,4.145,1.0,
1912,5.103,0.352,3.361,0.995,0.05,1.0,-999.0,5.142,5.391,0.0,1.28,1.198,1.163,1.07,2.106,6.213,1.55,1.0,0.445,0.895,0.363,5.617,2.28,0.1,0.497,0.0,0.0,1.317,0.111,0.787,2.88,0.437,1.386,1.828,0.695,0.663,1.0,3.362,0.49,3.302,2.241,0.047,0.423,1.905,0.918,1.089,1.347,0.25,-999.0,1.675,9.0,
1913,4.101,0.0,4.789,1.5,0.205,2.0,-999.0,2.071,2.768,0.139,1.206,2.352,0.926,0.759,4.299,6.101,1.088,0.0,1.344,0.121,1.041,4.351,2.055,0.167,0.426,0.003,0.0,1.372,0.167,1.877,3.317,0.0,2.195,2.558,0.53,0.247,3.0,2.97,0.609,2.979,3.553,0.005,1.286,2.12,0.501,1.683,0.868,0.25,-999.0,4.074,6.0,
1914,2.23,0.279,2.581,2.189,0.4,1.0,-999.0,2.952,3.095,0.0,0.799,0.857,1.887,1.268,2.042,4.874,1.695,0.0,1.622,0.764,1.21,3.297,1.943,0.112,1.049,0.003,0.0,0.901,0.608,1.119,1.821,0.939,0.56,1.007,0.353,0.149,3.0,1.701,0.881,2.022,3.861,0.024,0.371,0.816,0.695,0.476,1.395,0.025,-999.0,7.537,6.0,
1915,4.747,0.286,4.678,2.344,0.323,2.0,-999.0,4.417,4.754,0.0,1.638,1.428,1.817,2.127,3.146,6.736,1.319,1.0,2.877,0.476,1.138,5.228,3.349,0.29,1.972,0.003,1.0,0.892,0.389,1.208,2.694,0.562,0.894,2.775,0.603,0.792,4.0,2.648,0.855,3.249,3.103,0.0,0.613,2.294,0.852,1.245,1.032,0.5,-999.0,9.258,5.0,
1916,4.919,0.359,2.198,2.004,0.195,2.0,-999.0,3.579,3.121,0.0,1.421,1.184,1.02,1.314,0.847,5.295,2.1,1.0,1.167,0.736,0.69,4.565,2.445,0.326,0.488,0.003,0.0,0.489,0.778,1.026,2.7,0.564,0.459,2.542,0.523,0.812,-999.0,3.064,0.406,2.737,2.479,0.011,0.726,0.819,0.835,0.328,0.853,0.024,-999.0,9.976,2.0,
1917,4.076,0.143,2.033,1.124,0.314,0.0,-999.0,2.082,3.153,0.0,1.454,1.303,0.956,0.794,1.989,2.227,1.493,0.0,1.727,0.382,0.384,2.789,1.694,0.006,1.041,0.0,0.0,1.076,0.056,0.768,2.173,0.187,0.677,0.826,0.84,1.016,-999.0,2.042,0.261,2.222,1.091,0.0,0.669,0.818,0.766,1.283,0.578,0.004,-999.0,4.371,4.0,
1918,5.026,0.502,3.51,1.043,0.247,1.0,-999.0,3.185,3.056,0.0,1.646,1.653,1.395,1.447,1.405,4.181,1.493,0.0,1.817,0.43,0.671,3.725,2.381,0.0,1.013,0.0,0.0,0.388,0.0,0.672,3.155,0.188,0.608,2.102,0.249,0.438,2.0,2.719,0.408,2.172,2.311,0.0,0.017,1.187,0.651,1.812,0.787,0.0,-999.0,11.915,5.0,
1919,5.71,0.825,5.601,1.489,0.318,2.0,-999.0,3.608,3.66,0.0,1.614,1.21,1.773,1.296,4.783,5.5,0.234,0.0,1.817,0.383,0.476,6.901,2.931,0.0,1.268,0.003,1.0,1.577,0.738,0.989,2.012,0.311,1.352,1.652,1.104,1.125,4.0,3.135,0.71,3.769,4.042,0.199,0.613,0.892,0.81,1.318,0.874,0.0,-999.0,1.642,8.0,
1920,5.065,0.095,4.433,0.787,0.263,-999.0,-999.0,4.495,5.14,0.0,0.828,0.887,0.899,1.264,3.925,7.154,2.882,0.0,3.132,0.645,0.806,5.587,2.198,0.0,1.02,0.003,2.0,2.725,0.056,1.771,2.405,0.168,1.234,2.806,0.542,0.875,3.0,2.606,0.888,3.321,2.882,0.03,1.322,2.032,0.729,0.807,0.674,0.0,-999.0,5.116,4.0,
1921,2.559,0.238,4.387,1.104,0.475,-999.0,-999.0,3.958,1.789,0.0,1.28,1.846,1.621,0.849,2.291,3.969,0.785,2.0,2.849,0.979,0.695,4.614,2.318,0.133,0.98,0.0,0.0,0.7,0.446,0.466,2.08,0.382,1.18,1.711,1.46,0.258,1.0,1.621,0.834,2.516,2.546,0.026,0.669,1.124,1.586,2.165,0.966,0.025,-999.0,5.841,8.0,
1922,4.406,0.096,2.669,1.128,0.274,1.0,-999.0,4.268,4.305,0.0,1.317,1.603,1.418,1.149,2.544,6.04,2.167,1.0,3.285,0.679,0.279,4.899,2.357,0.084,1.086,0.0,0.0,0.961,0.001,0.961,2.921,0.737,1.242,2.094,0.399,0.625,4.0,3.321,0.605,2.295,2.808,0.0,0.017,1.264,0.573,0.913,0.747,0.025,-999.0,4.883,8.0,
1923,3.831,0.286,4.047,0.309,0.479,4.0,-999.0,2.936,2.72,0.0,1.121,1.879,0.694,1.605,2.126,6.574,1.016,0.0,0.939,0.77,0.604,5.546,1.97,0.322,1.114,0.0,1.0,1.301,0.167,0.877,1.114,0.665,0.509,4.5,0.839,0.375,5.0,2.189,0.882,2.202,2.979,0.008,0.968,1.229,0.62,0.426,0.632,0.75,-999.0,8.509,7.0,
1924,3.55,0.048,1.699,0.809,0.081,2.0,-999.0,4.052,2.666,0.0,1.401,1.477,1.188,1.202,1.974,2.303,1.262,-999.0,1.188,0.309,1.051,2.776,2.058,0.132,0.731,0.0,4.0,2.508,0.0,1.66,3.596,0.522,0.665,1.164,0.78,1.188,6.0,4.149,0.267,2.702,1.478,0.0,1.322,2.608,0.708,1.732,1.319,0.25,-999.0,4.821,-999.0,
1925,4.414,0.095,2.338,0.864,0.248,2.0,-999.0,3.869,2.856,0.07,1.294,1.234,1.455,1.17,0.667,5.035,0.785,0.0,1.341,0.532,0.955,4.104,2.697,0.084,0.762,0.336,1.0,1.532,0.111,0.582,1.3,0.237,0.858,1.394,0.177,0.438,2.0,1.338,0.47,2.063,2.079,0.2,1.266,0.24,0.612,0.994,0.939,0.25,-999.0,2.708,8.0,
1926,5.185,0.263,3.463,1.858,0.12,1.0,-999.0,4.257,3.692,0.003,2.417,1.169,2.132,1.339,2.947,6.7,2.296,1.0,1.608,0.769,0.669,4.394,2.082,0.029,0.879,0.0,2.0,1.644,0.167,1.052,1.574,0.237,1.236,3.273,1.047,1.062,-999.0,2.719,0.759,3.594,3.154,0.0,1.434,1.085,0.642,1.269,1.138,0.0,-999.0,1.415,4.0,
1927,3.239,0.381,5.829,1.398,0.308,1.0,-999.0,2.254,1.924,0.0,2.218,2.424,0.661,1.831,2.188,5.562,0.487,0.0,1.483,0.464,0.493,5.509,4.683,0.382,0.444,0.0,-999.0,3.453,0.037,1.052,2.69,0.373,0.833,3.35,0.852,0.625,-999.0,2.226,0.237,2.969,2.363,0.16,2.981,1.232,1.014,0.484,0.869,0.0,-999.0,12.353,7.0,
1928,4.03,0.143,4.844,0.919,0.1,1.0,-999.0,5.182,3.921,0.0,1.327,1.242,1.758,1.728,1.693,5.612,0.0,0.0,1.811,0.33,0.808,5.464,3.669,0.0,0.767,0.0,-999.0,1.696,0.224,0.567,4.315,0.599,0.389,1.89,0.479,0.75,-999.0,4.912,0.414,2.645,2.18,0.207,0.371,1.349,0.561,0.511,0.932,0.025,-999.0,2.414,4.0,
1929,7.841,0.048,2.485,0.873,0.277,0.0,-999.0,4.054,7.068,0.0,1.449,1.684,0.634,1.332,1.566,5.442,0.234,2.0,0.476,0.662,0.439,4.537,2.85,0.167,1.02,0.0,-999.0,1.611,0.048,0.829,4.13,0.094,1.191,3.283,0.739,1.188,-999.0,4.337,0.786,2.751,2.818,0.0,0.423,2.343,0.413,0.985,0.778,0.025,-999.0,9.947,5.0,
1930,2.631,0.19,4.167,0.534,0.536,0.0,-999.0,4.704,2.57,0.0,0.828,0.539,1.201,1.685,0.342,5.203,1.797,0.0,0.715,0.296,0.527,2.966,1.446,0.074,0.786,0.0,-999.0,2.464,0.36,0.373,0.907,0.165,0.131,1.779,0.204,0.438,-999.0,1.263,0.327,1.875,2.821,0.007,0.371,0.605,0.419,0.171,0.574,0.025,-999.0,8.616,5.0,
1931,2.281,0.381,3.606,1.37,0.077,1.0,-999.0,2.777,2.169,0.0,1.716,1.685,1.832,1.359,1.237,4.908,0.004,0.0,2.264,0.532,0.898,3.764,2.546,0.023,0.555,0.0,-999.0,0.643,0.056,0.612,2.851,0.123,0.958,1.968,0.568,0.812,-999.0,1.791,0.198,1.531,1.948,0.0,1.21,0.926,1.009,0.878,0.747,0.0,-999.0,4.853,9.0,
1932,4.476,0.19,3.655,0.663,0.192,6.0,-999.0,2.433,4.692,0.0,0.906,2.41,1.346,1.056,2.747,5.849,2.505,0.0,3.138,0.667,0.372,7.279,1.611,0.133,0.774,0.0,-999.0,4.563,0.333,1.935,3.539,0.81,0.519,3.384,0.585,0.313,-999.0,4.041,0.471,3.341,3.304,0.333,0.968,1.717,1.284,0.678,0.749,0.0,-999.0,6.773,7.0,
1933,2.969,0.0,4.118,1.05,0.154,2.0,-999.0,6.33,2.473,0.0,1.212,1.713,1.361,1.276,2.802,5.96,2.167,1.0,1.168,0.317,0.437,4.24,1.877,0.356,0.837,0.0,-999.0,2.81,0.056,1.01,1.187,0.25,1.005,2.405,1.213,0.562,-999.0,2.328,0.526,4.03,2.062,0.0,0.669,0.893,1.619,1.412,0.823,0.25,-999.0,5.665,11.0,
1934,4.089,0.0,3.279,0.621,0.051,2.0,-999.0,3.501,3.952,0.0,0.863,1.18,0.86,0.69,2.216,5.903,2.331,3.0,1.138,0.341,0.371,4.398,1.861,0.044,0.543,0.0,-999.0,2.008,0.111,0.717,3.58,0.188,0.551,1.718,0.382,0.563,-999.0,2.094,0.36,2.582,1.944,0.167,0.911,2.886,1.001,0.912,1.051,0.0,-999.0,4.555,7.0,
1935,3.0,0.143,4.378,0.619,0.105,2.0,-999.0,3.22,1.92,0.0,1.572,1.379,1.371,1.825,3.99,4.771,0.712,0.0,2.202,0.318,0.615,4.874,2.195,0.1,0.963,0.0,0.0,3.436,0.111,1.342,2.22,0.812,1.28,2.064,0.255,1.0,-999.0,2.971,0.284,2.757,3.946,0.0,0.669,1.367,1.014,0.202,0.932,0.25,-999.0,6.37,10.0,
1936,5.254,0.0,3.084,1.501,0.269,6.0,-999.0,3.912,5.621,0.0,1.363,1.023,1.058,1.004,1.84,3.127,2.433,2.0,1.854,0.295,0.552,3.452,2.071,0.0,0.375,0.0,0.0,3.422,0.167,0.71,4.288,0.0,0.665,1.96,0.828,1.125,-999.0,3.819,0.424,3.055,2.706,0.007,0.315,2.41,1.137,1.603,0.567,0.0,-999.0,7.662,9.0,
1937,4.963,0.081,4.841,2.388,0.0,5.0,-999.0,5.041,2.898,0.062,1.445,2.919,0.914,0.952,2.272,4.479,3.748,1.0,1.769,0.745,0.7,2.482,2.081,0.3,0.629,0.0,2.0,1.761,0.333,1.325,2.016,0.188,2.083,1.127,1.729,1.75,-999.0,2.355,0.471,3.341,1.784,0.0,0.613,3.553,1.567,1.034,0.634,0.25,-999.0,9.288,9.0,
1938,4.286,0.359,4.635,1.445,0.256,5.0,-999.0,3.602,3.438,0.0,1.838,1.791,1.927,2.21,1.675,4.46,1.016,1.0,3.381,0.547,0.533,3.546,2.145,0.167,0.925,0.0,1.0,4.505,0.296,1.012,1.667,0.188,0.951,3.288,1.177,0.313,-999.0,2.407,0.509,2.299,2.569,0.0,1.676,1.396,0.498,0.678,1.932,0.0,-999.0,5.56,4.0,
1939,3.713,0.318,3.992,0.553,0.0,3.0,-999.0,3.627,2.866,0.0,1.529,1.719,0.886,0.884,2.221,3.427,0.712,2.0,1.508,0.16,0.47,4.772,1.503,0.068,0.486,0.0,0.0,1.494,0.0,0.272,2.214,0.437,0.693,1.143,0.622,0.625,-999.0,2.474,0.531,2.403,1.621,0.0,0.017,1.123,0.574,0.491,0.563,0.0,-999.0,5.587,4.0,
1940,4.061,0.476,2.29,2.788,0.026,2.0,-999.0,3.426,2.825,0.0,0.419,0.34,1.337,1.224,1.142,9.102,0.769,2.0,2.083,0.735,0.703,4.266,1.003,0.219,0.514,0.0,1.0,2.459,0.0,0.735,2.602,0.25,0.765,2.342,0.542,0.807,-999.0,2.575,0.367,1.331,3.429,0.0,0.017,1.721,0.466,1.663,1.311,0.0,-999.0,4.967,5.0,
1941,4.162,0.19,2.858,1.799,0.35,1.0,-999.0,5.054,3.416,0.0,1.875,0.823,1.844,2.484,1.041,5.363,0.096,1.0,1.343,0.902,0.992,2.472,3.071,0.322,0.991,0.003,1.0,1.199,0.86,0.828,2.277,0.875,0.94,3.522,1.067,0.745,-999.0,3.668,0.662,1.486,3.541,0.0,0.371,1.454,0.645,0.678,1.612,0.5,-999.0,3.706,7.0,
1942,3.229,0.0,4.166,1.237,0.438,3.0,-999.0,3.601,4.124,0.0,1.709,1.097,1.023,1.778,3.339,6.278,2.088,0.0,1.07,1.044,1.755,3.801,3.068,0.211,1.596,0.0,0.0,2.089,0.167,1.312,2.523,0.312,0.343,2.2,1.095,0.688,-999.0,2.63,1.054,2.525,3.2,0.0,0.507,3.335,0.775,0.296,1.464,0.0,-999.0,8.734,4.0,
1943,3.815,0.119,1.933,2.011,0.043,0.0,-999.0,4.137,3.978,0.0,1.739,2.509,1.39,1.038,1.178,5.456,2.841,0.0,0.401,0.443,0.988,3.176,3.03,0.2,0.68,0.0,0.0,1.014,0.167,0.586,2.536,0.125,0.663,2.434,0.971,0.313,-999.0,3.339,0.49,1.869,1.858,0.011,0.0,1.009,0.497,0.82,1.175,0.0,-999.0,4.813,6.0,
1944,4.183,0.048,4.247,0.887,0.308,4.0,-999.0,3.95,4.185,0.125,1.007,1.086,1.319,1.973,0.87,6.098,2.233,0.0,2.209,0.318,1.24,4.78,2.331,0.322,0.875,0.0,0.0,2.637,0.278,0.772,3.933,0.938,0.491,2.038,0.122,0.82,-999.0,3.321,1.179,3.319,3.424,0.0,0.423,2.479,0.349,1.083,0.699,0.5,-999.0,2.154,5.0,
1945,4.162,0.0,6.261,1.566,0.27,1.0,-999.0,5.547,2.771,0.0,1.634,2.173,1.335,1.726,1.444,6.22,0.703,2.0,1.488,0.746,0.645,3.941,3.435,0.0,0.667,0.0,0.0,2.213,0.234,1.617,3.4,0.187,1.126,3.989,1.034,0.32,-999.0,5.296,0.345,2.995,3.164,0.0,0.954,1.493,0.906,1.306,0.916,0.25,-999.0,4.158,8.0,
1946,5.568,0.571,4.817,0.963,0.36,2.0,-999.0,3.102,3.61,0.062,1.481,0.945,1.106,2.075,1.201,8.26,0.096,0.0,1.905,0.277,1.266,6.192,2.791,0.089,1.296,0.0,0.0,2.99,0.112,0.57,2.386,0.312,0.762,2.973,0.871,1.375,-999.0,3.2,0.843,2.833,3.804,0.0,0.0,1.134,0.833,0.818,0.863,0.0,-999.0,5.257,6.0,
1947,4.11,0.055,2.218,0.468,0.102,3.0,-999.0,6.566,4.255,0.0,1.629,0.833,1.724,0.986,1.329,4.889,0.096,0.0,1.828,0.808,0.788,5.276,2.683,0.105,1.017,0.0,0.0,1.586,0.028,1.081,2.659,0.689,0.808,1.274,0.662,0.688,-999.0,3.055,0.593,1.28,1.562,0.0,0.954,1.764,0.549,0.426,1.326,0.25,-999.0,3.077,3.0,
1948,6.189,0.548,3.243,0.664,0.038,0.0,-999.0,5.131,4.419,0.0,1.194,1.912,0.829,1.62,4.459,5.192,1.019,2.0,0.757,0.356,0.827,6.839,2.01,0.168,0.812,0.0,0.0,2.38,0.165,0.798,2.155,0.517,1.006,2.069,1.203,0.375,-999.0,3.865,0.542,3.705,1.427,0.0,0.954,1.998,0.697,1.521,0.184,0.0,-999.0,3.93,4.0,
1949,3.531,0.381,4.618,0.615,0.379,0.0,-999.0,5.553,2.88,0.0,1.917,2.264,0.994,1.647,2.868,4.648,0.004,1.0,0.147,0.535,1.06,4.498,2.166,0.062,0.937,0.0,0.0,0.874,0.051,1.26,2.977,0.438,0.907,1.825,0.818,0.25,0.0,2.438,0.37,2.926,3.081,0.0,1.024,2.256,0.994,0.581,0.696,0.0,-999.0,5.111,3.0,
1950,3.047,0.143,5.278,1.823,0.141,1.0,-999.0,4.423,2.58,0.0,2.822,3.18,1.894,1.679,2.417,5.697,1.667,0.0,2.035,0.697,0.718,5.372,2.282,0.067,1.147,0.0,1.0,1.873,0.121,0.814,1.801,0.625,1.367,2.987,1.621,1.125,1.0,2.325,0.681,2.715,2.133,0.0,0.954,1.137,0.792,0.7,1.394,0.0,-999.0,5.068,3.0,
1951,3.566,0.946,3.546,1.306,0.516,2.0,-999.0,4.066,2.284,0.062,2.187,1.249,1.698,3.013,2.878,3.619,2.894,1.0,1.036,0.679,1.041,5.221,2.185,0.0,1.071,0.0,0.0,1.925,0.0,0.439,1.502,0.312,0.488,2.471,0.763,0.25,1.0,1.735,0.701,3.482,1.614,0.167,0.669,1.04,0.667,0.475,0.889,0.0,-999.0,7.405,-999.0,
1952,2.254,0.001,3.247,1.799,0.155,4.0,-999.0,4.466,2.609,0.125,0.966,1.557,1.56,0.311,1.75,5.464,1.262,0.0,2.851,0.363,1.064,1.648,1.036,0.2,1.18,0.0,2.0,4.687,0.0,1.144,2.565,0.382,0.492,1.125,0.159,0.313,1.0,3.143,0.221,2.181,2.226,0.0,3.279,1.494,0.321,0.379,1.255,0.0,-999.0,3.077,3.0,
1953,3.562,0.048,3.474,0.832,0.072,3.0,-999.0,6.221,3.542,0.0,0.52,0.326,0.676,0.82,1.494,6.675,1.174,0.0,2.321,0.546,1.78,5.474,0.84,0.733,0.629,0.0,0.0,1.737,0.0,0.925,1.891,0.375,0.328,2.379,1.088,0.875,5.0,2.99,1.107,2.099,2.614,0.0,1.024,1.07,0.578,0.666,1.0,0.25,-999.0,1.784,7.0,
1954,1.432,0.405,2.301,1.31,0.064,3.0,-999.0,3.221,1.086,0.125,1.542,0.703,1.632,0.892,1.632,3.285,2.274,1.0,2.851,1.151,0.83,3.25,1.74,0.067,0.884,0.0,2.0,2.074,0.111,0.838,2.871,0.5,0.737,1.385,0.855,1.688,4.0,2.209,0.811,3.252,1.405,0.011,0.315,1.605,0.577,2.023,1.325,0.0,-999.0,5.002,12.0,
1955,3.888,0.381,2.654,2.258,0.346,4.0,-999.0,2.884,2.526,0.062,1.621,1.657,0.622,1.435,2.677,7.015,0.712,3.0,3.519,0.503,0.991,4.598,1.883,0.156,0.484,0.0,1.0,3.483,0.222,1.447,3.119,0.375,0.802,2.234,1.34,1.062,4.0,2.831,0.222,2.459,1.722,0.193,0.315,1.747,1.101,1.022,0.731,0.0,-999.0,9.589,3.0,
1956,2.943,0.0,2.469,0.959,0.128,0.0,-999.0,3.293,3.024,0.125,0.916,1.66,0.568,0.356,2.532,4.559,0.004,2.0,0.644,0.453,0.744,4.134,1.477,0.167,0.469,0.0,0.0,0.887,0.056,0.502,2.067,0.438,0.968,0.414,1.161,0.688,1.0,2.79,0.27,3.116,1.542,0.0,0.371,1.173,0.828,1.083,0.703,0.0,-999.0,5.002,6.0,
1957,4.674,0.19,6.338,0.898,0.482,1.0,-999.0,4.123,3.644,0.0,1.773,3.027,0.803,1.221,4.109,6.077,0.004,1.0,0.388,0.217,1.246,4.521,2.424,0.244,1.031,0.0,0.0,0.312,0.0,0.376,2.198,1.25,0.856,4.055,0.771,0.313,0.0,2.381,0.44,5.222,4.283,0.211,0.017,1.36,0.431,0.747,0.683,0.0,-999.0,7.182,7.0,
1958,2.535,0.335,4.585,2.028,0.302,2.0,-999.0,3.464,2.722,0.0,1.95,1.863,1.418,1.575,1.226,4.118,0.234,0.0,1.244,0.387,0.615,3.559,3.321,0.044,1.03,0.0,0.0,2.396,0.278,0.731,2.694,0.25,0.958,1.246,0.818,0.688,2.0,2.835,0.214,1.476,2.427,0.211,0.017,1.301,0.506,0.589,0.736,0.0,-999.0,8.333,6.0,
1959,2.245,0.071,2.315,1.096,0.03,5.0,-999.0,5.607,2.702,0.188,1.412,2.443,1.761,1.513,1.881,4.416,0.712,0.0,1.473,1.148,1.373,2.814,1.69,0.122,0.894,0.0,2.0,2.011,0.111,1.177,2.696,0.375,1.535,3.079,0.729,0.688,0.0,5.079,0.33,1.943,3.122,0.0,1.024,1.903,0.883,0.937,1.813,0.25,-999.0,4.295,18.0,
1960,3.156,0.048,2.837,1.118,0.038,3.0,-999.0,5.33,2.663,0.0,0.973,1.598,1.409,1.042,2.004,2.226,1.74,1.0,1.133,0.734,0.916,2.539,1.458,0.0,0.972,0.0,1.0,2.53,0.5,0.823,2.565,0.375,0.358,1.705,1.11,0.25,2.0,3.094,0.777,1.818,2.903,0.0,1.266,1.394,0.684,0.596,1.118,0.0,-999.0,3.556,3.0,
1961,6.783,0.0,4.801,0.645,0.333,0.0,-999.0,3.638,5.349,0.0,2.732,1.608,2.233,2.27,1.49,6.653,0.769,1.0,1.431,0.689,0.58,6.892,2.956,0.033,0.742,0.0,0.0,1.314,0.111,0.342,1.788,0.0,0.778,2.939,1.218,0.188,3.0,3.1,0.576,2.298,2.737,0.0,0.315,1.629,0.595,1.067,1.299,0.0,-999.0,2.523,10.0,
1962,3.955,0.0,2.264,2.488,0.157,1.0,-999.0,2.99,3.066,0.0,1.178,1.418,1.38,1.192,1.979,2.985,0.712,1.0,2.756,0.16,1.111,2.667,1.515,0.3,1.154,0.0,1.0,1.53,0.167,0.782,2.617,0.75,0.478,1.64,0.801,0.625,2.0,2.804,0.687,3.387,2.292,0.0,0.726,1.454,0.53,0.252,0.602,0.0,-999.0,2.566,9.0,
1963,4.076,0.262,2.399,1.784,0.167,0.0,-999.0,4.127,4.527,0.0,1.19,0.977,0.948,0.927,1.177,3.444,1.651,1.0,0.925,0.217,0.788,2.392,1.716,0.178,1.116,0.0,0.0,1.302,0.222,0.532,2.568,0.5,0.413,1.012,0.185,0.0,2.0,3.475,0.6,2.766,1.259,0.0,0.017,1.404,0.47,1.675,0.323,0.25,-999.0,7.106,7.0,
1964,5.486,0.19,4.353,1.18,0.228,1.0,-999.0,5.91,6.793,0.14,1.272,1.988,1.785,1.131,4.069,5.83,0.769,0.0,0.321,0.331,0.819,6.05,2.248,0.189,0.613,0.0,0.0,1.336,0.0,0.363,4.761,1.062,0.993,2.691,1.7,0.688,1.0,8.215,0.965,3.621,2.124,0.083,0.017,0.978,0.883,0.426,0.645,0.25,-999.0,5.749,3.0,
1965,3.673,0.786,3.493,1.171,0.549,1.0,-999.0,3.137,2.035,0.0,2.25,1.117,1.545,1.964,1.529,3.903,0.481,0.0,0.512,0.419,0.654,3.543,2.564,0.331,1.212,0.0,0.0,1.335,0.389,0.116,2.371,0.75,0.881,1.701,0.738,0.5,1.0,2.414,0.582,2.274,3.287,0.0,0.371,0.642,0.658,0.171,0.7,0.0,-999.0,7.774,6.0,
1966,3.415,0.144,4.261,1.632,0.282,0.0,-999.0,3.692,4.202,0.0,1.378,0.933,0.884,0.716,1.249,4.913,2.1,0.0,1.892,0.343,0.927,4.716,1.734,0.0,0.778,0.0,0.0,2.506,0.389,0.783,2.255,0.562,0.5,1.07,0.952,0.0,2.0,2.777,0.545,2.112,2.506,0.083,0.315,1.887,0.84,0.256,0.701,0.0,-999.0,4.039,2.0,
1967,2.616,0.429,3.287,1.565,0.167,2.0,-999.0,2.54,3.588,0.0,1.48,1.1,1.044,1.95,2.313,6.29,1.724,2.0,2.557,0.669,0.619,4.263,1.984,0.089,1.168,0.0,0.0,2.488,0.0,0.909,2.189,0.125,0.485,2.518,0.341,1.0,3.0,2.652,0.798,2.801,2.459,0.0,0.315,1.561,0.699,1.574,0.556,0.0,-999.0,6.404,4.0,
1968,2.039,0.001,4.975,1.149,0.022,2.0,-999.0,4.419,1.876,0.0,1.514,1.762,1.484,1.798,2.476,4.483,1.74,0.0,1.397,0.745,1.253,4.394,2.699,0.322,1.27,0.0,1.0,3.149,0.111,0.667,2.045,0.562,0.699,2.857,0.735,0.5,0.0,3.354,0.961,2.679,3.056,0.167,1.322,1.722,0.669,0.507,1.046,0.0,-999.0,6.623,3.0,
1969,5.071,0.048,3.881,2.842,0.436,4.0,-999.0,6.296,3.651,0.0,2.414,1.873,1.573,1.859,1.684,4.291,2.967,0.0,3.371,0.374,0.745,4.363,3.254,0.267,0.909,0.0,1.0,2.782,0.278,0.822,2.616,0.75,1.028,1.863,0.913,0.25,4.0,3.456,0.521,3.537,2.992,0.0,1.08,0.844,0.539,0.666,0.775,0.0,-999.0,9.353,6.0,
1970,3.622,0.405,3.278,1.901,0.218,0.0,-999.0,4.719,3.609,0.0,2.564,1.27,1.378,1.139,3.015,4.151,1.971,2.0,1.638,0.588,0.748,3.611,3.336,0.067,0.573,0.25,0.0,1.436,0.056,0.644,1.808,0.625,1.17,1.999,0.713,0.625,3.0,2.771,0.302,2.697,1.843,0.0,0.315,1.067,0.51,0.917,0.971,0.5,-999.0,3.822,9.0,
1971,4.462,0.19,1.921,0.531,0.077,2.0,-999.0,2.899,4.747,0.0,1.202,1.065,0.939,1.586,2.436,4.39,0.481,0.0,1.569,0.272,1.174,4.536,1.534,0.4,0.588,0.0,2.0,5.237,0.278,1.066,2.255,0.688,0.905,2.233,0.714,0.375,3.0,3.594,0.91,1.794,2.809,0.0,1.024,1.98,0.672,1.006,0.52,0.5,-999.0,4.562,2.0,
1972,4.926,0.524,3.508,0.54,0.128,-999.0,-999.0,5.045,3.811,0.126,1.494,0.982,1.802,1.388,2.927,4.884,2.167,1.0,2.87,0.915,0.928,5.198,2.116,0.067,0.992,0.25,0.0,3.227,0.5,1.784,2.116,0.312,0.882,2.526,1.186,1.795,6.0,2.525,0.578,3.706,2.148,0.0,0.613,2.632,1.229,1.196,1.67,0.0,-999.0,5.006,4.0,
1973,5.347,0.0,6.592,1.473,0.17,2.0,-999.0,3.601,4.881,0.001,1.762,1.244,1.779,2.36,2.502,7.838,3.6,0.0,2.977,0.257,0.841,7.25,3.284,0.178,1.474,0.0,2.0,2.956,0.0,0.936,3.111,0.75,0.639,3.108,0.885,0.581,3.0,3.72,0.59,4.933,3.821,0.0,1.974,1.226,0.599,0.917,0.813,0.5,-999.0,3.319,6.0,
1974,3.752,0.143,5.362,1.309,0.14,4.0,-999.0,4.542,2.778,0.001,1.461,1.155,1.48,1.292,2.725,5.907,1.689,1.0,1.185,0.284,0.729,6.258,2.628,0.2,0.66,0.0,0.0,1.974,0.278,0.665,2.72,0.375,0.884,3.537,1.466,0.863,0.0,2.075,0.243,2.962,3.244,0.167,0.315,0.87,0.649,0.848,0.732,0.0,-999.0,5.59,7.0,
1975,5.442,0.143,2.913,0.793,0.281,5.0,-999.0,3.868,3.445,0.0,1.705,1.221,1.115,1.628,4.278,5.794,0.465,2.0,4.496,0.79,0.961,6.458,2.013,0.309,1.029,0.0,1.0,3.624,0.056,1.235,3.006,0.806,1.068,2.92,0.64,0.613,4.0,2.984,0.372,3.762,2.162,0.0,1.255,1.745,1.048,0.763,0.849,0.0,-999.0,6.922,9.0,
1976,5.304,0.286,2.693,0.427,0.134,0.0,-999.0,3.094,4.44,0.125,0.712,1.083,0.743,0.923,1.86,3.498,2.186,1.0,0.61,0.235,0.286,2.776,1.394,0.133,0.646,0.0,1.0,1.458,0.056,0.998,1.868,0.187,0.405,1.081,0.346,0.295,3.0,3.658,0.42,2.338,2.478,0.0,1.62,1.434,0.453,0.82,0.629,0.0,-999.0,5.745,6.0,
1977,5.876,0.0,2.895,1.222,0.246,1.0,-999.0,2.966,3.266,0.062,1.704,2.28,1.634,1.935,1.419,4.477,4.245,0.0,2.899,0.339,0.941,5.609,2.528,0.022,1.254,0.0,0.0,2.393,0.278,1.434,3.838,0.375,0.656,2.568,1.163,1.152,2.0,2.57,0.773,3.599,1.789,0.083,0.371,0.79,0.56,0.414,0.436,0.0,-999.0,3.304,5.0,
1978,3.076,0.716,3.496,1.428,0.173,4.0,-999.0,3.343,2.793,0.0,1.268,1.06,2.069,1.134,4.403,4.883,0.481,1.0,3.044,0.927,1.258,3.584,1.715,0.344,0.936,0.25,0.0,2.523,0.5,0.819,2.581,0.5,0.48,1.613,0.305,0.224,4.0,1.475,0.567,2.658,2.374,0.333,0.669,1.586,0.373,2.304,2.29,0.25,-999.0,4.754,9.0,
1979,6.318,0.144,5.85,1.636,0.247,5.0,-999.0,5.146,4.154,0.0,1.696,2.004,1.616,1.74,4.798,6.631,1.477,0.0,2.832,0.387,1.304,8.83,2.238,0.074,1.091,0.0,-999.0,4.437,0.278,1.238,4.147,0.092,1.702,2.982,0.247,0.509,6.0,4.395,0.637,4.756,3.22,0.0,0.613,2.905,0.701,0.36,0.412,0.0,-999.0,8.096,10.0,
1980,5.362,0.716,2.859,1.797,0.232,3.0,-999.0,3.686,3.197,0.062,0.919,0.848,1.281,0.79,0.819,6.867,0.481,2.0,1.454,0.58,0.991,7.27,0.671,0.348,0.481,0.0,-999.0,1.581,0.667,1.108,1.949,0.5,1.131,2.269,1.175,1.0,3.0,2.529,0.537,2.208,2.102,0.0,0.613,0.526,0.751,0.917,1.245,0.0,-999.0,5.991,5.0,
1981,2.827,0.0,2.454,1.898,0.44,1.0,-999.0,4.376,2.819,0.0,1.996,2.011,1.468,1.082,2.482,3.1,1.955,0.0,1.152,0.652,0.906,2.851,3.272,0.2,0.957,0.0,2.0,1.35,0.222,0.55,2.24,0.625,1.265,2.449,0.836,0.438,1.0,2.66,0.482,1.728,3.312,0.0,0.371,0.697,1.052,0.256,0.917,0.0,-999.0,5.67,-999.0,
1982,4.785,0.238,5.191,2.184,0.219,6.0,-999.0,5.839,3.595,0.124,2.902,1.769,1.777,1.164,1.987,5.839,0.234,3.0,2.314,0.745,0.66,6.112,3.959,0.241,1.002,0.0,1.0,0.962,0.222,0.417,2.713,0.5,0.726,2.837,1.386,0.438,4.0,2.631,0.858,2.892,2.286,0.167,0.726,1.31,1.182,0.592,1.385,0.25,-999.0,11.919,-999.0,
1983,7.622,0.571,3.268,2.852,0.126,5.0,-999.0,5.266,4.755,0.0,2.071,1.689,1.097,0.787,3.075,8.152,2.967,-999.0,4.133,0.554,1.239,8.528,2.85,0.2,0.864,0.0,1.0,2.903,0.056,1.756,2.349,0.25,0.821,2.692,0.869,0.438,6.0,3.065,0.411,3.537,2.113,0.167,0.017,1.186,0.893,0.256,1.034,0.307,-999.0,3.262,1.0,
1984,3.429,0.095,4.752,0.366,0.135,4.0,-999.0,5.176,2.656,0.0,1.391,0.909,1.314,1.267,2.846,5.244,2.663,0.0,3.084,0.262,1.267,4.799,2.162,0.089,0.959,0.0,3.0,3.3,0.111,0.951,3.416,0.125,0.346,1.63,0.831,1.312,1.0,3.37,0.711,3.896,1.827,0.0,0.911,2.44,0.788,1.322,1.481,0.0,-999.0,5.67,4.0,
1985,2.46,0.071,4.08,0.809,0.322,3.0,-999.0,3.966,3.243,0.0,1.873,2.042,1.328,2.452,0.781,7.434,0.465,6.0,2.072,1.446,1.734,4.114,4.316,0.067,1.244,0.0,1.0,2.334,0.167,0.805,2.902,0.312,1.227,4.915,0.261,0.931,6.0,3.331,0.586,1.558,3.113,0.0,0.613,1.548,0.581,1.676,1.23,0.25,-999.0,5.367,10.0,
1986,3.717,0.143,2.929,1.878,0.184,5.0,-999.0,3.644,2.345,0.0,1.748,1.622,1.906,2.404,1.262,4.591,0.712,0.0,3.481,1.319,1.722,3.409,3.559,0.189,1.053,0.0,1.0,2.578,0.5,0.342,1.584,0.25,0.918,4.617,0.418,0.367,4.0,2.713,0.817,2.939,3.133,0.167,0.726,0.898,1.564,0.579,1.747,0.25,-999.0,4.295,8.0,
1987,1.746,0.216,5.37,0.851,0.081,2.0,-999.0,4.791,1.598,0.144,1.34,0.898,1.783,1.798,1.8,4.508,2.186,0.0,2.794,0.531,0.956,3.624,1.829,0.156,1.457,0.0,3.0,3.593,0.222,1.036,3.18,0.625,0.707,3.215,0.648,0.688,1.0,2.528,0.667,1.789,2.784,0.0,2.683,2.573,0.822,0.576,0.759,0.0,-999.0,9.063,5.0,
1988,4.131,0.0,3.918,0.828,0.094,4.0,-999.0,4.96,2.317,0.0,0.829,1.21,0.74,0.892,3.288,4.786,0.712,0.0,2.272,0.577,0.76,4.148,2.165,0.144,0.896,0.0,0.0,0.099,0.222,0.69,1.401,0.125,0.949,2.053,0.359,0.313,4.0,2.213,0.479,3.309,1.677,0.167,0.613,0.941,0.571,0.741,0.59,0.0,-999.0,5.968,9.0,
1989,4.549,0.143,4.357,0.914,0.225,4.0,-999.0,2.247,4.705,0.187,2.053,2.339,1.583,1.683,3.944,5.349,1.74,1.0,0.974,0.715,1.065,6.259,1.572,0.116,1.221,0.0,1.0,3.39,0.111,1.54,3.645,0.188,1.259,3.952,0.284,0.313,5.0,3.378,0.812,4.856,2.224,0.001,1.024,1.342,0.698,0.899,0.852,0.0,-999.0,10.918,6.0,
1990,4.291,0.333,5.334,0.707,0.152,2.0,-999.0,2.191,3.641,0.0,2.733,3.457,2.311,1.153,3.9,5.357,1.174,2.0,1.871,0.85,1.098,5.648,2.264,0.033,0.683,0.0,0.0,4.208,0.111,1.047,3.077,0.375,1.605,3.593,0.474,0.5,2.0,4.413,0.894,4.116,3.348,0.0,1.918,2.556,1.381,0.506,1.139,0.25,-999.0,6.105,4.0,
1991,3.565,0.19,5.115,1.32,0.141,2.0,-999.0,4.678,4.529,0.0,1.61,1.018,1.365,0.853,2.542,10.243,1.955,0.0,3.16,1.182,1.25,8.383,1.396,0.1,0.609,0.0,2.0,1.851,0.5,0.533,2.058,0.625,0.771,3.191,0.377,0.0,3.0,3.231,0.602,5.282,4.118,0.0,0.669,1.632,0.94,0.001,1.915,0.25,-999.0,4.439,3.0,
1992,4.013,0.595,2.776,1.444,0.221,3.0,-999.0,3.049,4.386,0.216,1.22,1.741,1.559,1.432,1.43,7.344,0.959,-999.0,1.273,0.28,0.665,4.682,2.052,0.111,1.103,0.0,0.0,2.379,0.167,0.463,2.762,0.25,0.579,2.372,0.29,0.938,3.0,5.092,0.577,2.216,2.96,0.0,0.017,1.685,0.408,0.256,0.961,0.0,-999.0,6.219,-999.0,
1993,2.85,0.738,3.623,1.821,0.078,2.0,-999.0,2.772,2.603,0.0,2.435,2.956,2.602,2.252,1.556,5.657,0.481,0.0,1.443,0.753,1.517,4.15,4.473,0.289,1.29,0.0,1.0,2.542,0.278,0.475,3.039,1.062,0.53,2.404,0.469,0.625,2.0,2.805,0.701,2.166,2.336,0.0,0.0,1.576,0.558,0.426,1.577,0.25,-999.0,3.371,3.0,
1994,3.539,0.19,3.727,0.644,0.064,2.0,-999.0,4.515,4.856,0.187,1.277,1.068,0.849,1.085,1.604,4.488,1.477,1.0,1.707,0.766,1.136,5.669,3.405,0.144,0.63,0.0,1.0,1.186,0.111,1.012,2.747,0.625,0.649,3.071,0.888,1.188,5.0,4.678,0.742,4.696,3.217,0.001,0.017,1.726,0.927,1.395,1.19,0.0,-999.0,6.299,7.0,
1995,5.987,0.262,3.071,3.9,0.203,-999.0,-999.0,4.955,4.12,0.0,1.936,2.143,0.977,2.041,3.707,7.516,0.004,1.0,1.495,0.57,1.054,5.635,3.035,0.267,0.772,0.0,0.0,2.089,0.222,1.447,3.767,0.562,1.064,3.325,1.076,0.562,2.0,3.98,1.191,2.597,2.812,0.0,1.402,3.051,1.154,1.34,1.185,0.25,-999.0,2.339,4.0,
1996,4.07,0.214,3.228,2.367,0.335,5.0,-999.0,4.6,3.293,0.144,2.213,2.487,1.512,2.697,2.568,4.282,4.283,1.0,3.715,0.704,0.621,3.985,3.147,0.156,1.208,0.0,3.0,4.026,0.167,1.874,2.865,0.125,1.214,2.977,2.599,1.688,3.0,3.194,0.57,2.764,2.215,0.0,1.402,3.312,1.357,2.67,1.162,0.0,-999.0,9.295,7.0,
1997,4.345,0.524,3.237,1.423,0.436,1.0,-999.0,5.279,5.228,0.0,1.019,1.333,1.156,1.756,3.787,5.691,0.959,1.0,1.397,0.41,1.063,6.239,1.583,0.256,0.883,0.0,0.0,2.324,0.278,0.459,1.706,0.375,1.124,3.627,0.416,0.313,3.0,3.333,0.594,3.738,3.581,0.0,1.402,1.237,0.888,0.832,0.886,0.0,-999.0,4.523,3.0,
1998,4.522,0.0,2.828,2.283,0.372,-999.0,-999.0,5.731,4.912,0.312,1.665,2.554,1.868,2.053,2.54,7.476,2.186,1.0,5.338,0.644,0.989,5.002,2.972,0.211,1.208,0.0,0.0,2.038,0.0,1.57,4.056,1.312,1.802,4.259,1.489,0.625,7.0,4.361,1.016,3.627,4.009,0.0,1.933,1.673,1.185,0.086,1.418,0.0,-999.0,2.523,4.0,
1999,4.529,0.333,3.21,0.844,0.41,-999.0,-999.0,3.715,2.084,0.0,1.488,0.971,1.419,1.755,1.673,5.026,2.259,0.0,2.339,0.614,1.234,4.62,1.977,0.067,1.477,0.0,3.0,2.851,0.389,1.29,4.321,0.375,0.898,2.949,0.81,1.188,4.0,3.401,0.762,3.302,2.019,0.0,1.402,1.342,1.183,0.256,1.326,0.25,-999.0,3.859,4.0,
2000,2.793,0.47,3.494,1.489,0.135,-999.0,-999.0,2.763,1.854,0.0,2.078,2.289,1.157,1.276,2.251,4.412,2.505,0.0,3.0,0.937,0.8,3.918,2.427,0.311,0.822,0.0,2.0,2.243,0.389,1.238,1.505,0.234,1.729,2.788,0.375,0.125,4.0,2.227,0.6,2.428,2.941,0.167,0.017,1.541,0.471,1.253,1.985,0.25,-999.0,4.149,7.0,
2001,5.675,0.071,5.612,1.135,0.038,-999.0,-999.0,4.785,2.315,0.0,1.545,1.74,1.604,1.874,1.595,6.67,0.234,1.0,2.07,0.555,1.271,6.372,2.373,0.222,1.401,0.0,0.0,1.215,0.0,0.711,1.666,0.438,0.966,3.283,0.352,1.0,3.0,1.523,0.762,2.752,2.908,0.0,1.862,1.448,0.929,0.593,1.267,0.0,-999.0,4.334,8.0,
2002,3.959,0.0,4.599,1.744,0.103,1.0,-999.0,4.462,3.269,0.0,2.519,1.644,1.196,0.921,3.475,6.114,0.004,0.0,1.036,0.465,2.138,7.247,2.559,0.422,0.483,0.0,0.0,2.487,0.222,1.411,2.355,1.025,0.687,2.614,0.662,0.25,2.0,2.566,0.846,4.811,3.797,0.0,1.08,1.533,0.68,1.213,1.3,0.0,-999.0,4.892,8.0,
2003,5.095,0.333,2.494,1.049,0.269,1.0,-999.0,4.074,4.415,0.144,1.973,2.366,1.288,1.517,1.422,4.879,1.566,1.0,2.819,0.276,0.588,5.343,2.425,0.0,0.95,0.0,1.0,1.658,0.167,1.057,4.05,0.239,1.257,2.365,0.599,0.64,2.0,3.034,0.712,4.818,2.229,0.0,1.732,2.568,1.443,2.068,0.832,0.0,-999.0,2.817,7.0,
2004,4.527,0.643,4.409,2.002,0.321,3.0,-999.0,6.116,3.788,0.062,1.522,1.791,2.144,1.445,2.797,7.566,1.493,2.0,2.788,0.615,1.844,6.576,2.67,0.067,0.604,0.0,0.0,3.393,0.333,1.592,2.996,0.42,1.687,2.825,0.219,2.495,2.0,3.343,0.91,4.008,4.164,0.167,0.017,1.951,0.753,1.294,1.299,0.0,-999.0,10.319,6.0,
2005,3.737,0.048,2.074,2.119,0.024,3.0,-999.0,5.559,3.722,0.062,0.778,2.391,1.287,1.639,1.201,3.812,4.862,-999.0,4.168,0.901,1.566,5.01,2.203,0.013,0.961,0.0,3.0,2.948,0.294,2.178,2.268,1.108,1.324,2.072,0.924,1.695,4.0,3.083,0.799,1.98,1.711,0.25,1.322,1.498,1.125,0.722,0.921,0.0,-999.0,4.997,7.0,
2006,3.673,0.183,4.467,1.311,0.19,4.0,-999.0,3.675,1.984,0.0,1.54,2.844,1.26,1.497,2.526,4.799,2.274,0.0,3.308,0.892,0.726,4.243,2.317,0.334,1.148,0.0,0.0,4.092,0.222,1.595,3.021,0.125,1.657,2.465,0.843,0.812,4.0,3.584,0.503,2.183,2.468,0.333,2.385,3.039,1.242,0.986,0.906,0.0,-999.0,5.371,9.0,
2007,1.858,0.5,4.003,0.375,0.269,1.0,-999.0,3.372,2.683,0.125,1.334,1.69,2.85,2.369,2.232,4.107,2.854,-999.0,2.151,0.317,0.89,3.336,2.986,0.222,1.915,0.0,1.0,2.833,0.222,1.496,2.019,0.75,1.289,5.238,0.593,0.562,5.0,1.646,1.326,1.048,3.291,0.0,0.669,1.171,1.034,1.164,1.541,0.25,-999.0,3.041,6.0,
2008,4.367,0.357,5.716,1.43,0.268,4.0,-999.0,4.28,3.683,0.0,2.871,3.196,2.748,2.447,1.613,5.218,2.91,5.0,4.322,1.162,0.664,4.433,5.933,0.089,1.739,0.003,2.0,3.259,0.278,1.068,2.461,0.375,1.053,3.91,0.114,0.438,5.0,2.936,0.892,3.151,2.215,0.167,1.676,1.862,0.773,0.596,1.531,0.64,-999.0,6.333,5.0,
2009,7.02,0.048,8.018,1.358,0.267,1.0,-999.0,3.29,5.124,0.0,2.352,2.026,1.457,2.076,2.365,6.533,2.983,1.0,1.133,0.273,0.816,7.734,4.408,0.038,0.85,0.0,1.0,2.761,0.248,0.502,2.824,0.438,0.67,3.561,0.489,0.188,3.0,3.674,0.412,3.598,2.834,0.006,0.669,1.65,1.13,0.685,0.685,0.0,-999.0,5.261,4.0,
2010,4.822,0.859,2.281,1.493,0.142,3.0,-999.0,3.94,3.274,0.0,2.047,1.572,2.343,1.919,3.084,2.654,3.676,1.0,4.277,1.478,1.517,3.725,3.457,0.038,1.414,0.33,3.0,3.235,0.169,2.2,3.565,0.625,0.892,3.219,0.484,1.75,6.0,2.54,1.607,4.181,2.65,0.0,1.322,2.158,0.64,1.238,2.5,0.64,-999.0,2.747,4.0,
2011,4.909,0.119,5.85,1.038,0.344,5.0,-999.0,5.372,1.965,0.125,2.203,3.4,1.122,1.051,4.406,3.797,1.016,0.0,4.037,1.146,0.743,5.028,2.559,0.327,1.067,0.0,-999.0,5.789,0.0,2.663,2.549,0.568,1.606,2.267,0.571,1.062,5.0,1.623,0.694,4.729,1.402,0.0,2.328,1.516,0.584,1.32,1.019,0.307,-999.0,3.376,10.0,
2012,4.006,0.15,2.265,1.112,0.067,1.0,-999.0,4.521,2.89,0.0,1.062,1.021,0.74,0.647,0.595,5.619,3.141,1.0,3.178,0.283,1.46,6.17,1.884,0.003,0.41,0.0,-999.0,2.85,0.0,0.76,2.14,0.322,0.804,1.851,1.715,0.845,3.0,2.404,0.413,2.252,2.283,0.0,1.378,0.947,1.226,0.844,0.867,0.307,-999.0,0.752,1.0,
2013,4.474,0.303,4.97,0.385,0.373,2.0,-999.0,3.883,5.853,0.073,2.57,3.038,1.58,1.592,3.807,6.635,3.04,2.0,3.535,1.207,0.992,5.25,2.77,0.089,1.219,0.0,-999.0,2.869,0.335,1.884,3.591,0.536,1.63,2.464,0.327,0.875,4.0,4.427,0.855,4.759,2.572,0.167,0.726,3.005,0.466,0.686,1.451,0.0,-999.0,3.41,5.0,
2014,5.751,0.442,2.497,1.865,0.154,3.0,-999.0,4.093,5.136,0.0,2.122,2.411,3.28,1.564,3.424,5.431,3.517,2.0,3.412,0.893,0.867,6.145,2.7,0.368,1.602,0.0,-999.0,3.751,0.335,0.911,2.139,1.179,0.868,1.426,0.113,0.75,4.0,2.309,0.717,2.635,2.476,0.0,0.162,2.214,0.653,0.678,1.656,0.5,-999.0,5.517,4.0,
2015,3.027,0.414,6.986,0.787,0.179,1.0,-999.0,3.553,3.666,0.215,2.998,3.12,2.497,2.456,2.478,7.391,2.012,1.0,1.455,0.847,1.178,4.757,4.673,0.067,1.272,0.0,-999.0,1.679,0.358,1.378,2.954,0.822,1.497,6.9,1.081,0.938,3.0,4.813,1.076,3.656,5.367,0.0,1.224,2.12,0.878,0.581,1.488,0.64,-999.0,7.398,4.0,
2016,3.858,0.081,5.139,1.494,0.153,1.0,-999.0,5.222,3.431,0.186,2.267,1.346,2.84,2.367,1.931,7.932,1.781,1.0,1.124,0.926,1.72,4.211,2.688,0.074,1.395,0.0,-999.0,1.072,0.045,1.534,2.918,0.893,0.351,1.883,1.083,1.0,1.0,3.478,0.884,2.559,3.579,0.0,0.693,1.789,0.994,1.574,2.151,0.0,-999.0,4.334,2.0,
2017,5.73,0.0,4.718,2.572,0.23,3.0,-999.0,5.002,4.02,0.0,2.299,1.969,1.594,1.712,3.272,6.319,1.493,3.0,2.084,0.993,0.991,5.484,3.638,0.145,1.287,0.003,-999.0,3.014,0.349,1.424,2.992,0.699,1.944,2.924,0.658,1.0,3.0,3.246,0.588,3.628,2.962,0.167,0.162,2.746,1.371,0.942,1.012,0.0,-999.0,4.078,9.0,
2018,5.672,0.093,6.074,1.434,0.231,5.0,-999.0,2.831,5.855,0.14,2.845,3.628,2.975,2.177,1.875,5.652,1.016,4.0,4.045,1.342,1.27,4.825,2.09,0.107,1.271,0.0,-999.0,2.203,0.358,1.111,5.636,0.511,1.498,4.461,0.159,2.5,4.0,4.152,1.049,4.232,4.045,0.0,0.693,3.593,1.173,0.857,2.54,0.0,-999.0,6.105,4.0,
2019,3.307,0.164,5.639,2.502,0.0,3.0,-999.0,3.489,4.774,0.0,2.094,1.731,1.672,2.586,2.779,6.911,1.262,2.0,2.198,0.859,1.456,6.212,3.875,0.427,1.315,0.0,-999.0,0.621,0.295,0.797,2.657,0.75,1.017,4.23,0.61,0.578,3.0,2.713,1.36,5.369,2.655,0.0,2.287,1.043,0.836,0.184,1.222,0.024,-999.0,3.596,3.0,
2020,6.53,0.032,4.965,0.534,0.064,1.0,-999.0,4.211,6.998,0.123,1.99,1.984,1.159,1.36,2.168,5.805,2.433,1.0,2.26,1.264,1.519,6.256,2.135,0.107,0.842,0.0,-999.0,2.972,0.104,1.204,6.591,0.374,1.066,2.102,0.252,1.163,1.0,5.219,0.344,4.215,2.779,0.0,1.224,3.56,0.813,0.593,1.799,0.075,-999.0,2.324,8.0,
