Year,AK,AL,AR,AZ,CA,CO,CT,DE,FL,GA,HI,IA,ID,IL,IN,KS,KY,LA,MA,MD,ME,MI,MN,MO,MS,MT,NC,ND,NE,NH,NJ,NM,NV,NY,OH,OK,OR,PA,RI,SC,SD,TN,TX,UT,VA,VT,WA,WI,WV,WY
1895,-999.0,74.27,72.03,73.07,66.03,57.8,55.4,60.4,79.67,73.23,-999.0,62.37,53.57,63.23,62.7,69.9,65.83,76.97,54.63,60.57,49.3,52.97,55.3,67.53,75.0,54.17,66.73,54.8,63.77,51.57,57.83,67.3,60.9,52.23,60.03,74.17,54.47,56.43,54.93,71.2,59.27,68.53,76.97,58.63,63.57,50.6,55.73,55.23,62.07,50.97
1896,-999.0,77.43,73.7,71.53,63.7,57.03,57.1,62.87,81.7,77.27,-999.0,60.87,47.93,64.77,64.3,68.23,68.8,78.97,55.97,63.2,48.9,53.67,50.97,68.07,77.47,47.53,72.2,47.37,59.6,52.37,59.9,70.27,55.6,53.57,62.67,74.63,49.57,58.1,56.5,76.93,53.9,71.77,78.6,56.07,67.03,51.5,52.3,54.67,65.1,47.9
1897,-999.0,75.63,71.87,71.4,66.43,56.37,56.9,62.7,81.53,74.93,-999.0,55.83,52.83,59.63,60.03,65.5,65.67,78.43,55.73,62.77,47.23,48.93,49.5,64.5,75.97,51.4,69.23,47.5,59.07,51.83,59.93,67.07,59.13,52.97,59.0,71.33,54.33,57.03,55.5,73.83,53.07,69.2,78.27,56.9,65.8,50.7,55.9,51.13,62.73,49.97
1898,-999.0,76.3,72.03,71.47,66.27,54.77,56.13,62.0,82.57,76.93,-999.0,59.0,53.67,61.43,62.07,64.63,67.0,77.03,54.77,62.73,49.47,52.87,52.63,65.03,75.97,47.93,70.13,49.83,58.63,52.07,59.0,67.07,58.83,54.23,60.93,70.67,54.17,57.87,55.1,75.33,54.4,70.53,76.73,56.63,65.9,51.8,55.67,54.6,63.03,49.3
1899,-999.0,76.33,71.3,72.03,65.1,56.3,55.93,61.97,81.73,76.13,-999.0,54.57,49.3,59.9,60.93,65.03,66.67,78.3,54.53,62.6,48.43,50.53,47.0,63.6,76.6,43.83,69.47,42.67,56.4,50.63,59.07,68.3,57.4,52.87,61.3,71.47,49.33,58.03,54.67,74.47,49.27,69.6,78.37,57.1,65.57,49.97,51.97,51.23,63.6,47.2
1900,-999.0,75.2,71.73,71.97,67.73,57.47,55.67,61.43,79.6,74.57,-999.0,59.8,56.77,61.1,61.0,65.7,66.33,76.33,53.6,61.47,47.77,51.27,55.4,66.1,74.8,56.0,68.97,56.5,62.2,49.03,58.73,66.83,60.7,50.83,59.2,71.0,56.53,55.83,54.57,73.43,60.3,68.73,75.3,60.47,64.83,47.83,58.7,54.17,62.27,54.13
1901,-999.0,73.17,70.37,71.13,66.2,56.37,53.67,60.03,79.17,73.17,-999.0,59.0,52.53,60.3,59.4,65.0,64.93,76.47,52.1,60.37,48.33,51.63,53.43,64.87,73.8,55.0,67.47,55.7,59.87,50.67,56.5,66.63,59.33,51.47,58.43,71.23,53.93,55.13,52.13,71.9,59.4,67.1,77.1,58.73,63.4,50.2,54.77,54.2,60.63,51.4
1902,-999.0,76.47,72.67,71.8,64.2,57.33,58.43,63.47,81.4,76.03,-999.0,61.07,50.53,63.4,63.63,67.63,67.73,78.37,57.37,63.8,49.9,54.57,54.03,67.1,77.17,50.77,70.07,50.87,62.0,53.83,60.9,67.67,57.17,54.47,61.63,72.07,51.63,58.57,56.93,74.3,56.5,70.3,79.27,57.0,66.4,52.3,53.63,55.97,63.63,49.73
1903,-999.0,74.47,70.53,70.7,64.73,54.5,61.13,64.53,79.93,74.33,-999.0,60.03,50.1,64.27,64.77,63.97,69.4,75.93,59.67,65.1,53.03,55.03,51.87,66.2,75.2,49.0,70.57,50.9,58.87,56.6,63.5,65.67,57.5,57.6,64.23,69.47,53.3,61.7,58.93,73.97,55.37,70.33,74.0,55.53,67.7,55.7,53.2,55.57,66.77,48.1
1904,-999.0,75.73,70.4,74.17,66.23,58.4,55.57,60.9,81.93,75.23,-999.0,56.43,51.33,59.03,58.83,65.93,65.03,78.0,54.5,61.23,48.73,48.9,48.1,63.2,75.8,48.93,68.57,46.53,61.13,51.3,58.03,69.53,60.23,51.43,57.97,73.23,54.17,55.57,54.6,73.6,55.1,68.07,79.37,58.97,64.3,50.33,54.27,50.4,61.97,51.0
1905,-999.0,77.57,72.13,67.73,64.97,54.53,56.57,63.53,82.27,77.07,-999.0,59.63,53.57,63.93,63.57,66.23,69.4,78.6,55.23,64.27,48.4,51.43,51.17,67.63,77.3,53.0,71.0,53.13,59.2,51.2,59.83,64.03,59.0,52.6,61.27,71.57,56.0,58.67,54.87,75.83,56.2,72.03,75.93,57.07,67.6,50.0,57.5,52.8,65.87,50.0
1906,-999.0,74.37,69.43,70.1,63.33,53.67,55.03,61.83,79.73,74.6,-999.0,56.9,51.53,59.97,59.6,62.77,65.33,75.87,53.6,61.97,44.77,50.43,49.57,63.13,74.03,50.1,69.23,50.27,56.97,48.87,58.47,66.13,57.33,50.6,58.6,68.43,54.73,55.87,54.13,73.77,53.43,68.53,75.33,56.3,64.57,47.87,56.77,51.57,62.17,47.93
1907,-999.0,75.5,70.1,71.57,64.17,56.07,53.37,60.1,83.1,76.23,-999.0,55.93,51.7,59.3,58.67,65.53,65.27,77.53,51.9,60.8,45.37,47.4,44.4,63.93,75.23,47.5,68.57,44.73,59.03,47.97,56.13,67.27,59.23,50.07,57.63,70.8,54.53,55.27,51.83,74.57,53.13,68.63,78.5,58.2,64.3,46.97,55.1,48.37,61.83,49.5
1908,-999.0,79.43,74.1,71.53,66.57,57.67,57.07,64.67,84.87,79.83,-999.0,59.7,51.7,63.0,63.0,68.23,69.0,80.7,55.73,64.83,48.3,52.4,51.37,67.6,79.3,50.9,73.13,49.93,62.5,51.67,60.67,67.43,60.83,53.17,62.2,72.7,54.43,58.73,55.97,78.13,57.43,73.03,79.17,57.77,68.6,50.57,54.43,53.57,65.73,52.07
1909,-999.0,74.93,70.63,69.93,65.23,52.5,54.63,61.57,81.6,74.7,-999.0,54.43,50.4,59.67,59.1,64.7,65.47,77.07,53.13,61.9,45.77,48.63,46.6,64.6,74.77,47.7,68.77,47.0,57.5,49.2,58.6,65.4,59.07,50.73,58.3,71.17,54.93,56.1,53.27,73.57,52.57,69.0,78.6,55.43,65.07,48.0,54.83,48.6,62.17,47.1
1910,-999.0,77.63,73.27,77.2,71.37,61.33,60.07,65.73,81.5,77.13,-999.0,64.6,58.23,65.37,64.5,71.37,69.33,79.1,58.33,65.8,50.57,56.07,58.6,68.97,77.47,60.33,71.8,59.97,67.6,55.0,62.9,71.3,66.57,56.63,63.47,74.97,60.67,61.6,57.93,76.43,64.07,71.37,79.33,64.5,68.5,54.1,60.2,59.07,66.17,58.53
1911,-999.0,77.53,73.97,72.63,64.57,58.67,56.8,62.87,81.6,76.43,-999.0,61.7,51.43,64.13,62.9,68.77,67.83,79.83,55.67,63.03,50.53,53.67,55.97,68.37,78.1,52.87,69.3,55.07,63.9,53.17,59.93,68.3,59.17,54.5,61.33,74.53,54.6,58.8,55.33,74.93,61.33,71.23,77.77,59.2,65.37,52.37,56.07,55.97,63.6,52.53
1912,-999.0,74.8,68.2,68.07,62.4,51.77,55.27,61.9,81.57,74.4,-999.0,56.13,49.7,59.43,59.3,61.33,65.67,75.97,54.33,62.7,47.67,49.97,51.03,62.9,73.57,47.53,69.27,49.33,55.87,50.6,58.73,64.53,56.1,51.33,59.03,67.73,52.57,57.33,53.97,73.47,54.33,68.33,75.03,53.97,65.6,49.3,55.7,52.03,63.6,45.83
1913,-999.0,75.37,70.83,70.83,66.33,56.57,58.13,65.13,80.23,75.3,-999.0,57.67,51.33,61.4,61.63,67.43,67.0,75.97,56.1,65.1,49.77,51.9,49.97,65.33,74.73,49.47,71.13,49.83,59.77,52.9,62.23,66.3,60.57,55.1,60.83,71.87,53.73,60.1,56.03,74.37,54.37,69.63,76.4,58.63,67.3,52.4,53.77,52.23,64.03,50.13
1914,-999.0,74.77,70.27,73.57,68.6,56.3,55.4,61.2,79.4,75.27,-999.0,59.1,55.37,62.13,60.93,66.03,65.67,75.37,54.13,61.8,47.77,51.97,51.3,65.47,74.13,53.3,69.0,51.8,60.23,50.63,58.53,67.23,62.9,51.57,59.33,69.97,58.07,56.53,54.47,73.87,55.83,68.53,74.57,60.47,64.67,49.57,58.7,53.0,61.57,51.27
1915,-999.0,74.4,68.5,68.9,65.1,53.13,56.47,61.8,77.73,74.07,-999.0,57.17,55.23,60.97,60.27,60.03,65.17,74.9,55.03,61.97,48.13,51.97,52.7,63.2,73.57,53.63,67.8,53.13,55.07,51.63,59.3,62.5,60.07,52.03,58.27,65.7,56.83,56.6,55.17,71.87,52.33,68.2,72.03,58.37,64.13,50.33,59.0,53.6,60.83,50.73
1916,-999.0,76.0,72.3,73.83,67.9,57.63,52.03,59.53,80.2,76.23,-999.0,57.97,51.8,60.77,60.3,67.17,66.0,77.87,50.93,60.37,46.8,49.1,47.87,65.4,75.9,51.23,70.47,47.6,61.87,48.67,55.8,68.97,61.97,49.8,58.07,72.4,54.33,54.9,51.17,75.37,55.47,69.67,79.77,59.8,65.3,47.9,53.4,50.73,62.23,50.6
1917,-999.0,75.3,69.6,67.23,62.53,49.57,51.73,59.9,81.5,75.9,-999.0,55.7,44.33,59.3,58.9,63.27,64.63,76.07,49.6,60.23,44.13,47.47,48.3,63.27,74.57,44.83,68.77,47.67,54.83,45.67,55.9,63.63,53.83,48.23,56.87,69.53,47.9,54.53,50.4,73.83,50.13,68.5,76.7,51.3,63.73,45.13,50.2,49.73,60.47,42.57
1918,-999.0,77.23,74.37,70.47,65.7,56.27,59.33,65.1,80.57,76.57,-999.0,63.03,52.5,64.73,65.43,67.27,69.7,79.0,57.8,65.8,50.27,54.7,55.47,68.7,77.97,52.1,71.53,54.57,63.03,54.4,62.5,66.9,60.5,56.43,64.0,73.1,55.47,61.83,57.43,75.13,59.27,72.73,78.83,58.43,67.97,53.6,55.77,56.37,66.13,50.2
1919,-999.0,75.0,70.93,71.73,66.8,55.73,57.33,63.7,80.4,76.13,-999.0,58.17,54.0,61.67,61.3,63.07,66.77,76.6,55.93,63.6,48.9,51.73,51.07,65.3,74.33,52.17,70.57,48.93,58.43,52.93,61.03,65.2,62.37,53.2,60.03,69.4,55.97,58.87,55.33,74.6,54.23,69.4,75.23,60.1,66.1,50.87,55.83,53.27,63.9,53.03
1920,-999.0,72.77,70.6,68.47,65.5,52.67,54.17,61.3,79.03,72.53,-999.0,56.73,48.43,59.47,59.7,64.3,65.37,76.37,53.03,61.37,48.53,50.03,49.43,63.5,73.8,45.9,67.67,47.2,56.17,50.43,58.4,64.33,58.17,52.03,58.63,70.73,52.33,56.6,53.43,71.3,51.23,68.0,76.97,54.47,63.87,49.83,52.97,51.37,61.27,45.17
1921,-999.0,77.57,74.43,71.83,65.53,57.1,62.33,68.33,82.03,77.73,-999.0,63.8,51.5,67.2,67.57,69.13,71.87,79.33,60.47,68.4,54.07,57.3,54.47,69.5,77.73,50.83,72.67,51.97,63.93,58.4,65.9,67.43,60.4,60.13,65.93,73.17,54.07,64.2,59.97,76.17,59.33,73.63,78.2,58.0,69.8,57.83,54.93,57.43,68.53,51.6
1922,-999.0,75.5,71.6,68.97,64.8,54.57,58.77,63.73,82.17,76.13,-999.0,60.43,47.53,63.43,64.13,64.5,69.17,77.53,57.27,64.2,50.97,54.6,52.9,66.33,75.77,48.17,70.57,51.17,60.83,53.77,61.57,65.97,56.77,55.43,62.63,69.93,51.5,59.63,57.8,74.67,55.87,70.7,77.07,54.17,66.6,52.4,52.5,54.6,65.17,47.47
1923,-999.0,73.77,69.83,70.3,66.9,54.13,55.5,63.33,80.87,74.13,-999.0,56.73,50.5,60.17,60.6,64.1,66.5,75.63,54.0,63.57,44.63,49.37,48.7,63.93,73.7,51.03,69.2,48.63,58.23,49.73,59.87,65.27,59.2,51.33,59.77,69.6,54.4,58.07,54.03,73.13,55.07,68.17,75.27,55.67,65.93,48.37,55.7,50.5,63.47,48.57
1924,-999.0,72.03,68.13,69.27,68.6,51.53,53.57,59.43,78.73,72.37,-999.0,55.33,53.8,58.03,57.13,60.8,62.97,74.37,52.13,59.4,46.1,48.03,48.3,61.8,72.13,48.97,67.27,47.57,55.9,48.87,56.5,64.07,61.3,48.93,55.83,66.27,58.07,53.4,52.63,71.8,52.37,65.37,73.5,57.17,62.33,47.73,58.57,48.3,58.03,46.47
1925,33.3,78.07,75.3,75.03,67.4,60.63,58.83,64.87,80.77,78.03,-999.0,64.03,55.27,66.0,65.0,69.73,69.17,80.2,56.9,64.47,48.9,54.27,55.5,68.8,78.87,54.47,71.37,55.77,64.53,52.6,61.87,71.4,62.87,54.37,62.2,75.3,57.3,59.2,57.33,76.17,61.57,71.9,81.73,61.73,66.6,51.13,58.43,56.4,64.4,54.53
1926,38.2,72.4,69.83,70.23,70.37,55.97,53.2,61.2,78.17,72.53,-999.0,58.97,57.27,58.87,58.2,64.03,64.1,73.73,51.4,61.37,43.1,48.37,52.8,63.5,72.6,55.57,68.43,56.03,62.33,46.73,57.2,63.47,64.93,48.23,56.4,67.93,61.03,55.13,52.27,72.3,60.2,67.47,73.07,60.53,63.93,45.43,61.07,51.13,59.23,52.57
1927,27.73,77.33,72.73,71.63,66.1,56.97,56.4,61.9,82.87,77.9,-999.0,58.2,49.63,61.23,61.27,66.03,67.27,78.23,55.33,62.1,48.73,52.23,50.07,65.9,76.8,48.07,70.57,48.83,58.47,51.8,59.07,69.57,59.7,52.83,60.03,72.73,52.57,57.37,55.53,75.27,53.93,70.93,80.2,57.83,65.0,50.83,53.17,52.57,62.6,48.53
1928,31.2,73.33,70.47,73.13,69.23,56.5,53.9,60.77,79.83,73.3,-999.0,59.93,54.27,61.5,59.67,66.7,64.73,76.03,52.73,61.07,46.0,49.97,52.13,66.07,74.2,54.4,67.83,53.6,62.8,49.17,57.37,67.27,63.07,50.73,58.0,71.33,57.5,55.87,52.87,72.33,58.97,67.63,77.67,59.7,64.03,47.83,57.53,52.03,60.47,52.27
1929,29.8,76.9,72.2,70.63,66.4,54.6,57.67,65.37,82.87,77.1,-999.0,59.37,50.6,63.5,63.97,65.9,69.57,78.5,56.63,65.8,48.9,53.33,51.77,66.17,77.0,50.9,71.63,51.87,60.43,52.8,62.27,66.3,59.47,54.73,62.87,71.37,54.03,60.13,56.4,75.1,56.43,70.97,77.87,56.4,68.07,51.63,55.03,53.07,65.2,47.93
1930,31.07,75.33,72.27,70.9,66.63,57.03,56.83,63.57,78.93,74.73,-999.0,61.17,54.77,63.87,62.83,67.27,68.2,76.73,56.17,63.93,48.4,52.87,53.17,67.13,75.37,54.03,70.57,52.6,61.0,52.0,60.53,67.43,60.33,52.97,61.83,72.27,56.77,58.43,56.7,74.0,56.83,69.83,77.4,59.27,66.6,50.73,57.77,54.4,64.07,52.23
1931,31.57,71.8,67.87,73.4,71.77,55.07,56.93,60.07,77.07,72.3,-999.0,58.7,54.3,59.17,58.83,61.97,63.23,73.47,56.57,60.47,51.83,52.1,53.2,61.93,72.0,54.57,66.63,53.57,59.63,53.77,58.87,64.97,64.0,54.0,57.57,66.3,58.93,56.4,55.93,70.8,57.8,65.57,72.67,59.67,62.13,53.03,58.13,53.43,59.07,51.07
1932,34.27,73.83,71.5,72.0,67.17,56.07,55.5,60.8,79.9,74.53,-999.0,57.17,50.5,60.63,59.73,65.3,65.03,75.77,54.5,61.0,48.1,49.8,49.3,65.17,73.93,49.97,68.6,50.5,59.97,50.93,58.27,66.3,59.53,50.53,58.4,71.07,54.2,55.67,55.2,73.43,55.03,67.9,76.17,57.77,63.77,48.93,54.57,50.0,60.8,49.2
1933,33.13,76.27,72.17,69.43,64.63,55.33,55.67,62.23,81.03,76.37,-999.0,58.4,49.37,61.0,60.87,67.27,67.2,78.37,54.5,62.4,48.2,51.17,51.0,65.3,76.43,50.63,71.5,51.67,59.8,50.77,59.23,66.43,56.7,53.2,59.67,72.9,52.47,57.6,54.67,76.07,55.83,69.6,79.53,55.07,66.0,50.43,53.13,51.13,62.5,49.1
1934,33.53,75.0,72.6,79.03,74.47,63.13,57.5,62.07,79.8,74.53,-999.0,64.17,62.6,64.17,63.3,70.3,68.2,76.97,56.6,62.6,50.33,51.67,54.7,67.63,75.7,59.63,69.43,58.3,67.3,53.53,60.03,71.97,70.3,54.43,61.13,73.17,63.93,59.03,55.93,73.33,64.1,70.13,78.93,67.63,65.37,52.23,62.67,54.63,63.47,59.37
1935,32.37,77.0,71.67,68.93,64.4,53.77,56.4,61.9,83.23,77.67,-999.0,56.6,49.8,59.93,60.67,64.43,67.13,78.5,54.73,62.3,47.63,51.3,49.13,63.7,76.93,47.7,70.6,47.63,56.7,50.63,59.43,65.53,57.97,51.63,59.47,69.77,53.77,57.33,55.67,76.3,52.27,70.47,78.03,55.33,65.13,49.03,54.33,50.77,62.1,47.47
1936,32.83,76.9,74.83,75.63,70.27,59.47,58.5,65.2,80.6,76.97,-999.0,61.33,54.73,64.07,63.27,69.87,69.6,78.27,57.5,64.93,50.0,52.47,50.47,69.33,77.13,54.43,71.5,52.4,62.87,54.0,62.37,69.2,64.63,55.0,61.37,75.33,58.1,59.5,56.87,75.53,57.73,71.8,78.57,62.07,67.77,52.77,57.5,52.43,64.6,53.4
1937,30.6,74.97,71.27,71.87,67.03,56.67,55.47,61.3,79.47,74.47,-999.0,56.47,52.63,60.0,59.73,64.87,65.0,76.33,53.73,61.77,49.8,50.5,49.03,63.67,75.3,52.57,69.37,51.3,59.53,50.47,58.6,66.73,60.63,50.73,58.0,70.33,54.97,55.6,54.0,73.9,55.3,68.23,76.8,58.9,64.5,49.03,55.13,50.63,60.7,50.77
1938,34.43,77.7,74.6,71.1,64.9,56.13,58.5,64.5,83.13,78.1,-999.0,61.07,51.13,64.9,64.83,67.27,70.47,78.87,56.77,64.83,49.43,55.17,53.37,68.7,77.87,51.43,72.7,53.73,61.13,53.6,61.8,67.67,57.5,55.73,63.57,72.77,54.5,59.9,56.03,77.23,57.6,72.13,78.97,57.57,68.03,52.53,56.53,55.13,65.47,50.47
1939,31.1,75.27,72.5,74.33,69.8,58.7,55.23,63.83,82.0,75.8,-999.0,61.63,56.57,63.1,62.33,68.43,67.73,77.67,52.83,64.07,46.03,51.9,52.87,66.73,75.8,56.1,71.23,54.6,64.17,48.4,60.1,69.03,63.33,51.73,60.9,73.63,59.8,58.33,53.73,75.4,60.9,69.53,80.13,61.37,66.97,47.53,58.27,53.83,64.0,55.23
1940,38.23,73.6,71.0,74.9,69.87,58.57,52.13,58.3,79.17,74.03,-999.0,55.63,56.67,58.7,57.5,66.53,64.23,76.43,51.03,59.07,47.13,47.63,47.93,63.73,74.47,53.1,68.23,49.17,59.97,48.6,54.93,68.8,64.3,48.7,56.0,72.33,59.0,53.03,51.43,72.77,53.73,67.13,78.4,62.57,63.23,47.33,59.17,48.53,60.2,54.0
1941,34.4,74.9,71.63,67.9,66.13,54.33,58.73,64.07,79.13,75.4,-999.0,61.03,55.13,63.37,63.67,64.9,68.13,75.33,57.17,64.6,50.77,55.27,53.87,67.0,74.7,54.73,70.6,52.77,60.03,54.1,62.1,62.8,59.4,54.9,62.13,69.3,57.83,59.8,57.3,74.2,57.8,70.2,73.17,57.0,66.93,52.6,59.77,55.3,63.57,51.7
1942,34.63,75.87,72.33,70.6,65.03,55.6,60.03,66.0,79.93,76.0,-999.0,60.63,51.2,64.33,64.33,66.73,69.4,75.87,58.93,66.47,52.37,55.8,54.7,66.73,75.77,52.03,72.43,52.0,60.17,55.5,63.6,66.23,58.03,56.77,63.43,71.4,54.07,61.3,58.67,75.87,55.9,71.4,76.53,56.5,68.73,54.47,56.0,55.7,65.67,50.3
1943,33.7,75.5,71.33,74.8,68.17,57.9,54.3,63.23,81.23,75.03,-999.0,56.43,52.23,59.67,59.7,65.3,65.53,78.03,52.9,63.03,46.63,49.3,48.7,63.57,76.2,50.67,70.07,49.6,59.87,48.33,59.27,70.17,62.03,49.77,57.83,70.1,55.4,56.07,53.47,73.77,56.17,68.57,78.3,60.87,65.7,46.83,54.57,49.73,61.57,51.23
1944,31.73,75.5,70.87,68.8,65.7,52.93,56.73,63.37,81.67,75.8,-999.0,55.07,51.5,60.53,61.73,61.7,68.2,76.83,55.63,63.73,49.63,51.03,49.53,63.5,75.33,51.77,71.43,49.87,55.43,51.7,60.23,65.47,57.87,52.67,60.9,69.6,54.97,58.07,55.93,75.07,52.5,70.2,76.6,54.97,67.07,50.43,55.9,51.27,63.87,48.8
1945,29.6,78.17,73.2,69.6,64.87,55.67,61.2,67.23,84.53,78.77,-999.0,60.0,50.4,63.9,64.2,66.73,69.83,78.77,59.9,67.9,52.43,55.83,51.8,66.67,77.53,50.63,73.73,51.53,60.4,56.23,65.03,67.6,57.53,57.57,63.83,71.3,53.1,62.7,59.4,77.93,56.73,72.0,78.9,56.27,70.37,55.23,54.07,55.0,67.33,48.9
1946,29.03,77.2,73.4,74.27,67.93,59.23,60.0,65.53,81.97,77.0,-999.0,63.0,54.77,66.03,65.6,69.9,70.37,78.43,58.93,66.03,51.6,57.2,56.07,68.93,77.03,56.4,71.97,56.77,64.83,55.53,63.7,69.93,61.73,57.07,64.03,73.93,56.87,61.73,58.0,76.17,61.7,71.73,79.77,60.7,68.33,54.67,57.03,57.93,65.87,54.27
1947,32.93,72.87,68.87,74.33,70.57,55.4,54.93,61.87,80.47,73.6,-999.0,53.97,56.17,57.53,57.43,61.4,63.8,74.87,54.17,62.0,47.3,47.6,46.9,61.6,72.6,50.93,68.2,48.1,56.67,50.17,58.47,67.9,63.93,50.97,56.57,67.6,60.23,55.73,54.03,72.8,52.27,66.1,75.3,60.83,64.2,49.03,60.4,48.4,60.93,51.03
1948,31.2,77.47,72.83,71.27,62.97,55.53,56.33,63.7,83.37,77.57,-999.0,59.4,50.3,62.6,63.03,66.3,69.4,78.93,55.03,64.4,47.97,53.53,51.8,66.2,77.27,50.73,72.37,49.23,61.63,51.67,60.53,67.07,57.67,54.23,62.4,71.17,50.83,59.83,54.77,76.3,56.77,71.7,78.9,56.67,67.8,51.1,51.87,54.27,65.73,50.87
1949,31.9,74.5,71.67,72.3,66.77,56.33,59.03,64.07,82.2,74.7,-999.0,59.47,55.87,63.0,62.5,64.7,66.47,76.63,58.0,63.87,51.13,54.33,52.93,65.53,74.93,55.6,69.8,53.87,59.93,54.87,61.87,67.43,60.67,55.03,61.2,70.0,57.57,59.17,57.63,74.17,58.53,68.53,75.73,59.13,65.8,53.1,58.1,54.4,62.57,53.3
1950,34.1,73.8,70.03,74.37,68.37,56.33,53.57,60.3,80.6,74.27,-999.0,54.17,50.1,58.8,58.47,65.3,64.9,76.0,53.1,60.57,48.6,48.27,43.7,63.07,74.2,46.8,68.93,42.57,55.93,50.37,56.87,69.87,61.33,50.33,57.47,70.97,53.63,54.43,52.63,73.57,48.4,67.9,77.6,58.47,64.2,48.63,52.3,46.97,60.57,47.73
1951,31.4,75.2,71.3,71.3,67.63,54.93,58.27,63.27,80.53,74.77,-999.0,53.6,52.2,59.93,60.33,63.1,65.53,77.1,56.77,63.17,50.2,52.57,48.0,63.07,75.5,48.07,69.23,47.23,56.13,53.03,60.8,66.87,60.83,53.73,60.03,70.4,56.13,57.87,57.4,73.73,51.0,68.13,77.67,58.0,65.07,51.2,55.53,50.6,62.03,49.2
1952,28.87,74.9,70.7,69.5,65.8,53.97,56.17,62.57,81.0,75.67,-999.0,56.63,52.07,61.27,60.83,62.87,66.63,76.3,55.07,62.27,48.97,52.73,52.03,64.27,74.8,52.53,70.4,52.5,56.97,51.17,59.37,65.37,58.1,52.8,59.43,69.5,55.5,56.63,55.4,74.5,53.8,69.2,75.87,55.87,65.63,50.07,56.57,52.9,62.07,50.47
1953,34.13,76.33,72.33,70.17,64.4,54.73,57.33,64.17,83.2,77.1,-999.0,56.33,50.8,61.43,61.17,65.93,67.27,78.87,56.17,64.43,50.73,52.07,49.63,65.07,76.63,49.13,72.23,48.27,58.77,53.1,60.73,66.9,58.17,53.6,60.07,71.8,52.9,57.77,56.2,76.47,52.57,70.07,79.13,56.73,67.63,52.27,54.37,51.23,63.33,48.97
1954,34.43,74.8,71.87,74.1,68.4,58.13,57.13,64.0,80.97,75.17,-999.0,57.27,53.67,62.2,61.67,65.77,67.0,76.9,55.73,64.1,47.93,51.17,48.03,65.9,75.13,48.27,69.8,48.57,58.9,51.4,60.7,69.2,63.2,53.43,60.7,70.9,56.47,58.5,56.0,73.9,54.1,69.03,77.1,61.33,66.37,50.3,54.3,50.7,63.07,51.37
1955,29.77,78.97,74.17,71.4,65.17,56.27,59.1,65.53,83.23,79.0,-999.0,62.57,47.0,65.53,65.07,69.37,69.7,80.57,57.27,66.13,49.5,56.43,54.83,68.37,79.0,47.77,73.13,53.63,63.93,53.9,62.83,67.33,57.6,56.07,64.27,74.1,50.23,61.63,57.23,77.27,60.83,72.13,80.17,56.17,68.9,52.47,49.23,56.13,66.2,49.53
1956,31.23,75.7,72.43,73.9,67.03,57.93,52.6,61.43,81.43,75.87,-999.0,58.83,53.5,63.03,61.1,68.97,66.43,77.63,51.2,61.73,45.03,49.8,47.77,67.63,75.83,51.4,69.47,47.8,60.33,47.57,57.2,70.37,61.13,49.0,58.6,74.33,56.27,55.3,51.63,74.37,54.1,69.47,79.5,60.27,65.13,45.97,56.83,50.27,61.5,51.73
1957,35.47,74.67,70.57,69.4,65.47,51.8,58.87,64.77,80.67,74.93,-999.0,57.77,51.97,61.2,61.57,61.57,67.73,76.7,57.67,64.87,50.9,52.7,51.53,64.17,75.13,51.33,70.43,51.7,55.8,54.2,61.5,64.3,58.2,54.1,60.97,66.5,54.8,58.83,58.1,73.8,52.93,70.2,74.0,55.87,67.43,52.47,56.37,52.87,64.37,48.9
1958,35.7,73.4,67.83,70.47,65.63,53.37,55.1,60.53,78.97,73.4,-999.0,58.93,53.6,60.63,59.7,59.8,63.6,75.23,54.3,60.57,49.8,54.27,54.9,62.07,72.87,53.13,66.67,54.57,55.9,51.97,58.2,63.83,59.23,52.73,58.57,65.97,56.2,56.4,54.2,71.33,56.0,66.37,73.0,57.43,62.53,50.93,57.87,54.77,59.3,50.43
1959,28.37,74.87,72.7,74.1,70.3,55.73,58.97,65.83,79.83,75.3,-999.0,58.73,51.6,63.67,62.67,66.6,67.83,76.47,57.53,66.0,50.8,53.8,53.63,67.23,75.43,50.93,70.77,53.2,59.77,54.2,62.47,67.97,62.17,54.7,61.97,72.1,55.6,59.93,57.7,74.47,57.4,70.1,76.77,59.43,67.97,52.63,54.57,54.17,64.33,49.67
1960,31.53,71.6,68.03,74.63,68.2,56.8,55.97,61.17,78.9,72.13,-999.0,53.6,52.13,56.83,56.93,62.27,62.13,74.87,54.4,60.73,49.37,50.0,48.4,60.9,72.17,50.83,66.57,48.8,56.73,51.4,58.8,69.3,62.63,51.63,56.23,68.4,54.53,54.93,54.33,70.9,52.8,64.97,75.9,60.43,62.4,50.43,53.8,50.0,58.4,52.9
1961,30.13,73.87,70.63,72.77,66.47,55.2,54.53,61.0,81.4,74.07,-999.0,55.2,52.73,59.23,58.4,63.6,63.47,76.97,53.03,60.9,46.97,51.33,50.87,62.63,74.6,52.8,67.83,52.2,57.0,50.17,57.9,68.2,60.33,50.73,57.2,71.17,54.43,54.47,53.77,72.3,55.6,67.0,78.53,58.63,63.5,48.7,54.27,51.57,59.1,51.6
1962,31.07,74.9,71.4,71.83,66.23,57.17,57.77,63.43,81.07,75.33,-999.0,57.47,51.5,62.3,61.83,68.13,66.23,76.2,56.07,63.7,49.5,54.1,49.57,66.0,74.47,51.1,69.33,48.7,60.5,52.8,61.2,67.97,59.43,54.8,60.87,72.13,54.13,58.8,56.03,74.07,54.27,68.8,77.5,58.03,65.2,51.93,53.63,52.87,62.5,51.53
1963,32.27,78.0,75.23,72.47,63.63,58.93,57.57,65.07,82.57,77.4,-999.0,61.03,52.43,64.73,63.07,70.37,69.17,80.97,56.33,65.13,48.57,53.93,53.97,68.8,78.97,53.43,71.53,54.57,63.33,52.67,61.47,69.7,58.13,53.57,61.03,75.13,53.6,58.9,56.77,76.07,59.33,72.03,81.0,58.5,68.17,50.63,55.03,54.97,64.2,52.27
1964,26.4,75.9,73.37,69.27,64.9,54.07,58.67,63.6,81.77,75.6,-999.0,59.8,48.27,63.83,63.6,67.9,69.03,78.07,57.33,64.07,50.43,54.93,52.57,67.27,76.5,50.27,70.33,52.4,60.33,53.63,61.5,66.13,56.87,55.2,62.37,73.13,52.8,59.17,57.3,74.23,56.6,70.83,78.47,54.4,66.57,53.0,53.0,54.57,64.57,48.2
1965,34.17,75.8,70.77,68.33,65.03,53.3,57.13,62.27,82.1,76.37,-999.0,54.77,50.67,60.67,61.0,65.0,66.77,76.73,55.43,62.47,48.7,50.8,46.93,64.57,75.17,46.47,69.73,45.9,57.87,52.17,60.03,65.3,57.47,52.43,60.07,69.5,55.8,56.93,55.5,74.6,52.07,69.33,75.23,54.97,65.6,50.77,55.57,49.9,63.0,46.93
1966,27.07,74.23,71.97,75.1,70.67,59.43,55.03,61.4,79.37,73.57,-999.0,58.33,55.4,60.4,59.63,68.27,65.57,76.33,54.07,62.0,48.7,50.9,49.7,65.9,74.67,53.63,68.13,50.77,61.5,50.83,58.33,69.57,65.0,51.27,58.67,72.6,58.73,55.97,54.4,72.23,56.43,68.67,76.67,61.93,64.6,49.33,56.77,51.53,61.9,53.63
1967,34.73,78.37,74.7,71.57,62.4,58.2,52.33,60.8,83.57,78.5,-999.0,59.53,49.87,61.97,61.23,68.8,68.8,79.8,50.67,61.5,44.03,51.23,49.53,67.23,78.17,47.47,71.13,48.8,61.67,47.57,56.8,70.5,56.47,49.63,59.43,74.53,52.27,55.4,51.43,76.27,55.47,72.0,81.37,57.23,65.93,46.4,52.9,51.3,62.77,50.4
1968,33.07,74.6,70.37,70.7,67.93,54.63,58.8,63.93,81.33,75.83,-999.0,62.17,52.73,62.93,61.63,66.9,66.5,75.73,57.3,64.3,50.73,54.87,54.7,65.77,73.93,53.0,70.23,54.27,61.7,54.37,61.4,64.97,60.47,55.47,60.53,70.17,56.5,58.97,57.1,74.63,58.33,68.83,74.4,57.1,66.6,54.0,55.87,56.13,63.2,49.87
1969,35.67,72.9,69.8,72.23,67.33,56.2,57.07,62.9,78.53,73.5,-999.0,56.8,54.2,61.07,60.97,62.93,65.7,74.37,55.83,63.37,47.5,52.97,51.13,64.07,72.77,53.3,68.43,50.7,58.87,51.33,61.07,66.3,61.1,53.2,60.4,68.2,57.27,58.87,55.97,72.47,55.87,67.83,73.97,59.37,65.27,49.67,56.7,53.2,62.27,52.83
1970,33.8,75.67,71.03,70.0,66.9,54.07,56.03,61.4,81.1,76.33,-999.0,58.63,49.43,62.07,61.63,65.43,67.37,76.37,55.4,62.07,48.93,51.77,48.37,65.37,75.23,47.5,70.37,45.63,59.53,52.57,58.8,65.63,58.1,53.0,60.53,69.9,53.83,57.13,55.7,75.27,53.13,69.97,74.97,56.13,65.6,50.97,54.17,52.37,62.93,47.47
1971,26.13,72.77,70.33,71.7,64.33,55.63,54.6,61.17,80.23,73.43,-999.0,57.63,50.67,61.03,59.5,65.77,64.77,75.57,53.2,61.53,48.13,51.0,51.23,65.33,73.0,51.53,67.83,51.87,58.4,50.1,58.3,68.13,57.67,50.1,57.93,72.17,53.1,55.17,54.0,71.9,55.87,67.27,78.53,57.17,64.1,48.17,53.67,51.5,60.13,49.67
1972,25.9,75.2,73.43,76.83,70.13,60.13,55.1,60.9,81.1,74.87,-999.0,58.2,53.7,62.3,61.57,69.03,66.2,78.4,52.83,61.8,46.57,51.13,50.3,67.2,76.13,52.97,68.47,50.37,62.13,49.57,58.7,71.83,64.17,50.93,59.73,74.9,56.53,56.97,54.13,72.97,55.43,69.3,80.4,62.7,64.63,48.37,54.97,51.4,61.97,53.6
1973,31.5,73.97,70.37,67.77,66.53,52.27,58.1,62.9,80.93,74.23,-999.0,58.5,52.33,61.63,61.53,63.5,66.03,75.77,56.93,62.77,49.23,53.47,53.73,64.33,74.3,53.37,69.37,55.03,59.33,53.33,60.63,62.63,58.53,54.63,60.6,68.93,56.7,57.93,57.73,73.6,57.57,68.43,75.33,55.17,64.97,52.73,57.17,52.87,62.3,47.87
1974,33.33,77.3,74.17,74.23,66.63,59.63,57.27,64.73,83.07,77.77,-999.0,59.27,51.03,63.03,62.23,69.4,68.47,78.87,55.73,64.83,46.13,51.6,49.1,68.13,77.27,51.1,71.87,48.23,63.37,51.13,61.8,71.7,61.43,52.97,61.43,75.13,53.47,58.77,56.73,76.77,57.6,71.1,81.03,60.83,67.6,49.7,52.83,51.7,64.57,52.47
1975,31.2,74.23,69.67,67.53,62.83,53.6,56.27,61.17,82.63,75.07,-999.0,54.63,46.43,60.0,59.9,63.93,64.83,75.87,55.13,61.0,48.63,51.5,47.53,64.47,74.07,45.0,68.7,45.23,57.1,52.03,59.13,64.87,54.4,52.07,58.47,69.1,51.27,56.07,55.53,73.73,51.2,67.87,76.3,52.9,63.87,50.53,52.3,50.3,60.57,46.37
1976,31.77,74.6,71.5,71.23,66.73,56.33,59.37,65.93,81.67,76.17,-999.0,60.47,51.13,64.37,64.6,65.97,68.4,76.8,58.23,65.83,49.77,53.93,54.63,66.9,74.6,53.8,72.23,54.23,60.9,54.27,63.23,67.13,60.27,54.77,63.3,71.03,54.57,60.3,58.57,75.9,59.0,70.07,76.37,57.83,68.73,52.67,53.87,54.47,65.43,51.73
1977,28.93,77.7,75.47,70.3,64.7,57.5,61.0,67.77,82.67,78.13,-999.0,66.07,52.3,68.87,68.37,69.43,71.77,78.7,59.83,67.9,52.4,60.0,60.13,70.7,78.0,55.7,73.03,61.33,63.73,56.8,65.33,66.47,57.73,58.03,66.63,73.57,54.3,63.33,60.17,77.07,61.77,73.47,76.8,57.83,70.17,55.73,55.33,61.23,67.67,52.87
1978,35.53,74.4,70.97,71.7,66.43,57.17,54.93,60.67,81.1,75.37,-999.0,56.57,52.13,58.93,58.17,65.23,64.57,77.03,53.93,60.77,48.27,51.43,52.17,63.17,74.47,50.87,68.37,51.7,58.93,50.83,57.8,68.97,59.33,51.23,57.1,71.4,55.2,55.23,54.33,73.67,54.27,68.27,79.2,58.47,63.73,49.77,55.0,52.97,60.53,51.43
1979,35.1,74.9,70.47,70.37,67.13,54.93,58.33,64.1,81.0,75.77,-999.0,55.4,52.87,60.13,60.47,64.8,66.17,76.47,56.77,63.83,50.63,51.3,46.3,64.17,74.5,50.0,70.13,44.1,58.5,53.4,61.63,65.83,60.5,54.6,60.57,69.67,56.43,58.6,57.53,74.53,53.07,68.57,75.73,57.3,66.33,53.03,57.1,49.9,63.27,51.07
1980,35.43,73.0,69.7,69.0,65.0,52.9,57.83,63.1,80.9,73.93,-999.0,59.13,52.57,60.07,59.0,63.47,64.17,75.33,56.03,63.07,49.87,52.5,55.1,64.13,72.6,55.43,69.0,57.7,59.4,52.77,61.07,65.3,57.97,53.97,58.53,70.0,55.03,57.67,56.73,72.97,59.5,67.03,76.63,55.8,65.17,51.97,55.67,54.3,61.5,50.8
1981,38.6,75.33,72.43,72.3,67.67,57.73,58.77,63.13,81.67,75.97,-999.0,62.9,53.4,63.27,61.73,68.37,66.37,77.67,57.6,63.5,51.5,54.23,56.23,67.43,75.83,55.77,70.07,57.9,64.03,54.87,61.6,67.43,60.8,55.23,59.9,72.4,55.7,58.53,57.67,75.23,62.43,69.3,76.27,59.2,65.77,53.7,56.07,55.7,62.0,54.13
1982,30.5,75.53,72.03,70.67,65.2,55.97,57.5,63.07,81.63,75.83,-999.0,56.67,50.0,61.87,61.97,65.37,68.1,77.23,55.97,63.53,49.1,52.5,50.47,66.03,75.8,48.5,70.43,48.5,58.83,52.37,60.57,66.9,58.03,53.8,61.47,70.43,53.7,58.53,56.47,74.8,53.93,70.1,76.43,56.77,66.6,51.63,54.4,52.23,64.5,50.17
1983,34.93,71.37,67.43,68.3,63.9,51.23,56.03,62.23,78.43,72.73,-999.0,54.0,51.3,58.03,58.63,60.3,63.1,73.87,54.7,61.7,48.4,50.2,49.83,61.07,71.23,51.93,67.53,49.1,54.9,51.17,59.57,63.63,55.93,52.13,58.8,66.53,54.93,56.27,55.1,71.93,52.43,65.47,75.07,54.1,63.57,49.47,57.9,49.67,60.33,47.7
1984,33.2,73.63,69.23,74.87,69.73,54.13,53.9,59.77,80.3,74.4,-999.0,53.2,49.7,56.37,55.83,60.9,62.37,77.07,52.87,59.67,47.13,49.83,50.5,60.33,73.9,52.23,67.47,51.1,55.27,50.07,57.1,68.4,60.6,49.7,55.0,68.67,53.77,53.37,53.5,72.9,53.4,66.3,78.9,57.67,62.6,48.57,53.7,50.67,58.73,49.4
1985,29.4,76.9,73.6,73.27,68.33,58.13,60.57,67.17,82.7,77.37,-999.0,63.73,53.47,66.17,65.77,69.27,69.37,79.23,58.57,67.17,49.87,56.43,57.0,68.53,77.07,56.03,73.03,58.3,65.8,54.37,64.33,68.0,62.03,56.3,64.83,72.93,56.53,61.67,59.07,76.97,62.6,71.23,78.43,59.93,69.5,53.0,56.33,58.1,66.0,55.13
1986,29.97,76.87,73.8,74.63,69.27,59.6,60.07,65.7,81.27,77.7,-999.0,62.03,55.3,66.07,64.27,70.67,69.4,78.37,58.33,65.73,52.07,56.4,55.0,69.2,76.83,55.77,71.9,55.57,63.4,55.9,63.37,69.63,63.03,57.27,63.4,73.53,57.53,60.93,58.2,76.83,58.03,71.57,79.7,60.83,67.83,55.5,56.37,57.0,65.03,54.7
1987,33.9,75.6,74.67,72.1,70.07,57.07,59.1,63.53,79.47,74.8,-999.0,65.03,57.83,67.27,65.83,67.8,69.4,77.83,56.83,64.47,52.63,58.3,59.77,70.0,76.37,57.83,69.03,57.63,63.27,55.07,62.03,65.27,62.6,57.17,64.0,72.73,59.7,60.83,57.17,73.83,60.5,71.3,75.53,60.5,65.7,54.63,58.83,59.57,64.43,55.63
1988,34.43,75.37,72.77,73.07,68.87,57.17,57.13,62.6,80.53,75.6,-999.0,63.87,54.8,65.1,63.77,67.5,67.9,77.6,55.57,63.4,50.3,55.47,56.73,68.33,75.97,57.4,69.83,58.33,63.6,52.77,60.47,67.83,61.63,54.27,61.37,71.2,56.87,58.57,55.83,74.83,61.07,70.37,77.93,59.37,66.23,51.87,56.37,57.3,63.4,54.13
1989,34.27,74.27,71.53,78.67,70.23,61.1,57.37,61.97,82.6,75.17,-999.0,59.17,53.53,61.27,60.5,69.23,66.17,76.8,55.6,62.03,48.93,51.37,50.3,66.27,74.27,50.5,68.5,50.87,62.77,52.13,59.73,73.8,64.37,52.4,58.63,72.63,56.27,56.6,55.9,73.4,55.6,68.57,79.83,63.43,64.47,50.8,55.53,51.6,61.57,54.07
1990,38.43,75.37,70.1,73.37,69.17,57.1,57.57,64.13,82.73,76.67,-999.0,58.93,55.13,61.47,61.07,64.53,66.3,76.93,55.77,64.47,49.37,54.23,53.4,64.4,74.7,53.87,71.07,54.9,60.03,53.0,61.37,67.53,62.8,54.57,60.67,69.5,58.17,59.1,56.13,75.83,57.73,68.37,76.33,61.0,66.9,51.83,57.1,54.83,63.63,52.57
1991,35.3,75.97,73.43,69.53,63.3,56.83,62.17,67.2,82.73,76.93,-999.0,61.93,50.17,66.43,65.53,69.17,69.87,77.6,60.67,67.33,52.43,57.37,55.33,69.3,75.63,51.97,72.03,55.47,62.7,56.77,64.83,68.2,55.8,57.93,64.97,73.77,52.07,62.43,61.3,75.83,58.6,71.27,79.63,56.0,68.8,55.2,53.77,56.8,66.83,50.93
1992,31.7,74.43,71.6,73.07,71.2,60.63,55.73,60.7,79.9,74.3,-999.0,59.5,60.63,62.63,60.97,67.9,65.73,76.53,54.13,61.37,48.5,52.0,52.63,66.5,74.83,58.97,68.07,55.8,63.73,51.07,58.47,67.97,66.37,51.87,59.53,71.53,63.03,56.37,54.83,72.93,60.67,68.23,76.3,63.97,63.87,49.8,61.37,52.8,60.73,58.07
1993,38.63,71.63,67.8,74.3,68.6,56.67,57.3,62.0,78.9,72.9,-999.0,54.47,53.6,59.47,59.47,61.93,64.3,73.57,55.8,62.03,50.4,51.53,50.7,61.83,71.23,55.17,68.1,53.03,57.73,53.5,60.03,68.7,62.4,53.2,58.6,67.7,56.13,57.53,56.3,72.13,55.23,66.13,75.97,60.1,64.17,51.73,56.4,51.47,61.17,52.33
1994,33.27,76.0,72.37,73.5,69.13,59.7,57.77,64.47,82.73,76.9,-999.0,61.73,57.23,63.3,61.8,68.93,66.7,76.97,56.17,64.2,47.93,53.83,54.53,66.8,75.97,56.8,71.2,55.53,64.6,51.93,61.4,68.73,63.57,52.83,60.07,72.33,59.37,57.4,57.17,76.27,60.3,69.57,77.47,62.37,67.03,50.43,58.93,55.33,62.7,56.6
1995,35.17,76.6,71.5,69.93,64.3,53.33,57.47,65.1,82.67,77.8,-999.0,56.2,51.27,61.7,62.27,61.63,68.4,77.23,55.43,64.93,48.33,52.37,49.87,64.73,76.23,50.37,71.8,47.87,55.37,51.77,61.8,66.67,56.87,53.63,60.73,68.43,54.9,58.57,56.67,77.2,51.13,71.23,76.37,56.3,67.63,50.57,56.93,52.17,63.97,48.63
1996,36.87,73.97,70.4,76.4,69.7,58.73,56.3,61.17,79.9,74.4,-999.0,55.17,51.8,58.93,58.4,65.8,64.67,76.33,54.7,61.27,47.83,48.9,46.6,63.57,74.17,47.9,68.5,45.2,57.7,50.93,58.87,71.73,62.53,51.17,57.47,72.2,55.67,55.87,55.77,73.37,50.77,67.6,79.33,61.3,64.17,49.4,53.97,48.7,60.87,50.37
1997,34.97,74.93,70.87,75.9,72.53,57.3,55.4,62.8,82.2,75.93,-999.0,56.53,53.7,60.5,59.6,65.67,64.87,76.2,53.4,62.77,45.7,49.73,48.6,64.4,74.6,51.67,69.93,48.43,59.43,48.8,59.8,68.03,64.33,50.7,58.43,70.07,57.9,56.2,54.8,75.03,53.2,68.17,75.17,61.07,64.97,47.4,55.43,50.67,61.0,51.87
1998,38.0,74.8,71.77,69.3,62.8,56.83,60.57,65.4,81.17,74.97,-999.0,58.7,52.57,62.97,63.37,64.5,66.93,77.3,58.93,65.5,53.5,57.5,56.2,64.87,75.07,54.23,69.83,53.53,58.97,56.67,63.27,67.33,56.73,57.83,62.93,70.3,54.0,61.33,59.07,73.87,55.6,68.73,78.67,57.53,66.57,55.93,56.5,57.57,64.07,52.13
1999,32.13,75.9,71.2,72.43,65.3,56.73,59.3,64.07,82.6,76.33,-999.0,59.17,51.53,62.6,62.4,65.03,67.07,78.6,57.83,64.1,52.8,56.23,54.63,65.07,76.27,53.57,69.7,53.27,60.13,54.7,61.7,68.13,59.07,55.07,61.87,70.2,53.7,59.13,58.9,74.27,57.3,69.23,77.9,58.47,66.33,53.3,54.27,56.73,63.7,51.67
2000,34.0,77.27,72.57,76.87,70.03,60.83,59.43,65.8,83.6,77.8,-999.0,63.9,55.47,65.67,64.87,68.53,69.27,79.3,57.7,66.37,50.4,56.93,56.73,68.53,77.13,56.03,72.27,56.53,64.53,54.03,63.13,72.63,64.3,55.9,63.6,72.6,57.53,61.43,58.23,76.97,60.57,70.93,81.0,63.2,68.7,52.5,56.23,57.63,66.1,55.6
2001,31.43,74.07,72.0,75.2,70.83,58.5,57.7,63.5,81.7,75.4,-999.0,58.2,55.4,64.17,63.67,67.03,67.5,77.03,55.93,63.47,50.63,54.9,51.8,66.67,74.87,55.33,70.0,53.37,60.5,52.9,60.9,69.63,64.2,53.77,61.33,71.2,58.1,58.03,56.97,74.9,55.87,69.13,76.77,62.1,65.97,51.37,56.3,54.7,62.8,54.23
2002,35.4,76.27,70.37,75.97,68.4,59.57,58.97,66.53,84.03,77.83,-999.0,57.0,51.77,60.63,60.57,66.4,67.4,77.77,57.47,66.17,48.7,50.47,47.53,64.67,75.77,47.0,72.07,46.4,58.8,52.8,63.27,72.07,62.1,53.87,60.43,70.4,55.73,59.37,58.37,76.6,52.23,69.73,78.7,61.47,68.0,51.23,53.1,50.1,64.1,50.73
2003,34.6,75.27,72.33,73.1,66.37,58.9,56.13,62.0,82.97,75.33,-999.0,59.17,53.43,63.27,63.1,67.13,68.23,77.73,54.53,62.5,47.7,52.8,53.1,66.5,75.77,53.03,69.4,52.27,61.57,51.3,59.1,70.17,60.87,53.2,61.93,72.77,55.23,58.13,54.9,73.23,57.4,70.2,79.43,60.57,65.8,50.6,55.13,53.5,64.13,53.73
2004,35.8,77.27,73.27,76.43,72.7,61.33,59.17,66.9,81.93,78.33,-999.0,62.13,56.43,65.73,65.07,69.9,69.33,78.23,57.53,66.7,50.7,54.53,53.3,67.93,76.67,55.8,72.57,53.2,64.9,54.37,63.87,69.93,65.57,56.1,63.1,73.6,59.7,61.2,57.8,77.73,60.5,71.47,77.97,63.47,68.97,53.43,59.07,54.73,65.9,55.8
2005,38.03,73.6,71.53,73.0,67.53,57.8,55.93,61.47,79.43,73.3,-999.0,60.57,54.0,63.23,61.47,67.63,65.9,76.77,54.17,61.77,47.77,53.47,53.23,66.43,74.17,54.23,67.97,54.17,62.17,51.0,59.7,67.4,60.67,52.8,59.03,71.27,56.8,56.83,54.33,72.63,58.27,68.27,77.03,59.7,63.9,50.33,58.3,54.27,60.93,52.9
2006,31.7,77.6,74.77,74.23,65.37,60.7,58.63,66.17,83.33,77.5,-999.0,61.13,54.1,64.5,63.0,70.73,68.03,80.07,57.0,65.97,51.87,56.5,55.5,68.7,77.87,55.1,71.33,55.67,63.93,53.6,63.67,72.03,60.3,55.2,61.8,76.23,55.9,60.1,57.63,76.03,59.47,71.13,82.4,60.97,67.93,52.57,56.3,56.73,64.0,55.27
2007,32.13,77.7,74.27,76.13,72.0,59.4,58.03,64.87,82.13,77.83,-999.0,61.8,57.43,66.5,65.83,68.03,70.9,78.1,56.27,65.0,48.83,56.17,55.17,69.17,77.9,56.27,72.13,54.87,63.87,52.2,62.4,68.6,65.93,53.77,63.4,71.6,59.73,59.4,57.1,76.57,59.9,73.27,76.4,63.4,68.23,50.57,57.03,57.03,65.63,56.27
2008,33.13,75.4,71.03,73.57,68.87,56.43,58.37,64.73,81.77,75.6,-999.0,55.77,50.4,60.2,60.17,65.37,65.8,77.83,56.67,64.67,49.77,52.63,49.27,63.83,75.67,51.73,70.2,52.27,59.07,53.2,61.97,69.4,60.47,54.7,59.47,72.1,54.2,58.53,57.7,74.47,54.97,68.67,79.8,57.93,66.53,52.4,53.73,51.37,63.2,49.57
2009,32.73,74.47,70.37,75.4,69.97,58.23,58.77,64.33,81.93,74.33,-999.0,59.1,52.83,63.3,63.6,66.1,67.43,77.07,57.53,64.3,51.1,54.03,51.57,65.43,75.1,51.97,69.77,48.03,60.7,54.47,62.07,70.23,62.83,56.03,63.1,70.93,56.07,60.3,57.73,73.57,55.07,68.9,78.97,61.1,66.2,53.37,54.5,54.13,64.3,52.5
2010,35.2,75.17,73.33,70.97,64.5,56.57,63.43,68.3,80.2,75.87,-999.0,62.2,51.1,66.57,66.33,66.8,69.73,78.07,62.0,68.0,55.87,60.43,58.93,67.67,76.03,53.23,72.37,54.47,60.93,58.77,66.53,67.7,57.4,60.3,65.27,71.5,53.57,63.8,62.53,75.87,57.57,70.87,77.23,57.07,69.8,57.73,54.67,60.73,66.93,51.3
2011,34.73,77.23,72.23,73.67,64.97,56.97,58.17,66.07,84.53,78.3,-999.0,57.6,48.77,62.27,62.27,67.03,67.73,80.17,56.73,65.63,49.03,51.97,49.7,65.5,77.43,47.9,71.73,45.87,58.63,52.7,62.93,72.0,57.73,54.3,61.07,73.8,51.0,59.13,57.47,76.53,51.2,70.3,83.23,56.77,67.77,51.7,51.4,51.37,64.43,48.9
2012,31.9,79.73,78.37,76.53,69.13,63.67,63.03,69.27,84.6,80.23,-999.0,68.33,55.3,71.33,70.8,74.8,74.0,81.6,61.8,69.33,54.23,61.03,60.03,74.23,80.4,57.43,74.23,60.0,70.07,58.3,66.57,72.97,64.5,60.57,68.17,77.47,56.3,65.13,61.97,78.63,65.63,75.77,82.4,64.17,71.37,57.6,54.83,61.7,69.27,58.77
2013,30.43,72.07,68.47,75.93,71.9,56.5,57.63,62.77,79.8,72.47,-999.0,53.73,54.27,59.3,60.07,63.43,64.13,74.87,56.97,62.53,50.87,51.4,46.13,61.77,72.17,51.97,67.1,45.03,57.93,54.07,60.57,70.43,63.93,54.17,59.97,68.67,57.9,57.77,57.7,71.2,52.27,65.83,78.03,60.53,64.03,52.67,56.43,49.17,61.23,51.6
2014,37.47,74.0,69.53,75.07,71.7,57.97,56.13,63.17,81.1,74.8,-999.0,57.1,55.27,61.3,61.27,67.43,67.73,74.93,55.03,62.83,47.17,50.27,48.27,65.5,73.73,52.5,70.0,49.57,61.07,50.97,60.13,69.2,63.93,52.53,60.47,71.93,58.83,57.37,55.93,74.23,55.4,69.4,77.7,61.27,66.0,49.4,57.17,49.73,63.63,53.27
2015,38.43,76.37,70.4,73.83,71.23,58.2,58.2,64.9,84.57,77.43,-999.0,61.17,57.53,63.5,62.77,67.87,68.3,77.8,57.1,64.9,50.07,54.47,55.13,66.77,76.07,56.93,71.33,56.0,63.43,53.67,62.33,67.9,64.03,54.8,61.93,70.63,60.27,59.6,57.3,75.83,60.53,70.6,75.8,61.43,67.63,52.23,59.93,55.97,65.13,54.53
2016,40.53,76.43,72.63,74.4,69.63,57.63,60.37,65.1,83.03,77.53,-999.0,61.57,56.43,64.67,64.2,69.27,69.07,78.2,58.53,65.1,50.7,54.9,55.77,68.23,76.53,56.83,71.9,57.33,63.57,55.2,63.63,69.37,62.47,56.4,63.13,73.17,59.57,61.1,58.97,76.5,60.8,71.5,78.57,60.6,67.8,53.67,60.03,56.03,65.97,53.5
2017,34.5,77.63,73.83,76.53,70.0,60.0,57.2,65.3,83.8,78.3,-999.0,59.3,54.27,64.27,64.0,68.27,69.57,79.0,55.33,65.07,48.0,53.7,52.73,68.07,77.5,55.47,72.1,53.67,62.23,51.5,61.63,71.6,63.47,53.7,62.9,74.03,56.53,59.3,56.37,76.77,58.33,71.93,80.5,62.13,67.83,50.4,55.0,53.63,65.0,54.87
2018,35.93,75.43,73.07,76.77,68.53,60.97,57.27,63.27,81.2,75.2,-999.0,57.63,54.67,62.33,61.77,69.0,66.6,78.9,55.87,62.97,50.4,52.53,51.83,66.13,76.07,52.2,69.2,50.87,60.47,52.83,60.47,72.87,62.13,52.47,60.23,74.17,57.57,57.13,56.9,73.63,54.4,68.9,81.2,62.07,65.43,50.5,57.33,53.3,62.23,54.57
2019,40.67,76.23,70.7,71.83,66.57,55.17,56.7,66.27,83.13,77.93,-999.0,55.83,52.93,60.87,60.97,63.73,67.93,76.53,55.4,65.93,47.3,50.87,48.63,64.57,75.23,49.77,72.2,48.43,56.43,51.03,62.57,67.6,59.13,53.0,61.13,69.77,56.27,59.23,56.27,76.47,50.3,70.37,76.1,57.13,68.43,49.67,56.47,50.67,65.2,49.17
2020,36.4,76.43,70.97,75.1,68.43,60.07,57.63,63.9,84.57,77.1,-999.0,58.6,54.5,61.47,61.33,66.93,66.43,78.8,56.7,63.8,50.27,52.83,51.9,65.07,76.63,52.2,69.97,51.8,60.9,53.3,61.4,71.43,62.77,54.43,60.4,72.2,57.73,58.37,57.1,74.73,56.4,68.77,79.93,62.0,66.03,52.4,56.5,53.13,62.6,53.23
2021,33.87,75.7,71.3,75.1,70.57,57.57,59.93,66.87,82.43,76.63,-999.0,60.83,55.1,63.97,64.27,66.27,68.13,76.2,59.17,66.47,53.3,56.83,55.8,66.3,75.57,54.53,71.5,56.97,61.9,55.87,64.03,69.43,62.8,56.73,63.67,70.67,58.7,61.07,59.8,75.6,59.13,69.97,77.13,61.43,68.1,54.43,57.97,56.67,65.03,52.7
