Year,AL,AZ,AR,CA,CO,CT,DE,FL,GA,ID,IL,IN,IA,KS,KY,LA,ME,MD,MA,MI,MN,MS,MO,MT,NE,NV,NH,NJ,NM,NY,NC,ND,OH,OK,OR,PA,RI,SC,SD,TN,TX,UT,VT,VA,WA,WV,WI,WY,AK,HI,PR,VI
1900,2.127,0.636,3.228,1.468,14.622,39.0,-999.0,0.0,2.269,13.663,33.761,25.048,51.535,13.249,14.018,0.829,64.531,-999.0,31.809,58.088,87.459,1.799,15.603,28.069,31.883,1.761,50.345,19.754,-999.0,48.98,3.308,86.811,32.055,-999.0,4.493,33.895,25.0,0.913,49.509,8.356,1.466,8.102,67.057,13.168,9.397,20.099,67.621,34.376,-999.0,-999.0,-999.0,
1901,4.806,2.638,6.011,1.725,24.503,54.0,-999.0,0.0,3.288,21.012,40.092,32.237,52.773,20.118,13.31,0.428,73.26,-999.0,48.33,69.582,86.165,3.529,18.383,40.637,36.479,7.726,63.698,34.899,-999.0,62.886,6.25,84.092,41.254,-999.0,7.815,42.174,43.0,1.346,49.914,9.872,3.61,11.254,66.57,20.073,10.68,31.157,70.898,26.722,-999.0,-999.0,-999.0,
1902,1.178,1.72,6.684,1.753,19.943,40.0,-999.0,0.0,0.598,21.914,44.703,35.727,57.109,27.607,20.054,0.277,62.121,-999.0,37.345,56.32,73.355,1.734,26.201,47.282,42.92,5.827,51.718,27.109,1.427,55.038,3.41,75.646,40.808,-999.0,7.709,42.184,36.0,0.755,54.835,11.855,1.824,17.656,61.015,20.19,18.935,36.153,61.364,29.699,-999.0,-999.0,-999.0,
1903,1.791,0.735,2.662,2.126,25.871,39.0,-999.0,0.0,0.653,26.127,43.289,31.201,54.386,16.321,14.444,0.082,62.053,-999.0,38.206,65.038,89.329,0.72,19.995,47.031,33.291,10.548,41.743,22.273,1.427,57.52,1.915,94.697,41.212,5.657,5.652,39.428,31.0,0.25,61.248,4.223,1.358,22.872,61.999,15.656,16.021,31.687,69.115,46.454,-999.0,-999.0,-999.0,
1904,0.676,0.665,2.698,1.688,13.45,67.0,-999.0,0.0,0.94,18.063,45.861,37.205,62.015,17.789,14.052,0.065,86.351,38.0,65.117,87.647,89.564,0.582,23.608,42.63,31.942,6.71,81.709,39.681,1.427,80.377,5.821,94.015,49.183,6.564,3.705,60.078,60.0,1.163,57.089,2.854,0.845,13.344,87.976,23.144,8.883,25.595,82.609,36.014,-999.0,-999.0,-999.0,
1905,5.554,2.312,9.065,1.938,27.078,48.0,-999.0,0.0,3.199,23.354,44.132,31.396,56.007,28.133,23.44,1.461,62.878,38.0,47.714,63.852,73.324,3.81,31.823,46.101,41.506,18.66,55.367,25.521,9.249,55.483,6.379,77.662,39.558,21.995,7.85,40.425,35.0,2.198,59.444,12.635,5.737,19.526,68.991,20.673,15.132,20.359,66.246,40.544,97.0,-999.0,-999.0,
1906,0.483,2.562,2.604,1.98,21.605,30.0,-999.0,0.0,0.321,28.897,34.169,24.117,51.236,17.508,12.863,0.33,58.738,27.0,35.762,52.961,83.546,0.896,20.419,47.26,33.931,15.505,48.704,14.48,5.281,49.037,2.349,95.66,30.497,2.934,6.077,31.1,25.0,0.266,61.755,4.838,1.616,21.473,49.779,10.837,13.375,14.637,62.209,39.847,135.0,-999.0,-999.0,
1907,0.367,2.02,2.221,1.737,14.524,41.0,-999.0,0.0,0.266,26.14,22.8,18.586,43.419,14.981,9.678,0.085,54.517,29.0,45.377,54.381,74.169,0.927,11.535,41.729,33.015,8.085,47.031,24.109,1.319,50.778,2.235,86.403,27.251,-999.0,8.585,32.395,34.0,0.297,49.345,3.763,0.808,9.076,58.854,13.247,23.038,14.873,53.892,28.515,130.0,-999.0,-999.0,
1908,0.176,2.272,0.754,1.724,18.903,32.0,-999.0,0.0,0.159,20.12,22.779,14.718,38.235,5.561,6.354,0.091,62.237,29.0,31.74,54.562,73.538,0.42,6.501,37.897,17.576,8.133,45.939,17.518,1.814,50.018,1.199,93.929,23.399,1.118,5.512,33.415,22.0,0.231,49.118,1.778,0.548,15.087,61.879,9.066,9.695,11.91,60.662,34.724,156.0,-999.0,-999.0,
1909,1.26,2.039,6.901,1.655,33.729,33.0,-999.0,0.0,1.252,30.829,37.927,28.833,58.585,29.629,17.142,0.86,57.805,36.0,36.341,58.195,83.022,2.431,26.074,50.953,46.837,16.509,43.343,18.796,5.821,48.384,3.02,96.07,33.827,12.918,12.709,35.916,28.0,1.04,67.395,8.298,4.082,26.791,44.899,11.535,27.595,17.805,65.114,52.121,140.0,-999.0,-999.0,
1910,0.294,2.358,3.118,1.765,18.505,41.0,-999.0,0.0,0.139,36.596,36.029,29.424,55.66,14.64,15.107,0.082,49.448,36.0,36.971,62.755,88.595,0.91,14.47,38.753,30.465,22.334,44.301,22.337,2.022,52.444,1.502,89.242,41.114,6.493,7.915,44.09,30.0,0.146,58.64,5.46,1.05,23.355,57.966,12.232,15.055,20.688,75.326,28.116,113.0,-999.0,-999.0,
1911,1.317,1.92,2.547,2.07,27.018,30.0,-999.0,0.0,0.549,34.607,22.377,15.072,44.08,20.946,8.254,0.71,56.087,24.0,32.647,46.863,82.633,1.128,11.671,46.674,31.385,14.185,35.326,9.433,7.967,45.419,0.861,102.011,18.94,12.204,6.055,21.622,26.0,0.199,54.838,2.467,1.997,20.926,57.503,6.354,13.434,10.401,54.798,43.19,134.0,-999.0,-999.0,
1912,1.961,1.435,5.731,1.58,28.071,46.0,-999.0,0.0,2.344,22.767,51.84,40.079,67.094,29.93,21.732,0.615,66.426,46.0,48.126,75.273,87.054,1.968,30.32,40.732,46.057,7.274,58.038,34.041,3.442,60.59,4.645,88.928,46.226,10.535,6.079,46.289,42.0,1.455,62.132,8.203,1.652,14.679,67.929,23.993,11.59,30.374,77.082,57.378,132.0,-999.0,-999.0,
1913,0.176,6.121,2.302,2.249,37.436,20.0,-999.0,0.0,0.085,40.428,31.623,21.216,49.303,29.45,10.664,0.082,46.854,24.0,23.726,51.396,77.117,0.395,19.274,54.17,42.448,15.059,32.997,10.663,5.933,36.223,0.419,81.868,25.853,14.825,7.567,22.404,19.0,0.0,51.361,1.166,1.904,24.458,50.787,3.627,21.41,12.551,60.95,54.976,156.0,-999.0,-999.0,
1914,1.838,1.279,3.104,1.748,23.394,54.0,-999.0,0.0,0.81,29.142,42.944,34.768,54.734,21.828,21.18,0.177,73.816,47.0,52.955,68.1,78.814,1.267,21.291,42.609,35.982,13.933,55.987,27.381,1.659,59.497,4.172,90.777,44.287,5.379,8.257,47.849,53.0,0.486,56.477,5.403,0.934,16.249,73.454,21.633,14.64,32.032,69.413,38.398,153.0,-999.0,-999.0,
1915,0.176,1.942,2.143,1.623,24.666,26.0,-999.0,0.0,0.085,27.532,28.627,20.208,50.147,15.972,6.911,0.231,51.348,30.0,30.016,58.114,78.403,1.152,14.906,38.797,44.021,5.824,35.914,11.912,1.712,45.397,0.652,94.83,28.122,2.905,5.774,30.418,35.0,0.087,64.556,1.601,0.589,17.162,52.007,7.903,12.861,15.871,59.531,39.681,151.0,-999.0,-999.0,
1916,2.226,4.726,6.033,2.168,33.207,50.0,-999.0,0.0,0.637,50.959,41.619,28.931,59.782,31.183,16.9,0.279,78.762,37.0,62.39,70.197,90.731,1.839,25.14,59.442,47.897,22.935,69.405,30.939,3.342,62.14,1.225,101.298,41.681,13.669,16.328,43.074,-999.0,0.047,69.372,7.684,2.224,24.081,67.95,13.534,38.006,21.267,73.181,53.213,142.0,-999.0,-999.0,
1917,3.803,3.165,12.155,2.26,26.691,51.0,-999.0,0.0,4.348,36.978,41.893,32.997,61.861,22.065,23.32,1.066,75.862,39.0,55.464,74.075,92.12,5.022,26.19,57.657,39.481,26.174,63.34,27.244,4.516,60.283,9.322,101.846,43.446,13.215,4.808,43.518,-999.0,4.057,70.061,15.647,2.73,26.33,74.471,22.814,13.394,29.909,81.052,49.155,147.0,-999.0,-999.0,
1918,2.066,4.121,11.261,1.648,35.061,36.0,-999.0,0.125,2.435,31.447,40.718,34.102,47.648,30.075,22.786,1.098,73.269,43.0,54.238,56.185,66.916,3.668,30.846,43.251,39.681,10.569,58.713,30.407,10.998,49.169,6.801,70.259,37.643,12.555,5.884,36.032,44.0,1.948,51.745,14.044,4.014,20.16,62.999,20.322,11.59,27.386,59.253,51.069,156.0,-999.0,-999.0,
1919,1.865,4.654,4.263,1.702,29.3,22.0,-999.0,0.0,1.076,43.362,32.594,20.499,50.363,23.554,7.269,0.468,52.027,31.0,29.598,55.729,76.744,2.052,15.978,60.023,39.59,11.595,38.96,10.992,4.516,41.093,1.995,109.055,26.842,8.163,11.323,27.868,22.0,0.43,58.359,4.234,1.664,19.322,55.519,8.276,22.677,16.255,63.603,43.422,163.0,-999.0,-999.0,
1920,0.326,3.635,1.355,1.564,22.612,-999.0,-999.0,0.0,0.205,24.421,38.619,30.192,55.152,18.268,14.804,0.075,73.648,45.0,45.294,73.422,89.262,0.687,20.077,49.781,34.736,6.204,51.661,25.397,3.755,55.85,3.198,96.396,39.254,8.06,5.33,42.47,36.0,0.3,56.236,6.271,0.936,18.581,65.007,16.387,11.145,26.027,80.132,41.264,155.0,-999.0,-999.0,
1921,0.097,1.268,0.811,1.898,13.325,-999.0,-999.0,0.0,0.121,25.547,16.479,10.117,32.813,8.721,3.512,0.08,65.083,24.0,26.441,42.242,77.037,0.364,7.347,41.656,21.286,7.101,37.335,6.737,0.847,33.437,0.534,89.316,15.868,1.968,6.365,18.094,13.0,0.074,42.118,0.446,0.41,9.379,47.51,5.144,15.41,8.41,55.784,33.661,146.0,-999.0,-999.0,
1922,0.367,2.878,1.775,2.002,19.816,42.0,-999.0,0.0,0.169,52.661,26.837,20.359,42.804,16.211,6.345,0.08,72.753,27.0,41.653,55.654,78.059,0.42,15.234,63.626,30.353,23.451,50.371,19.084,2.534,45.357,2.823,96.112,28.726,6.347,11.513,31.905,26.0,1.023,64.245,1.426,1.919,26.145,57.511,12.459,31.148,13.367,61.14,54.711,151.0,-999.0,-999.0,
1923,0.176,3.497,1.442,1.689,17.754,52.0,-999.0,0.0,0.172,29.342,18.489,12.678,36.495,6.303,5.876,0.277,74.322,23.0,49.212,54.486,76.46,0.524,7.295,39.832,20.149,16.357,59.051,18.661,4.856,48.823,0.906,83.412,20.813,1.968,4.883,24.392,41.0,0.043,39.561,2.766,1.477,19.142,66.503,7.499,12.229,13.411,63.909,44.651,140.0,-999.0,-999.0,
1924,2.9,1.982,6.975,2.112,34.82,48.0,-999.0,0.0,0.977,35.258,44.759,33.685,61.983,28.303,15.975,0.28,69.313,39.0,44.827,70.734,80.874,2.239,29.176,46.812,49.006,25.956,49.429,19.848,5.638,53.367,1.99,83.942,41.192,13.101,13.986,40.071,28.0,0.321,65.269,7.414,3.37,26.44,68.032,16.811,26.319,23.483,76.951,54.102,161.0,-999.0,-999.0,
1925,0.886,1.256,2.711,1.418,21.567,33.0,-999.0,0.0,0.731,15.092,30.158,21.138,52.215,16.822,8.33,0.186,49.411,31.0,34.328,62.27,86.467,1.254,16.459,32.205,33.491,2.734,40.658,16.889,2.021,38.247,1.943,87.327,27.36,7.4,2.881,30.826,29.0,0.641,54.708,3.338,1.983,16.301,43.585,9.233,6.019,11.803,73.904,31.968,143.0,-999.0,-999.0,
1926,0.594,2.571,1.809,1.434,19.726,47.0,-999.0,0.0,0.339,27.209,32.963,26.955,50.067,11.911,8.885,0.083,75.554,43.0,47.959,71.594,93.158,0.845,13.455,36.803,26.366,9.361,58.303,20.411,4.203,55.803,0.679,90.66,39.654,7.709,5.761,39.545,37.0,0.008,49.022,2.11,1.884,17.527,79.025,12.58,12.905,25.995,81.078,32.432,120.0,-999.0,-999.0,
1927,1.664,1.416,1.585,1.611,18.261,32.0,-999.0,0.0,0.168,31.068,26.033,17.343,42.814,16.902,7.319,0.082,42.977,34.0,28.001,51.453,81.784,0.622,15.412,57.597,34.301,9.38,34.294,11.546,2.817,43.504,1.69,91.572,26.405,9.173,7.087,28.702,22.0,0.23,60.445,3.34,1.398,13.71,51.56,10.082,19.464,17.443,60.814,40.157,168.0,-999.0,-999.0,
1928,2.953,1.632,3.168,1.612,17.628,37.0,-999.0,0.0,2.262,30.167,21.864,18.515,31.008,6.796,8.738,0.76,51.036,29.0,32.194,48.432,64.68,2.166,9.571,39.418,18.288,10.265,32.29,12.577,2.167,41.819,3.23,72.061,23.813,2.554,5.164,25.566,23.0,1.682,34.596,4.254,1.803,16.441,52.064,8.538,15.671,15.015,48.359,45.348,142.0,-999.0,-999.0,
1929,1.54,2.894,5.969,1.741,33.624,44.0,-999.0,0.0,1.016,46.063,45.611,37.208,69.17,29.132,18.326,0.277,66.537,34.0,48.831,71.681,92.684,2.586,26.321,60.235,49.014,8.823,49.303,19.908,6.82,53.122,1.187,91.86,40.439,9.67,7.903,38.454,26.0,0.266,73.628,9.201,2.936,20.013,51.155,13.455,27.726,25.597,81.61,57.378,145.0,-999.0,-999.0,
1930,0.462,3.825,7.184,2.172,30.885,37.0,-999.0,0.0,0.399,50.115,33.695,28.711,47.459,22.421,12.112,0.134,54.043,34.0,38.413,60.08,79.661,1.354,19.971,51.18,33.086,22.954,38.322,18.28,5.293,45.832,1.293,84.457,32.239,17.197,19.34,34.941,23.0,0.071,48.506,5.207,4.393,31.747,56.47,13.231,30.832,23.388,65.707,50.018,152.0,-999.0,-999.0,
1931,0.476,5.215,0.548,1.727,17.657,22.0,-999.0,0.0,0.222,33.506,9.63,7.533,14.759,6.519,2.361,0.082,40.435,20.0,29.054,27.265,43.017,0.392,3.493,34.8,17.145,16.056,36.636,7.616,2.269,26.676,0.396,63.684,10.89,1.543,5.202,13.215,6.0,0.031,31.399,0.463,0.372,26.867,52.974,2.91,14.072,8.832,29.557,37.922,148.0,-999.0,-999.0,
1932,1.129,6.979,5.789,2.275,30.782,23.0,-999.0,0.0,0.653,47.003,29.509,22.756,56.026,27.408,10.651,1.264,47.54,20.0,33.019,48.002,91.973,3.62,20.226,58.148,48.694,30.689,36.676,10.712,9.965,34.768,1.199,100.443,22.967,12.701,12.345,24.222,6.0,0.261,71.068,6.983,3.172,31.866,49.965,8.667,22.309,14.799,62.705,60.476,121.0,-999.0,-999.0,
1933,1.318,4.732,3.885,1.782,14.869,21.0,-999.0,0.0,0.8,29.144,20.059,14.811,29.786,9.01,5.256,0.265,44.273,26.0,27.988,48.649,71.2,0.893,9.058,44.63,18.842,29.812,37.615,14.954,2.021,34.156,0.701,88.012,20.524,3.461,5.469,21.027,9.0,0.219,39.692,2.925,1.663,21.066,49.023,6.347,14.402,12.577,52.231,38.752,160.0,-999.0,-999.0,
1934,0.843,1.04,2.059,1.342,5.998,42.0,-999.0,0.0,1.343,10.753,30.626,22.859,48.02,10.117,9.79,0.034,69.024,36.0,49.877,62.25,78.669,0.919,13.75,26.302,25.377,2.094,54.997,24.023,0.847,52.461,3.579,68.338,32.077,1.543,2.744,33.83,32.0,1.331,42.162,5.538,0.4,7.046,67.999,14.766,5.334,17.7,65.084,29.455,125.0,-999.0,-999.0,
1935,1.082,2.241,4.607,1.769,8.326,37.0,-999.0,0.0,1.436,29.862,31.123,25.714,44.374,10.843,13.959,0.42,62.842,45.0,45.168,63.813,86.755,2.229,15.69,45.184,24.939,9.033,49.679,25.342,1.099,50.763,6.37,94.781,36.225,3.915,8.628,37.78,27.0,1.499,49.656,10.313,0.819,10.79,62.511,20.493,18.295,21.635,69.658,27.829,144.0,-999.0,-999.0,
1936,1.765,1.632,7.367,1.799,23.268,41.0,-999.0,0.0,0.868,36.658,41.882,31.345,65.888,25.925,19.011,0.134,62.58,38.0,46.184,68.021,101.22,2.738,28.383,66.46,50.289,7.077,53.35,26.718,2.163,51.478,5.337,106.247,35.617,13.36,8.486,35.689,26.0,0.212,77.366,13.47,2.221,12.389,65.041,19.521,22.53,21.617,79.408,50.25,140.0,-999.0,-999.0,
1937,1.024,7.843,3.442,2.9,32.665,21.0,-999.0,0.0,0.453,40.758,44.934,27.8,73.929,30.877,9.69,0.082,36.926,31.0,26.177,62.488,94.59,0.803,24.219,69.355,53.38,33.944,32.299,6.332,3.748,39.208,0.889,104.247,32.196,15.484,14.546,27.275,4.0,0.036,82.105,5.785,2.731,36.33,49.023,8.475,29.886,19.561,82.6,49.022,133.0,-999.0,-999.0,
1938,0.308,1.248,1.434,1.666,16.657,33.0,-999.0,0.0,0.148,18.847,20.33,14.027,44.155,10.336,5.155,0.082,53.854,24.0,38.079,52.841,84.625,0.436,11.412,42.038,24.87,6.882,43.272,13.199,1.509,44.472,1.473,86.83,19.696,4.472,4.376,25.219,21.0,0.251,52.617,2.565,0.527,9.716,56.023,7.198,11.095,13.211,63.736,32.267,135.0,-999.0,-999.0,
1939,0.176,3.691,0.512,2.009,20.729,41.0,-999.0,0.0,0.085,19.787,21.072,14.357,38.297,10.829,3.58,0.08,59.299,25.0,40.9,49.818,75.936,0.312,10.388,34.108,24.343,8.863,50.273,11.284,4.203,45.202,0.299,78.656,22.143,4.472,3.356,22.365,20.0,0.036,45.791,0.921,0.831,18.76,67.016,4.391,7.394,11.544,53.441,35.83,165.0,-999.0,-999.0,
1940,7.317,1.005,9.647,1.454,26.891,52.0,-999.0,0.0,3.591,20.87,44.349,31.076,72.125,32.551,19.47,1.894,63.959,48.0,50.215,70.874,101.112,6.207,30.616,54.732,51.329,9.716,52.302,29.1,7.977,63.092,4.826,95.782,39.744,17.959,6.217,42.69,30.0,1.407,76.801,12.667,3.455,14.554,52.643,20.774,11.56,35.109,79.957,36.051,137.0,-999.0,-999.0,
1941,0.176,2.187,0.455,1.459,18.948,44.0,-999.0,0.0,0.085,14.034,27.537,21.969,49.555,15.111,6.376,0.082,56.514,46.0,40.203,57.844,81.829,0.312,11.613,37.901,34.57,6.047,44.246,14.943,1.306,53.952,0.335,85.489,32.631,2.905,3.62,34.817,21.0,0.036,55.016,1.425,0.398,11.358,65.528,9.823,8.513,24.066,63.009,27.463,142.0,-999.0,-999.0,
1942,1.502,3.465,9.009,1.589,20.757,44.0,-999.0,0.0,0.522,29.83,35.15,30.49,54.384,18.063,14.564,0.754,58.14,37.0,34.881,59.039,74.111,2.463,18.014,47.529,33.739,15.352,41.916,21.586,3.85,48.609,4.074,80.248,34.96,9.67,7.583,34.216,26.0,0.398,53.728,9.905,2.313,17.046,58.552,14.074,17.189,26.22,61.75,43.776,145.0,-999.0,-999.0,
1943,0.725,1.474,3.261,1.474,11.966,53.0,-999.0,0.0,0.442,26.332,32.089,26.574,49.684,15.438,11.441,0.231,62.972,37.0,47.346,60.484,84.618,1.547,17.83,45.075,24.524,2.959,53.254,21.612,3.245,56.367,2.897,81.935,31.42,6.844,8.277,34.04,30.0,0.782,49.298,6.243,1.245,10.638,68.537,14.004,22.4,22.311,64.253,30.452,129.0,-999.0,-999.0,
1944,0.271,1.474,1.735,1.723,14.116,46.0,-999.0,0.0,0.335,30.857,30.474,24.102,47.37,14.494,8.64,0.365,57.791,29.0,35.019,59.057,71.937,0.638,15.111,48.545,34.182,18.305,50.285,13.045,2.224,48.944,0.868,96.11,26.535,5.688,7.319,27.852,21.0,0.036,55.319,3.844,0.964,18.089,67.504,8.96,16.883,15.916,57.107,38.221,135.0,-999.0,-999.0,
1945,0.271,2.657,1.726,1.837,19.365,51.0,-999.0,0.0,0.237,26.309,40.418,33.371,60.421,19.26,14.095,0.032,64.333,39.0,45.573,65.305,87.93,0.53,21.47,43.778,35.888,11.082,54.025,28.248,2.321,58.68,1.763,92.665,43.774,3.359,5.586,42.062,35.0,0.197,58.018,4.568,0.597,12.395,64.503,15.159,13.014,23.635,69.315,39.914,146.0,-999.0,-999.0,
1946,0.176,1.596,1.874,1.665,11.259,39.0,-999.0,0.0,0.085,19.487,15.5,12.819,33.179,4.632,5.44,0.213,58.897,18.0,38.242,46.98,72.874,0.485,5.395,31.665,13.89,7.173,43.753,8.288,2.688,38.788,0.299,78.668,16.582,2.554,3.48,19.079,18.0,0.028,36.921,1.414,1.559,12.788,51.535,3.438,9.047,7.685,49.207,29.467,149.0,-999.0,-999.0,
1947,0.498,2.615,4.075,1.615,21.269,40.0,-999.0,0.0,0.604,24.213,33.18,28.601,53.317,17.306,12.419,0.245,61.879,42.0,36.917,66.837,93.547,1.251,16.039,51.595,34.107,11.869,46.951,13.722,6.651,51.668,2.104,99.367,37.024,-999.0,4.34,35.441,17.0,0.206,62.649,5.794,3.138,17.334,62.536,12.379,11.78,24.05,73.113,48.325,141.0,-999.0,-999.0,
1948,1.109,3.774,10.381,2.202,28.565,54.0,-999.0,0.0,0.345,35.285,38.02,27.92,61.839,29.325,18.626,1.742,62.521,35.0,49.957,64.383,92.199,4.7,23.812,55.405,48.565,12.84,54.1,27.439,12.579,54.988,3.444,103.528,34.502,18.661,7.498,37.245,34.0,0.502,67.54,11.328,5.683,18.314,61.999,14.711,14.796,24.873,72.961,57.909,167.0,-999.0,-999.0,
1949,0.984,11.705,3.337,2.701,28.497,40.0,-999.0,0.0,0.085,49.878,23.814,11.943,50.677,23.74,5.066,0.699,43.916,19.0,24.803,50.036,82.619,1.826,17.308,66.476,45.831,43.934,30.261,5.05,10.848,32.827,0.254,97.361,13.969,17.959,13.035,14.862,14.0,0.047,61.969,1.774,4.69,37.53,39.502,1.914,26.078,7.835,63.369,50.605,137.0,-999.0,-999.0,
1950,1.294,1.855,3.966,1.945,17.216,33.0,-999.0,0.0,1.085,28.591,41.06,33.414,63.382,14.828,13.646,0.172,59.758,31.0,29.362,70.872,106.794,0.936,20.801,54.991,36.716,10.202,40.58,13.71,0.94,47.308,1.901,119.874,35.344,10.329,16.086,30.414,19.0,0.661,75.117,6.311,2.13,18.387,47.762,10.447,32.031,20.893,82.994,25.538,148.0,-999.0,-999.0,
1951,1.634,3.303,6.695,1.915,22.072,30.0,-999.0,0.0,0.716,33.573,37.939,29.276,67.747,21.21,14.742,2.277,50.325,30.0,27.185,61.579,101.683,3.61,25.397,67.753,43.448,16.949,33.637,14.494,7.409,42.428,2.427,112.148,33.089,9.173,7.304,27.802,16.0,0.036,70.234,6.777,6.469,19.864,45.485,12.328,17.992,17.343,80.722,47.805,155.0,-999.0,-999.0,
1952,0.176,4.527,0.651,2.156,25.036,34.0,-999.0,0.0,0.085,31.922,22.958,16.129,48.288,17.244,6.005,0.147,42.072,17.0,18.763,44.932,86.31,0.419,14.159,52.73,37.914,15.058,26.562,7.084,5.332,36.469,0.681,99.244,19.055,5.833,8.303,17.281,10.0,0.036,67.318,1.877,0.982,23.595,44.965,4.876,19.33,11.356,61.98,50.439,140.0,-999.0,-999.0,
1953,0.367,2.529,1.332,1.549,12.502,25.0,-999.0,0.0,0.085,8.288,18.858,15.051,40.279,7.056,5.762,0.023,37.39,19.0,19.085,39.778,79.328,0.396,8.66,21.669,20.447,5.363,24.319,5.765,3.655,27.841,0.736,71.881,15.891,2.554,2.323,14.8,7.0,0.036,45.611,2.461,1.14,11.014,34.485,4.63,3.342,9.489,55.936,30.684,143.0,-999.0,-999.0,
1954,0.308,1.22,2.501,1.516,12.063,32.0,-999.0,0.0,0.111,18.214,17.989,16.594,35.113,10.208,7.81,0.082,46.579,34.0,29.883,45.603,72.257,0.582,10.55,39.647,20.239,5.431,35.253,15.752,2.534,42.563,1.293,66.274,22.172,5.234,4.459,26.237,15.0,0.036,42.479,2.647,1.458,10.51,52.998,11.524,13.153,18.14,56.382,25.77,149.0,-999.0,-999.0,
1955,0.691,4.61,1.626,1.85,27.666,52.0,-999.0,0.0,0.369,46.844,34.207,29.222,62.531,19.764,13.75,0.034,72.222,36.0,40.625,65.727,105.396,0.707,19.098,74.924,52.312,21.328,55.21,20.847,3.341,56.085,0.886,113.274,34.285,1.646,8.934,34.236,25.0,0.227,76.911,4.242,0.425,27.321,75.975,14.735,23.918,23.972,80.351,46.222,167.0,-999.0,-999.0,
1956,0.176,2.153,2.144,1.784,20.864,34.0,-999.0,0.0,0.085,36.725,24.889,17.693,50.282,19.177,5.584,0.034,54.28,32.0,27.517,56.756,88.785,0.371,15.829,46.145,32.106,11.776,37.61,12.658,3.995,43.709,0.458,89.861,25.409,8.967,10.946,22.6,12.0,0.036,59.069,1.008,2.091,16.861,57.478,7.447,22.176,16.582,67.468,41.02,159.0,-999.0,-999.0,
1957,1.288,1.89,1.475,1.834,16.592,33.0,-999.0,0.0,0.286,33.658,22.603,19.751,39.928,16.125,8.817,0.034,47.381,18.0,27.241,51.858,78.463,0.701,12.908,48.476,24.912,9.145,34.0,15.587,2.269,39.377,2.129,83.851,23.121,9.173,11.474,20.999,13.0,0.415,45.593,3.518,1.803,14.343,47.477,6.652,22.331,10.942,62.239,36.937,136.0,-999.0,-999.0,
1958,3.019,1.451,5.84,1.557,17.425,45.0,-999.0,0.0,1.63,12.72,44.002,41.476,59.63,28.665,26.988,0.177,58.047,50.0,45.61,60.566,77.641,2.912,27.082,39.612,43.95,3.331,52.341,35.029,2.427,58.562,5.443,88.308,45.873,12.102,3.588,45.234,32.0,1.225,56.998,13.445,1.821,8.615,64.479,20.695,8.485,39.55,67.88,34.469,154.0,-999.0,-999.0,
1959,1.499,1.349,2.621,1.52,13.557,42.0,-999.0,0.0,0.277,17.992,31.951,25.195,56.342,17.692,10.995,0.082,60.778,29.0,35.101,61.126,82.593,0.963,18.591,44.303,31.308,6.747,39.634,15.802,4.172,47.887,2.192,90.853,26.052,8.719,6.786,25.312,18.0,0.257,58.838,5.243,2.73,9.724,63.487,11.088,14.988,17.15,73.61,30.673,168.0,-999.0,-999.0,
1960,1.758,7.917,4.363,1.772,31.822,32.0,-999.0,0.0,0.521,36.566,51.135,44.028,74.362,34.604,19.466,0.147,51.277,54.0,36.693,74.142,96.025,1.209,31.501,55.768,54.731,11.741,40.925,24.384,7.091,62.874,4.864,100.815,52.676,19.629,9.147,47.067,19.0,0.279,77.484,9.326,2.882,21.291,59.991,19.66,20.922,32.161,80.938,44.053,156.0,-999.0,-999.0,
1961,1.498,4.198,4.868,1.521,19.053,41.0,-999.0,0.0,0.866,20.354,31.452,27.582,49.371,18.856,14.477,1.444,55.855,38.0,37.02,49.526,66.376,2.963,18.77,33.31,33.789,6.83,42.328,24.415,4.508,49.899,4.553,75.754,32.695,9.627,5.474,29.293,27.0,1.039,50.294,6.481,3.417,13.582,54.99,15.063,11.329,24.132,53.418,30.794,177.0,-999.0,-999.0,
1962,5.852,5.233,5.553,2.014,25.405,46.0,-999.0,0.0,1.733,32.267,42.039,34.522,61.603,22.509,15.396,2.63,61.621,42.0,42.294,67.04,79.11,4.82,24.247,44.799,41.892,17.957,46.339,25.575,6.279,53.915,5.629,83.264,41.816,11.999,9.278,38.163,33.0,2.02,59.374,8.704,4.666,21.083,59.503,17.435,13.668,22.918,72.901,36.272,151.0,-999.0,-999.0,
1963,4.606,3.701,12.66,1.502,24.231,46.0,-999.0,0.0,0.546,28.246,57.147,51.05,63.577,28.984,29.318,4.051,68.57,49.0,49.102,76.759,81.116,6.973,35.85,40.365,40.878,7.655,55.914,32.159,8.385,61.299,3.343,79.036,54.01,18.721,7.993,46.279,31.0,0.308,54.467,17.986,6.393,21.363,69.016,23.112,19.148,36.107,78.126,32.598,163.0,-999.0,-999.0,
1964,1.544,2.968,2.283,1.695,16.824,29.0,-999.0,0.0,0.465,32.971,28.581,22.232,41.768,12.175,9.37,0.279,51.504,26.0,29.958,53.437,80.611,1.79,13.257,47.02,27.859,11.714,34.614,17.836,4.084,46.227,1.243,87.255,28.413,6.039,5.58,26.399,20.0,0.111,52.676,3.719,1.662,23.542,48.039,8.079,13.495,16.044,60.875,56.393,158.0,-999.0,-999.0,
1965,1.849,3.148,2.298,1.767,19.318,33.0,-999.0,0.0,0.517,24.453,33.161,26.016,54.343,16.909,11.574,0.13,58.755,31.0,32.049,54.228,88.025,0.894,18.422,50.302,36.476,12.323,38.966,22.013,3.323,43.559,2.52,103.292,29.786,6.493,5.286,26.899,24.0,0.095,61.162,5.712,0.924,15.458,53.023,13.807,10.983,19.362,65.133,34.59,152.0,-999.0,-999.0,
1966,2.659,4.857,5.143,1.561,25.052,33.0,-999.0,0.0,1.056,20.92,42.238,37.759,54.64,27.479,21.827,0.326,52.946,45.0,31.709,64.195,87.158,2.548,26.883,52.792,43.92,9.756,40.95,25.912,4.324,49.247,3.547,99.515,43.508,20.742,2.889,42.599,15.0,1.077,63.287,11.679,2.897,23.099,54.486,15.463,7.248,33.62,68.935,43.942,158.0,-999.0,-999.0,
1967,0.754,5.049,2.654,1.912,18.343,29.0,-999.0,0.0,0.246,19.755,29.962,27.064,44.047,13.216,11.216,0.573,67.33,35.0,28.826,61.375,79.718,1.305,15.342,43.976,28.205,11.386,43.965,23.123,3.916,48.534,1.664,89.722,32.568,3.11,4.01,27.579,13.0,0.101,49.351,4.624,0.889,25.072,59.999,9.772,7.927,18.839,67.502,40.965,151.0,-999.0,-999.0,
1968,2.266,5.164,5.38,1.581,18.888,46.0,-999.0,0.001,1.821,23.824,39.074,38.693,50.559,20.679,18.67,0.359,65.651,50.0,41.085,59.684,77.385,2.181,24.439,43.673,37.871,6.761,51.293,29.433,1.913,57.385,4.861,87.11,44.817,9.73,6.826,42.83,25.0,1.24,57.357,8.154,2.708,20.69,67.495,22.092,12.475,35.463,62.168,27.939,144.0,-999.0,-999.0,
1969,0.498,2.138,1.9,1.609,18.609,53.0,-999.0,0.001,0.365,30.582,39.864,32.522,67.125,19.797,13.035,0.082,63.122,55.0,32.12,60.458,97.522,0.807,18.32,63.285,48.225,7.357,44.59,22.448,3.803,62.312,1.772,107.533,39.42,6.039,9.575,37.852,23.0,0.374,75.08,4.805,1.035,11.741,64.487,12.728,27.535,31.489,72.451,42.891,133.0,-999.0,-999.0,
1970,3.807,1.742,6.83,1.592,15.665,55.0,-999.0,0.0,2.813,23.967,37.422,33.282,52.822,15.557,17.251,0.406,70.986,40.0,49.821,67.58,91.359,3.902,22.694,48.144,33.088,8.529,58.042,32.57,3.012,61.428,7.218,108.102,43.349,8.163,5.705,42.25,33.0,3.151,61.81,12.042,1.903,11.953,68.512,17.425,13.328,33.175,72.124,33.539,143.0,-999.0,-999.0,
1971,1.789,8.957,4.808,2.045,23.606,30.0,-999.0,0.0,0.439,31.918,29.892,26.866,58.894,20.772,16.839,0.695,62.543,42.0,32.803,58.627,94.251,2.627,19.779,54.594,40.112,17.516,43.332,23.073,6.617,44.901,3.182,104.093,33.408,9.173,6.215,26.176,18.0,0.266,70.631,9.799,1.783,28.88,57.561,16.647,13.031,25.233,73.944,52.01,169.0,-999.0,-999.0,
1972,0.63,2.223,4.667,3.019,27.664,-999.0,-999.0,0.0,0.43,35.804,35.771,26.877,60.492,25.128,11.835,0.082,71.141,28.0,31.302,64.335,99.093,1.58,25.237,54.686,41.638,21.178,52.009,21.062,3.969,53.789,1.265,106.594,31.845,18.164,16.915,30.739,19.0,0.351,65.912,5.576,3.366,22.222,63.512,7.61,26.984,18.216,76.903,47.384,164.0,-999.0,-999.0,
1973,1.646,2.749,6.282,1.642,24.898,24.0,-999.0,0.001,0.785,23.547,31.665,26.595,46.588,18.175,13.413,0.962,41.296,28.0,22.506,49.65,67.345,4.022,21.211,41.229,35.113,13.617,30.023,18.137,3.42,39.46,3.413,81.792,29.113,13.215,5.889,24.435,18.0,0.951,48.314,10.554,4.981,26.733,42.502,12.954,11.814,18.432,54.423,47.628,155.0,-999.0,-999.0,
1974,0.403,3.791,5.29,1.799,26.349,35.0,-999.0,0.0,0.11,24.734,29.16,23.689,47.967,17.275,8.774,0.18,59.821,25.0,25.026,50.871,75.264,1.028,18.487,29.298,28.366,17.169,42.874,14.713,3.237,48.613,0.434,89.66,29.014,9.524,7.765,25.724,15.0,0.0,45.119,4.424,2.589,23.283,50.998,3.779,11.757,12.015,55.085,34.07,100.0,-999.0,-999.0,
1975,0.761,3.815,1.633,1.889,22.893,34.0,-999.0,0.0,0.11,36.828,30.127,19.61,68.602,17.016,7.778,0.065,67.426,22.0,22.693,56.532,101.866,1.328,16.691,62.383,45.471,14.261,38.262,15.388,2.089,46.558,0.503,105.834,25.332,7.049,5.129,24.132,16.0,0.032,73.098,3.677,0.972,21.924,49.225,6.839,14.285,12.343,77.571,41.375,145.0,-999.0,-999.0,
1976,1.685,2.288,3.813,1.591,18.505,46.0,-999.0,0.001,0.232,28.593,36.821,27.678,46.436,14.138,15.017,0.231,77.742,33.0,37.273,68.323,79.509,1.482,19.786,32.996,28.088,7.011,46.971,29.433,4.072,56.405,2.152,83.33,38.318,7.049,5.664,37.912,25.0,0.067,49.186,8.154,1.966,14.292,67.057,12.474,12.046,21.252,70.593,28.625,134.0,-999.0,-999.0,
1977,5.653,2.464,8.565,1.747,12.742,50.0,-999.0,0.125,2.548,38.027,54.326,48.386,60.114,18.317,34.431,0.429,70.463,48.0,42.061,73.618,82.888,4.644,32.758,45.972,32.651,4.873,50.32,37.31,1.334,62.284,6.068,88.781,53.814,8.514,7.022,51.017,29.0,1.515,62.435,18.465,2.252,12.893,64.536,28.21,24.126,39.166,73.941,26.357,148.0,-999.0,-999.0,
1978,5.033,4.703,14.901,1.79,36.437,57.0,-999.0,0.0,0.976,34.152,62.497,54.176,82.65,45.712,36.253,1.398,80.516,57.0,47.822,82.301,100.668,7.555,46.085,76.224,66.446,11.284,62.292,39.508,6.615,71.262,3.254,112.322,57.609,29.528,8.374,56.948,36.0,0.45,89.914,23.613,6.676,19.118,78.529,23.974,18.069,35.017,91.466,46.443,133.0,-999.0,-999.0,
1979,2.302,3.736,13.359,1.773,32.948,39.0,-999.0,0.0,0.77,41.351,51.141,43.843,65.569,33.338,26.626,0.995,57.219,41.0,31.484,66.424,91.018,3.644,37.18,56.398,49.183,12.835,43.734,29.73,4.533,49.63,3.024,102.054,47.877,26.145,12.015,42.766,28.0,0.888,69.275,13.035,5.6,31.404,48.982,18.795,24.62,33.171,74.93,47.384,147.0,-999.0,-999.0,
1980,1.687,1.276,7.586,1.397,19.719,38.0,-999.0,0.0,1.21,26.346,44.651,36.291,55.419,24.072,19.87,0.574,67.177,42.0,42.975,68.891,81.022,3.035,27.846,42.451,38.647,4.438,49.302,28.468,3.775,62.564,5.962,86.03,46.702,13.112,8.676,44.324,25.0,1.261,50.769,10.283,2.633,11.19,73.512,15.387,19.812,26.921,73.439,28.858,127.0,-999.0,-999.0,
1981,1.88,1.04,2.952,1.358,10.018,34.0,-999.0,0.0,0.439,21.439,32.115,29.496,39.774,10.258,17.884,0.134,50.466,38.0,30.473,55.031,65.516,1.991,16.299,30.387,23.561,1.341,29.035,26.173,1.791,50.543,3.98,68.941,37.88,2.554,3.776,34.712,24.0,0.774,42.031,9.765,0.72,10.612,56.982,16.233,9.682,30.672,60.04,17.824,118.0,-999.0,-999.0,
1982,3.175,2.794,8.288,2.101,20.621,37.0,-999.0,0.0,2.936,40.983,42.659,31.554,59.621,24.856,14.26,1.536,73.931,28.0,37.275,66.593,84.605,4.346,24.785,57.645,44.346,14.864,45.056,25.106,8.039,47.606,5.693,93.805,35.062,10.432,7.62,29.74,24.0,2.353,66.399,10.052,4.637,20.58,66.016,13.614,17.71,18.437,73.066,36.461,157.0,-999.0,-999.0,
1983,3.446,1.436,12.568,1.569,26.291,31.0,-999.0,0.0,2.414,26.911,38.596,29.545,61.238,31.957,15.94,3.249,44.439,-999.0,28.426,55.89,81.821,5.687,26.8,39.868,51.762,8.233,32.361,18.016,7.749,36.257,4.121,84.402,31.655,14.285,9.628,28.538,16.0,1.919,63.667,9.181,8.44,13.5,44.527,12.469,18.341,21.386,67.029,48.816,154.0,-999.0,-999.0,
1984,0.953,1.13,5.114,1.679,17.449,35.0,-999.0,0.0,0.236,41.988,34.112,28.665,45.581,16.242,14.28,0.28,58.433,29.0,31.945,56.975,74.345,1.619,16.706,39.031,29.417,19.087,38.286,20.164,5.314,46.983,1.266,76.138,35.002,8.967,6.159,34.09,18.0,0.097,46.712,7.542,1.921,27.916,52.023,10.299,15.769,17.464,61.115,37.262,133.0,-999.0,-999.0,
1985,3.868,4.305,11.093,1.97,29.039,48.0,-999.0,0.125,2.223,74.474,52.981,46.622,74.573,33.803,26.572,2.124,76.209,49.0,38.38,72.388,89.732,7.467,36.464,65.145,54.5,24.738,50.007,28.28,7.132,57.441,3.57,92.149,50.208,19.072,16.808,49.125,25.0,1.594,70.355,17.032,7.722,31.752,68.966,17.624,42.924,34.276,82.34,47.672,146.0,-999.0,-999.0,
1986,0.691,1.599,2.754,1.353,12.49,32.0,-999.0,0.0,1.007,23.923,29.443,25.04,46.619,12.48,10.577,0.227,61.605,35.0,25.628,53.743,76.101,1.91,13.718,34.126,23.681,2.792,34.675,16.852,7.025,46.658,2.096,77.176,31.259,6.596,4.13,31.289,12.0,0.751,45.555,3.975,1.757,10.416,56.494,9.354,13.617,18.763,67.899,24.896,147.0,-999.0,-999.0,
1987,0.483,6.986,0.895,1.874,23.53,21.0,-999.0,0.0,0.278,30.194,19.64,16.332,27.714,14.968,6.299,0.082,63.771,27.0,18.798,33.277,49.705,0.288,13.095,29.849,23.318,18.511,34.647,17.032,11.86,41.664,1.858,65.936,20.997,8.514,5.581,24.032,9.0,0.205,33.648,2.878,1.803,18.779,56.916,10.029,14.546,17.45,42.826,40.843,128.0,-999.0,-999.0,
1988,2.013,3.187,7.728,1.756,28.836,41.0,-999.0,0.0,1.765,35.771,40.031,36.046,50.545,17.997,17.891,0.904,62.498,38.0,28.832,57.88,73.0,3.832,21.782,38.163,33.839,15.139,40.087,22.542,4.545,48.262,4.905,80.82,39.92,13.112,6.21,38.981,15.0,0.755,54.999,10.965,2.848,24.647,53.503,17.923,13.696,29.87,64.334,51.014,153.0,-999.0,-999.0,
1989,4.694,2.219,14.54,1.946,29.733,50.0,-999.0,0.075,2.646,40.07,44.592,37.605,60.26,25.358,22.637,4.349,84.918,43.0,43.038,74.831,82.569,7.581,27.937,49.816,42.028,18.663,54.102,34.667,7.45,59.903,7.061,96.603,45.632,11.297,8.571,49.298,31.0,2.02,62.278,15.723,9.227,28.616,67.008,19.873,19.638,30.054,80.861,45.392,152.0,-999.0,-999.0,
1990,0.412,7.037,3.63,2.516,24.329,22.0,-999.0,0.0,0.085,29.486,15.415,10.399,33.014,15.397,4.783,0.279,39.286,9.0,14.362,35.962,54.415,0.98,9.859,35.206,25.307,22.06,21.697,5.043,4.47,24.098,0.313,63.349,12.534,6.39,11.254,12.58,10.0,0.036,37.385,1.425,2.705,20.822,37.501,3.669,19.553,5.72,45.718,41.087,147.0,-999.0,-999.0,
1991,0.498,2.463,2.075,1.438,26.131,26.0,-999.0,0.0,0.36,24.317,35.049,24.019,56.409,19.289,6.593,0.181,54.69,23.0,21.959,56.074,82.821,0.433,21.131,33.664,33.087,12.6,36.349,8.003,4.281,36.024,0.575,79.922,25.789,8.514,3.701,24.759,7.0,0.111,51.686,2.639,1.115,21.483,48.486,7.369,10.89,12.795,72.814,42.304,149.0,-999.0,-999.0,
1992,0.403,4.268,1.161,1.44,22.366,32.0,-999.0,0.0,0.194,27.444,18.395,17.283,41.218,11.156,5.771,0.082,59.05,-999.0,29.222,46.532,77.378,0.418,7.687,28.009,26.296,11.45,42.058,11.515,2.596,39.445,0.622,81.873,24.669,1.646,4.471,29.249,15.0,0.036,46.404,1.739,0.733,21.715,54.957,7.793,12.421,19.568,60.099,40.843,169.0,-999.0,-999.0,
1993,0.689,1.04,2.935,1.936,29.782,24.0,-999.0,0.0,0.27,45.438,40.236,35.565,67.572,30.071,12.35,0.082,64.882,38.0,39.293,62.249,92.046,0.463,27.033,48.554,51.965,22.374,47.401,19.853,3.095,48.151,1.767,93.923,39.088,11.999,13.108,35.749,20.0,0.111,72.155,4.284,1.42,20.996,59.503,13.67,26.97,22.731,70.872,60.355,144.0,-999.0,-999.0,
1994,1.601,1.671,6.174,1.625,17.265,49.0,-999.0,0.0,1.252,28.978,34.066,27.574,59.491,17.781,14.439,0.082,67.639,28.0,45.24,59.088,80.148,1.451,20.816,39.062,40.644,9.76,53.732,27.143,2.185,51.06,5.032,88.41,36.291,4.78,4.295,37.009,23.0,1.247,67.512,8.382,1.04,11.466,64.479,14.332,10.495,20.656,68.364,42.415,167.0,-999.0,-999.0,
1995,1.173,1.04,3.855,1.429,17.788,-999.0,-999.0,0.0,0.405,21.288,43.146,38.58,64.989,22.867,20.242,0.082,70.281,50.0,30.637,72.315,93.305,0.724,28.155,43.498,44.299,2.082,50.344,20.181,3.334,55.023,2.25,103.289,50.486,7.854,5.765,41.906,16.0,0.16,69.055,10.041,1.305,8.896,61.879,18.162,12.177,37.187,83.961,31.425,154.0,-999.0,-999.0,
1996,6.535,1.581,11.259,1.539,24.94,-999.0,-999.0,0.0,2.516,32.833,43.92,38.969,68.709,25.356,20.924,1.921,65.238,47.0,40.721,72.031,106.343,5.106,28.951,65.532,50.615,9.008,49.076,24.862,4.547,51.315,7.106,117.937,47.465,12.555,5.57,40.429,23.0,1.805,83.19,12.725,4.855,10.235,52.804,21.896,20.751,35.589,87.04,45.049,164.0,-999.0,-999.0,
1997,1.109,2.844,6.519,1.576,29.955,22.0,-999.0,0.0,0.34,23.254,35.064,28.252,61.383,22.448,12.394,0.854,64.573,31.0,24.047,55.775,96.565,2.375,23.306,44.259,41.48,9.021,39.646,11.109,9.585,44.229,2.59,99.484,32.641,6.244,4.627,23.35,8.0,0.036,66.985,7.213,4.269,18.524,56.837,12.236,11.452,21.08,69.999,59.879,164.0,-999.0,-999.0,
1998,0.367,1.89,3.344,1.498,16.439,-999.0,-999.0,0.001,0.085,16.672,21.553,15.616,43.875,18.797,8.356,0.373,46.082,13.0,13.424,34.369,68.431,1.452,15.293,33.702,33.686,9.225,20.449,6.107,2.447,26.71,0.926,82.538,17.226,9.524,9.171,13.436,6.0,0.0,49.455,3.407,2.369,10.961,24.571,9.309,14.387,12.521,45.949,34.303,141.0,-999.0,-999.0,
1999,1.624,1.224,3.653,1.468,9.533,-999.0,-999.0,0.001,0.737,16.623,24.492,20.297,39.103,8.18,9.954,0.082,42.988,33.0,25.178,43.47,57.343,1.729,14.244,17.917,19.113,3.462,27.772,11.756,1.801,44.558,1.892,63.528,29.516,5.277,3.506,27.882,11.0,0.154,33.834,3.694,0.589,6.517,43.729,13.387,6.576,24.27,49.738,27.64,164.0,-999.0,-999.0,
2000,2.924,1.291,11.566,1.335,16.553,-999.0,-999.0,0.0,1.794,31.717,42.411,39.176,62.526,20.495,23.051,0.227,63.349,47.0,36.415,62.632,85.92,2.962,28.826,44.315,41.613,3.936,46.725,23.515,3.092,57.469,4.887,94.599,47.907,13.112,5.12,43.598,15.0,0.566,64.583,11.743,2.268,9.641,60.47,24.875,15.328,35.706,72.484,35.587,140.0,-999.0,-999.0,
2001,0.945,1.975,4.001,1.604,19.377,-999.0,-999.0,0.0,0.222,34.844,28.609,20.766,54.473,16.424,8.779,0.227,65.573,28.0,21.893,47.863,78.162,1.253,17.494,40.275,34.57,12.958,34.298,9.882,6.065,39.177,0.954,88.817,31.184,10.988,5.243,26.726,4.0,0.0,61.706,4.641,1.731,19.291,53.031,9.115,10.919,20.723,58.905,45.647,154.0,-999.0,-999.0,
2002,1.005,2.016,2.958,1.692,25.017,-999.0,-999.0,0.0,0.471,24.86,20.936,16.515,39.081,15.124,9.564,0.082,50.693,24.0,10.909,45.601,70.714,0.382,14.966,45.428,29.715,7.775,28.575,5.392,3.139,36.029,2.583,87.803,25.821,7.503,3.85,23.012,3.0,0.444,48.049,3.671,0.906,15.985,43.006,10.914,8.969,20.452,54.156,47.849,135.0,-999.0,-999.0,
2003,1.388,1.22,5.357,1.413,15.884,53.0,-999.0,0.0,0.324,16.703,38.605,38.058,56.216,18.626,16.755,0.082,77.233,51.0,45.463,67.439,87.012,1.342,23.284,45.747,36.185,4.176,57.962,29.217,2.036,62.119,3.445,103.661,51.673,11.339,3.65,50.664,27.0,0.706,57.103,7.294,1.529,10.643,70.991,23.157,9.273,34.112,71.726,34.059,147.0,-999.0,-999.0,
2004,1.682,1.291,4.374,1.452,19.873,41.0,-999.0,0.0,0.237,24.101,33.962,30.172,44.919,18.58,15.422,0.405,62.505,31.0,35.851,56.07,66.259,2.115,19.177,28.654,31.69,15.279,45.045,25.824,4.705,50.306,4.106,79.428,35.857,10.123,5.625,35.047,22.0,0.484,42.403,5.922,2.133,24.561,54.974,19.296,11.753,24.716,61.243,37.047,153.0,-999.0,-999.0,
2005,0.369,1.281,2.136,1.439,20.021,39.0,-999.0,0.0,0.658,32.74,34.009,28.299,51.746,21.856,8.239,0.082,66.924,-999.0,32.378,69.114,77.309,0.364,18.785,41.936,37.974,19.97,48.962,18.832,3.178,55.18,3.156,79.246,42.831,8.411,7.348,38.249,16.0,0.485,49.977,3.291,1.312,12.693,66.47,14.956,16.44,29.545,72.158,32.488,146.0,-999.0,-999.0,
2006,0.367,1.874,2.543,1.666,19.262,27.0,-999.0,0.0,0.094,25.522,12.343,10.218,24.849,9.628,5.039,0.279,44.917,14.0,16.702,34.258,56.673,0.606,10.618,29.478,21.141,9.208,28.338,7.538,2.218,31.324,0.503,75.338,18.175,4.018,5.139,18.438,6.0,0.0,31.909,1.785,1.376,17.146,41.469,6.819,12.375,15.449,42.815,38.331,149.0,-999.0,-999.0,
2007,0.176,3.286,4.87,1.651,38.144,50.0,-999.0,0.0,0.123,34.101,39.912,28.73,68.484,31.525,14.558,0.33,69.047,35.0,41.187,71.137,92.651,0.595,25.829,44.17,52.272,15.615,53.637,21.877,7.594,54.997,0.597,88.1,41.095,19.774,6.293,40.499,17.0,0.036,69.025,4.408,4.113,26.575,65.974,17.34,18.345,30.939,78.657,49.885,164.0,-999.0,-999.0,
2008,1.041,1.937,5.494,2.033,25.917,35.0,-999.0,0.0,0.344,32.206,41.063,35.966,69.19,21.172,13.274,0.082,62.602,25.0,28.819,70.573,94.664,0.86,24.896,40.41,40.38,15.682,39.648,12.125,2.298,46.578,1.521,90.437,41.291,7.854,8.332,35.369,9.0,0.036,63.46,5.444,1.068,22.939,58.015,12.433,19.074,26.427,84.741,44.964,167.0,-999.0,-999.0,
2009,1.197,1.374,4.646,1.816,26.901,51.0,-999.0,0.0,0.378,36.505,39.683,32.776,62.737,21.779,12.949,0.082,65.862,31.0,39.856,65.828,84.298,0.769,23.701,48.866,41.202,15.342,48.673,23.102,3.635,55.609,3.967,100.443,43.146,8.308,8.031,42.017,23.0,0.299,64.364,5.573,1.225,19.22,60.487,18.79,20.413,31.784,75.696,-999.0,152.0,-999.0,-999.0,
2010,4.416,1.464,9.191,1.401,16.682,46.0,-999.0,0.0,1.816,19.929,53.49,48.109,76.927,23.488,29.859,0.755,42.631,69.0,30.542,65.045,88.481,4.259,33.349,51.308,48.112,9.639,39.157,22.213,3.211,56.793,6.575,104.489,56.196,8.659,4.977,50.626,10.0,0.279,75.241,18.796,2.28,18.779,57.974,35.316,12.856,54.282,75.329,39.829,140.0,-999.0,-999.0,
2011,1.966,4.389,9.377,1.529,26.146,37.0,-999.0,0.0,1.081,26.617,33.812,26.54,53.193,23.543,12.659,0.861,58.004,36.0,29.214,59.816,80.022,3.037,23.102,43.725,39.012,6.184,36.277,18.727,10.685,48.015,2.282,89.94,33.75,11.339,6.355,29.502,8.0,0.425,58.935,7.715,4.694,24.524,57.511,10.396,15.266,22.511,70.433,42.397,151.0,-999.0,-999.0,
2012,0.296,1.483,1.73,1.542,13.857,12.0,-999.0,0.0,0.23,19.528,18.293,12.898,34.84,10.41,4.55,0.085,43.234,20.0,12.212,33.541,62.08,0.386,8.726,34.649,22.625,7.743,21.016,6.522,2.108,30.622,0.675,74.197,18.556,4.121,3.695,17.211,5.0,0.036,41.056,1.699,0.814,14.308,40.518,7.278,9.118,14.862,48.567,39.829,170.0,-999.0,-999.0,
2013,0.356,4.036,5.615,1.924,31.848,43.0,-999.0,0.0,0.254,40.354,42.57,30.763,68.186,26.687,10.116,0.08,61.907,39.0,36.945,70.925,102.744,0.967,26.866,41.309,43.254,28.015,40.77,17.814,6.645,55.149,1.348,110.356,39.823,13.36,13.728,37.981,15.0,0.071,69.492,4.915,3.114,39.294,59.47,15.59,21.921,29.927,86.395,43.577,156.0,-999.0,-999.0,
2014,4.938,1.04,10.657,1.408,29.638,53.0,-999.0,0.0,2.94,32.053,54.089,45.454,71.692,32.144,19.659,0.998,67.475,43.0,43.536,86.49,100.925,5.297,33.341,51.352,50.744,4.916,52.684,28.601,6.232,65.948,6.011,100.778,51.479,18.31,8.005,49.752,18.0,1.761,71.223,13.845,4.595,12.486,69.95,24.333,21.89,33.356,96.551,29.256,147.0,-999.0,-999.0,
2015,1.525,2.196,7.698,1.475,27.019,56.0,-999.0,0.0,1.029,24.578,37.408,34.518,49.673,24.86,19.891,0.28,69.369,38.0,49.748,64.444,71.677,1.997,23.828,38.932,37.425,12.379,53.729,28.662,7.864,60.724,6.517,74.908,42.451,10.123,4.779,42.015,21.0,1.016,53.069,10.027,3.018,14.903,64.487,19.977,11.931,31.146,68.307,44.964,131.0,-999.0,-999.0,
2016,0.712,2.141,3.199,1.409,18.592,33.0,-999.0,0.0,0.496,29.446,31.593,26.977,47.026,15.352,14.152,0.085,48.267,34.0,24.438,52.341,70.806,0.779,17.719,33.736,29.075,12.745,30.749,16.432,3.589,42.463,5.683,68.427,32.069,5.277,6.987,29.866,7.0,0.071,49.203,7.68,1.269,20.815,43.502,17.031,15.694,26.896,60.805,30.843,139.0,-999.0,-999.0,
2017,1.579,1.792,3.838,1.496,16.587,30.0,-999.0,0.0,0.555,38.544,24.678,21.542,41.746,15.146,10.171,0.139,58.476,28.0,30.897,52.774,74.694,1.744,15.56,54.954,30.314,10.363,41.416,18.534,3.115,49.725,3.448,81.751,29.318,8.06,9.648,31.297,12.0,0.078,51.889,4.714,1.808,15.853,56.999,12.384,25.335,20.122,61.66,29.854,152.0,-999.0,-999.0,
2018,3.435,1.165,8.033,1.59,18.868,30.0,-999.0,0.004,1.63,20.067,34.921,26.159,61.183,23.641,14.308,1.675,67.339,38.0,26.082,59.855,95.472,3.542,26.786,51.273,45.934,9.767,42.794,17.601,3.404,52.035,7.545,102.212,30.602,10.123,4.265,35.582,9.0,1.276,67.132,9.886,3.647,14.656,56.924,17.372,10.173,25.216,76.948,36.339,147.0,-999.0,-999.0,
2019,0.126,4.253,2.471,1.799,27.517,39.0,-999.0,0.004,0.0,31.372,40.055,27.496,65.52,27.627,10.345,0.085,69.092,30.0,38.013,63.388,96.782,0.743,26.308,63.134,53.458,10.755,48.767,16.021,4.396,56.189,0.733,104.854,33.906,9.918,8.344,32.528,10.0,0.0,81.905,3.19,1.608,22.383,60.982,11.586,19.668,19.92,79.357,48.299,128.0,-999.0,-999.0,
2020,0.483,1.165,1.123,1.445,22.453,19.0,-999.0,0.004,0.189,20.628,20.173,14.062,44.475,11.734,4.466,0.153,45.461,28.0,15.707,40.885,81.167,0.334,13.034,38.325,27.902,3.422,27.106,5.264,2.737,33.744,0.732,84.379,16.614,3.256,3.114,15.4,4.0,0.111,52.086,2.331,0.833,15.88,39.94,6.846,8.669,13.123,56.072,36.014,159.0,-999.0,-999.0,
2021,0.989,1.581,8.443,1.395,16.284,33.0,-999.0,0.004,0.257,23.954,31.993,23.856,47.026,17.126,11.802,2.307,53.143,16.0,25.003,46.185,67.302,3.145,19.886,35.557,29.464,8.145,37.722,11.933,5.48,46.236,0.36,67.343,29.469,12.102,5.366,23.341,4.0,0.0,47.67,5.834,7.297,12.245,61.445,7.849,16.889,18.738,58.263,19.634,166.0,-999.0,-999.0,
