Year,AL,AZ,AR,CA,CO,CT,DE,FL,GA,ID,IL,IN,IA,KS,KY,LA,ME,MD,MA,MI,MN,MS,MO,MT,NE,NV,NH,NJ,NM,NY,NC,ND,OH,OK,OR,PA,RI,SC,SD,TN,TX,UT,VT,VA,WA,WV,WI,WY,AK,HI,PR,VI
1900,45.751,8.208,57.426,2.818,0.837,3.0,-999.0,130.851,73.702,0.094,20.756,26.709,13.199,23.157,27.119,100.969,0.375,-999.0,5.32,6.71,5.522,86.919,25.329,0.657,14.384,0.461,1.825,17.593,4.802,10.99,29.666,1.129,11.0,-999.0,0.016,5.741,0.0,74.457,7.203,34.003,68.769,4.424,3.409,9.543,1.686,2.573,6.385,0.03,-999.0,-999.0,-999.0,
1901,34.387,9.194,49.64,1.712,1.461,8.0,-999.0,112.059,51.834,0.626,22.39,23.487,17.848,26.405,27.726,76.974,2.783,-999.0,7.754,5.998,7.131,63.725,32.544,0.198,12.943,2.225,4.104,18.328,3.563,12.442,28.701,1.907,16.498,-999.0,0.325,9.556,0.0,61.699,7.76,30.585,70.451,5.721,6.165,9.089,0.366,3.344,6.114,0.0,-999.0,-999.0,-999.0,
1902,57.519,5.751,45.569,1.035,1.166,0.0,-999.0,119.062,53.403,0.266,10.877,10.017,3.229,14.897,12.878,87.52,0.007,-999.0,0.336,2.456,0.874,71.349,18.116,0.205,3.921,1.141,0.357,6.644,2.369,3.238,21.209,0.24,6.384,-999.0,0.0,3.36,0.0,55.257,1.417,30.116,87.564,4.2,0.86,4.089,0.602,1.605,1.263,0.0,-999.0,-999.0,-999.0,
1903,32.271,7.318,33.739,1.775,0.694,2.0,-999.0,87.282,43.503,0.208,10.066,11.498,4.543,16.759,10.757,65.584,0.007,-999.0,1.48,1.013,0.954,55.486,15.268,0.163,4.654,0.574,0.014,6.314,2.989,4.059,22.635,0.081,5.765,29.913,0.018,2.755,1.0,54.194,2.25,21.404,61.055,4.342,0.131,3.741,0.785,2.414,1.461,0.0,-999.0,-999.0,-999.0,
1904,19.994,4.22,31.249,2.067,1.023,2.0,-999.0,73.542,31.566,0.478,6.839,6.4,2.94,10.971,4.259,66.452,0.02,0.0,0.871,1.771,0.741,47.197,7.303,0.322,3.122,0.522,0.316,7.461,3.631,3.619,14.415,0.119,1.936,24.084,0.225,3.605,0.0,40.661,1.759,12.412,61.438,3.1,0.495,1.98,0.554,1.386,1.452,0.03,-999.0,-999.0,-999.0,
1905,38.43,4.133,50.025,1.511,1.283,8.0,-999.0,124.558,51.993,0.26,8.646,10.259,5.373,15.139,14.342,108.48,1.339,0.0,5.91,1.336,2.041,73.719,13.394,0.232,3.064,0.603,1.263,12.133,3.942,7.253,26.333,0.319,4.725,15.342,0.023,4.155,2.0,73.861,2.23,29.084,79.04,3.728,3.183,4.246,0.5,2.369,2.615,0.0,0.0,-999.0,-999.0,
1906,40.193,3.937,32.522,1.422,0.419,4.0,-999.0,122.901,56.552,0.298,8.833,12.957,6.153,11.013,14.563,92.469,0.02,0.0,3.331,3.093,1.752,54.34,12.696,0.177,3.592,1.902,1.02,16.464,5.237,7.18,26.326,0.382,5.136,10.485,0.272,2.609,0.0,72.91,1.777,20.133,66.169,4.616,0.483,4.899,1.44,1.191,3.175,0.0,0.0,-999.0,-999.0,
1907,30.995,4.977,51.121,0.923,0.771,0.0,-999.0,98.055,43.346,0.031,9.07,7.923,5.315,14.91,10.32,89.499,0.02,0.0,1.48,0.919,1.532,57.441,21.951,0.162,5.551,0.488,0.374,6.147,5.216,5.326,17.212,0.442,2.467,-999.0,0.0,1.384,0.0,58.263,2.077,23.442,75.369,3.874,2.078,3.003,0.402,0.812,1.573,0.0,0.0,-999.0,-999.0,
1908,24.859,6.486,42.474,2.3,0.569,1.0,-999.0,94.285,38.179,0.615,11.998,12.845,5.346,11.399,9.318,95.751,0.02,0.0,3.831,2.804,2.342,61.528,13.51,0.699,3.956,2.131,0.659,10.216,3.631,6.799,17.658,0.5,3.259,30.884,0.194,1.767,0.0,54.506,3.544,18.188,78.571,3.809,2.078,3.613,0.456,0.548,2.379,0.0,0.0,-999.0,-999.0,
1909,39.08,3.49,54.023,1.297,1.228,1.0,-999.0,111.234,45.506,0.152,12.738,9.593,10.653,18.662,15.886,96.99,0.0,0.0,2.567,1.784,2.572,71.61,23.35,0.318,9.953,0.359,0.676,7.273,9.848,4.105,16.51,0.644,2.95,41.57,0.087,1.497,1.0,58.359,6.216,28.029,82.746,6.453,1.657,3.041,0.138,0.905,2.796,0.0,0.0,-999.0,-999.0,
1910,30.359,5.077,43.745,1.37,1.412,3.0,-999.0,89.756,35.763,0.259,9.378,9.647,4.581,14.098,12.451,79.347,0.02,0.0,2.076,1.65,1.694,58.151,16.099,0.73,4.076,0.438,0.316,9.504,13.31,4.523,19.732,2.172,3.838,47.857,0.654,2.853,0.0,55.958,2.818,22.688,77.152,6.139,0.86,3.398,0.21,1.677,2.308,0.0,0.0,-999.0,-999.0,
1911,34.01,3.25,60.698,1.378,1.124,5.0,-999.0,112.305,51.571,0.215,16.048,16.867,13.755,23.833,11.989,106.081,0.303,0.0,7.985,5.437,3.913,77.172,29.383,0.194,8.185,1.302,2.587,11.053,6.748,7.254,26.841,1.14,6.468,50.226,0.723,5.617,0.0,67.447,5.166,28.239,97.602,4.188,3.409,6.056,0.659,0.977,6.314,0.0,0.0,-999.0,-999.0,
1912,42.18,3.094,43.43,1.859,0.544,6.0,-999.0,140.452,47.622,0.152,14.027,14.669,8.441,20.422,11.444,88.334,0.77,0.0,3.418,2.7,1.865,62.041,24.139,0.578,6.616,2.551,0.676,6.791,5.144,4.943,24.176,0.42,4.129,46.075,0.0,0.872,0.0,63.493,2.493,26.7,77.295,3.96,0.483,4.306,0.582,0.711,3.077,0.0,0.0,-999.0,-999.0,
1913,37.621,3.891,51.338,2.534,1.194,3.0,-999.0,88.144,48.052,0.152,27.602,27.653,20.531,32.281,26.655,81.672,0.02,0.0,2.574,4.663,4.482,57.234,36.198,0.181,12.273,0.245,0.316,8.81,6.017,5.846,24.646,0.545,8.363,48.96,0.376,2.196,0.0,49.433,7.422,29.492,63.109,4.563,0.483,4.468,0.606,1.964,7.174,0.0,0.0,-999.0,-999.0,
1914,44.018,3.215,60.156,0.941,1.565,10.0,-999.0,104.076,54.301,0.418,22.236,20.395,13.613,26.258,17.624,90.94,0.589,1.0,5.498,2.564,3.087,71.393,32.552,0.574,11.105,0.664,2.77,8.234,3.229,4.778,27.268,0.621,7.658,50.682,0.092,2.328,0.0,58.923,4.509,29.718,76.589,3.926,3.547,6.15,0.138,1.528,3.805,0.0,0.0,-999.0,-999.0,
1915,45.0,5.083,36.547,1.37,0.497,5.0,-999.0,131.564,54.266,0.031,7.742,9.443,1.343,8.726,12.53,83.998,0.02,0.0,2.3,0.952,0.436,58.045,12.499,0.132,1.459,0.664,0.701,8.724,3.548,3.823,25.602,0.049,3.943,23.085,0.365,1.449,0.0,59.254,0.796,21.871,73.867,3.521,2.385,3.93,0.32,1.042,0.646,0.0,1.0,-999.0,-999.0,
1916,45.075,2.901,57.619,1.695,0.905,8.0,-999.0,103.677,61.073,0.032,24.979,26.661,16.342,22.122,29.249,87.316,0.586,0.0,7.64,9.374,8.709,60.177,30.461,0.184,15.304,0.664,4.044,16.254,5.106,9.753,27.569,3.164,10.07,46.62,0.001,5.022,-999.0,54.786,8.478,33.445,80.743,5.993,4.57,6.25,0.3,3.309,12.219,0.03,0.0,-999.0,-999.0,
1917,28.506,3.713,32.676,2.383,1.227,3.0,-999.0,90.975,37.999,0.4,8.465,8.037,5.737,14.221,7.778,72.989,0.94,0.0,4.204,4.776,4.012,45.885,10.299,0.995,6.935,1.853,2.008,12.068,7.11,6.685,20.896,1.668,4.004,38.127,0.25,3.43,-999.0,47.576,4.906,14.114,74.613,5.044,0.86,4.233,0.374,1.369,4.01,0.0,0.0,-999.0,-999.0,
1918,27.794,5.409,47.746,1.48,1.4,3.0,-999.0,84.858,38.95,0.427,17.045,20.357,9.963,22.283,15.459,74.613,1.976,4.0,4.397,4.059,1.976,49.02,27.429,0.312,6.866,0.438,4.24,10.443,7.18,8.042,18.089,0.054,9.522,50.771,0.167,6.059,2.0,39.682,2.255,18.536,82.45,6.264,1.952,6.649,0.895,4.118,3.271,0.0,0.0,-999.0,-999.0,
1919,46.488,4.191,50.457,1.392,2.279,5.0,-999.0,114.914,46.138,0.211,13.742,16.925,11.349,19.484,21.471,89.69,2.143,0.0,5.371,5.014,3.951,68.519,18.532,1.11,9.498,0.608,1.74,8.749,4.385,5.031,24.901,1.349,5.53,31.857,0.004,3.069,2.0,64.161,6.012,25.643,66.639,8.5,2.021,4.963,0.265,2.496,4.655,0.0,0.0,-999.0,-999.0,
1920,35.28,2.998,39.905,1.643,0.868,-999.0,-999.0,100.76,43.225,0.269,7.302,6.998,6.539,10.896,7.587,72.372,0.756,0.0,5.078,1.001,2.016,58.554,11.235,0.553,4.92,0.438,0.659,6.021,6.05,3.083,21.123,0.366,2.125,23.718,0.0,0.851,0.0,51.277,1.594,14.615,69.504,6.116,0.131,3.851,0.633,0.944,1.854,0.0,0.0,-999.0,-999.0,
1921,55.248,4.452,72.516,1.835,1.6,-999.0,-999.0,110.564,62.303,0.152,26.142,29.616,13.985,21.746,29.877,83.051,1.608,0.0,7.232,8.857,5.957,84.998,31.037,0.62,6.697,6.902,1.363,10.0,4.361,9.895,29.934,2.032,7.831,64.093,0.265,5.417,0.0,64.259,5.681,31.086,88.653,5.676,4.206,6.157,0.281,3.409,11.273,0.0,0.0,-999.0,-999.0,
1922,39.929,5.864,56.241,1.47,1.192,0.0,-999.0,115.798,43.387,0.272,15.246,14.949,8.224,20.717,14.905,88.031,0.388,0.0,0.991,2.311,2.663,60.051,26.203,0.34,6.8,0.608,0.701,5.171,8.397,4.628,22.543,0.452,3.99,53.508,0.042,1.671,0.0,53.286,5.014,20.283,77.431,6.167,2.09,3.268,0.651,0.848,3.542,0.0,0.0,-999.0,-999.0,
1923,38.635,3.377,52.459,1.384,0.697,2.0,-999.0,108.556,44.646,0.272,14.153,13.843,10.928,20.648,14.683,81.245,1.325,0.0,2.069,2.137,4.644,52.294,27.38,0.249,7.525,0.438,0.676,7.148,7.181,3.674,25.797,0.474,3.537,47.608,0.0,1.432,1.0,57.037,5.815,21.521,79.962,4.996,0.495,5.879,0.401,1.377,4.329,0.0,0.0,-999.0,-999.0,
1924,40.793,5.006,50.813,1.039,1.106,0.0,-999.0,116.667,53.607,0.526,7.878,9.912,5.109,18.03,16.389,87.551,0.388,0.0,3.691,0.941,0.899,65.178,17.681,0.112,3.814,0.523,0.374,5.044,6.83,3.135,20.529,0.049,3.937,61.002,0.083,1.59,0.0,49.736,1.735,24.084,77.449,8.759,1.293,3.587,0.732,2.065,1.078,0.0,0.0,-999.0,-999.0,
1925,53.538,4.752,62.912,2.254,2.289,3.0,-999.0,117.193,69.114,0.513,16.776,19.945,8.168,27.399,18.814,101.123,0.388,0.0,4.04,1.988,1.973,74.77,27.736,0.642,7.069,0.608,1.321,9.501,6.895,4.57,28.864,1.022,5.49,49.608,0.0,3.685,3.0,68.906,4.154,30.104,92.841,9.437,2.09,5.871,0.43,3.743,2.455,0.0,0.0,-999.0,-999.0,
1926,48.975,3.177,54.856,1.415,0.988,2.0,-999.0,115.689,63.275,0.986,11.389,19.794,5.603,19.353,26.454,107.74,0.589,1.0,3.062,1.665,1.998,67.363,19.436,0.216,7.494,0.608,0.014,9.24,2.712,6.503,30.267,0.44,7.697,36.346,0.167,4.739,2.0,67.9,3.815,34.824,71.28,8.703,0.86,8.878,0.286,3.393,2.501,0.0,0.0,-999.0,-999.0,
1927,41.491,3.552,47.935,1.273,0.803,2.0,-999.0,112.402,47.437,0.011,9.316,9.2,6.183,12.652,12.409,118.553,0.02,0.0,3.953,2.112,2.834,76.733,9.861,0.112,6.592,0.438,0.919,6.064,5.187,3.129,17.333,0.049,2.238,33.8,0.167,1.978,0.0,45.38,3.525,22.264,75.42,6.468,0.131,4.117,0.317,0.785,3.771,0.0,0.0,-999.0,-999.0,
1928,43.42,4.506,53.804,1.256,0.573,1.0,-999.0,107.464,49.398,0.702,13.001,13.154,5.746,14.941,13.676,99.801,0.02,0.0,4.987,2.235,1.544,70.416,18.414,0.183,5.146,0.523,0.919,12.251,7.528,4.927,26.236,0.05,5.51,41.144,0.167,5.156,1.0,63.888,2.758,25.025,74.043,5.968,1.588,5.878,1.048,1.58,3.379,0.0,0.0,-999.0,-999.0,
1929,31.572,2.63,44.265,1.412,0.685,4.0,-999.0,114.87,34.855,0.249,10.259,9.599,7.487,22.824,10.864,93.817,1.438,0.0,1.55,3.09,2.377,57.892,19.785,1.585,9.473,0.438,1.682,10.12,4.816,5.303,17.56,0.867,1.781,37.509,0.083,2.742,0.0,44.663,5.842,18.789,69.276,6.833,1.588,4.794,0.503,0.711,3.657,0.0,0.0,-999.0,-999.0,
1930,41.403,3.356,48.729,1.308,1.415,2.0,-999.0,110.258,45.811,1.056,19.551,19.818,15.285,22.822,28.094,82.468,0.02,1.0,2.849,4.07,4.126,63.754,25.536,0.675,11.767,0.438,0.014,11.749,5.83,4.667,24.976,1.766,7.619,59.278,0.0,3.796,1.0,59.722,8.126,26.575,76.998,5.655,0.495,8.035,0.737,3.471,4.432,0.5,0.0,-999.0,-999.0,
1931,36.29,2.785,57.186,2.781,1.959,1.0,-999.0,110.127,60.83,1.404,30.525,35.015,24.027,33.688,36.696,91.413,0.388,0.0,5.302,12.368,12.851,65.146,35.412,1.363,19.707,4.655,1.263,14.725,7.599,7.343,27.621,2.543,15.768,66.74,0.0,7.591,7.0,61.307,16.81,36.556,76.941,13.024,3.842,8.873,0.157,7.229,15.21,1.5,0.0,-999.0,-999.0,
1932,57.737,5.359,60.279,1.251,1.727,1.0,-999.0,119.463,56.188,0.273,13.967,17.367,10.139,25.126,26.684,92.019,0.02,0.0,1.54,3.788,4.541,75.02,26.144,0.368,11.398,0.438,0.357,10.349,5.187,4.037,28.661,0.777,5.97,46.782,0.0,6.196,2.0,65.851,6.167,33.436,72.31,6.855,0.131,8.279,0.121,3.768,5.357,0.0,0.0,-999.0,-999.0,
1933,48.714,4.101,60.063,1.964,1.158,3.0,-999.0,120.362,59.917,0.09,21.478,24.21,12.478,31.153,22.551,113.618,0.02,0.0,5.897,5.122,5.412,79.095,30.282,0.739,12.092,0.694,0.676,11.956,7.364,6.683,24.979,1.31,10.888,58.189,0.083,3.585,2.0,67.679,8.546,28.375,85.66,6.783,2.09,6.205,0.339,3.339,6.34,0.0,0.0,-999.0,-999.0,
1934,58.016,5.07,65.172,1.435,4.736,5.0,-999.0,127.42,61.211,0.273,30.179,32.231,22.215,50.732,30.486,99.263,0.02,0.0,5.261,4.14,4.944,76.639,47.374,0.882,24.568,0.438,1.003,12.056,15.469,4.881,36.0,1.859,13.638,66.917,0.083,4.728,7.0,73.183,10.224,36.08,89.481,8.131,0.86,10.08,0.356,5.527,7.914,0.0,0.0,-999.0,-999.0,
1935,44.562,3.904,50.688,1.956,1.877,4.0,-999.0,121.347,53.681,0.279,24.051,24.898,19.133,34.718,26.885,94.887,0.589,0.0,4.234,7.482,6.514,63.089,29.857,0.867,19.674,1.146,1.38,12.585,9.39,7.088,27.656,1.659,12.601,50.697,0.357,5.409,3.0,64.425,11.768,28.444,72.017,6.064,3.911,7.003,0.649,5.473,6.637,0.0,0.0,-999.0,-999.0,
1936,50.371,6.717,72.329,1.716,4.528,5.0,-999.0,131.399,56.763,0.274,33.189,37.013,25.745,44.685,33.882,106.309,0.02,0.0,3.15,7.555,9.952,77.925,51.63,3.498,27.896,1.938,0.316,11.733,7.624,6.065,27.612,8.615,14.562,74.32,0.0,5.027,3.0,65.616,20.237,43.497,80.905,6.702,0.86,9.287,0.212,4.534,10.143,0.0,0.0,-999.0,-999.0,
1937,45.238,4.58,57.023,1.675,2.389,4.0,-999.0,118.599,50.112,0.211,18.529,19.103,15.225,38.057,19.885,103.681,3.324,0.0,8.644,6.011,6.506,70.14,27.55,0.755,19.162,0.438,0.618,11.762,8.407,6.368,22.822,3.426,7.458,73.894,0.0,4.024,8.0,61.603,11.756,28.482,82.132,8.276,3.547,3.994,0.632,3.292,8.416,0.0,0.0,-999.0,-999.0,
1938,41.688,6.329,60.874,1.318,1.411,3.0,-999.0,92.298,48.861,0.249,16.855,18.559,13.434,32.306,20.194,105.371,1.44,1.0,7.651,4.493,4.491,71.619,31.791,0.174,15.781,0.438,1.02,12.35,4.406,6.787,26.053,0.752,5.995,62.001,0.175,2.024,7.0,52.131,7.631,25.536,77.041,6.509,4.344,4.986,0.681,3.864,4.665,0.0,0.0,-999.0,-999.0,
1939,42.571,6.564,57.786,2.358,1.119,2.0,-999.0,119.968,53.266,0.726,15.875,18.608,10.377,31.527,17.127,109.994,0.02,0.0,3.534,3.505,2.927,67.607,25.262,0.728,12.754,0.438,0.718,12.054,5.456,6.086,27.212,1.033,6.296,65.195,0.038,2.404,3.0,70.794,6.966,26.24,83.557,6.57,0.86,4.959,0.772,1.923,5.112,0.0,0.0,-999.0,-999.0,
1940,32.906,7.016,39.287,0.965,1.681,3.0,-999.0,106.27,43.256,0.318,18.02,22.622,13.488,21.557,15.524,81.967,0.303,0.0,5.603,4.601,3.934,47.579,18.069,0.333,14.643,1.401,1.421,10.204,5.932,5.79,25.054,0.714,8.514,34.492,0.0,3.712,1.0,55.946,8.126,21.738,50.96,7.838,3.183,5.048,0.231,3.259,7.169,0.0,0.0,-999.0,-999.0,
1941,58.387,3.572,60.002,1.125,0.938,1.0,-999.0,130.518,69.876,0.36,22.241,22.903,14.771,20.557,24.412,118.561,0.303,0.0,3.023,5.581,8.519,78.113,27.647,0.604,9.884,0.664,1.02,11.381,2.438,6.709,33.779,0.962,10.92,41.351,0.357,5.383,0.0,76.34,8.51,44.598,74.011,5.893,1.952,8.29,0.801,3.596,8.591,0.0,0.0,-999.0,-999.0,
1942,44.02,5.519,57.157,0.99,1.233,2.0,-999.0,99.672,45.362,0.032,17.514,19.825,10.977,21.863,24.035,95.186,0.02,0.0,5.432,3.1,1.511,61.899,21.341,0.377,9.137,1.316,1.967,12.737,5.827,5.667,30.649,0.186,7.455,44.78,0.0,4.489,3.0,65.21,2.863,31.052,68.806,5.22,2.454,5.528,0.393,3.648,4.757,0.0,0.0,-999.0,-999.0,
1943,57.838,7.147,69.766,1.075,1.357,5.0,-999.0,115.061,56.392,0.211,27.282,27.034,13.874,34.893,29.904,100.287,0.02,0.0,6.65,2.432,2.812,80.255,37.953,0.205,15.443,0.523,1.304,18.047,7.071,6.967,32.87,0.398,10.379,66.976,0.0,7.614,1.0,63.812,4.885,42.979,75.338,5.478,3.252,7.787,0.303,2.759,5.68,0.0,0.0,-999.0,-999.0,
1944,43.902,3.68,54.071,1.027,1.058,5.0,-999.0,115.026,46.748,0.032,17.907,20.426,8.782,21.398,24.155,101.231,0.303,0.0,9.828,3.47,2.231,68.231,22.237,0.308,8.506,0.438,0.919,11.665,5.961,9.223,25.002,0.308,6.529,52.757,0.0,3.977,2.0,48.978,3.163,26.44,71.145,4.739,2.316,4.989,0.267,1.306,5.086,0.0,0.0,-999.0,-999.0,
1945,48.932,3.476,43.707,1.451,1.006,0.0,-999.0,132.418,44.534,0.424,11.94,11.137,7.975,18.699,12.728,102.18,0.303,0.0,1.96,1.534,2.338,62.908,17.352,0.398,8.828,0.608,0.701,9.82,7.443,5.671,27.417,0.388,3.904,33.682,0.0,3.218,1.0,65.297,3.406,24.513,68.032,4.888,0.131,3.593,0.193,1.512,1.885,0.0,0.0,-999.0,-999.0,
1946,37.197,5.162,41.31,1.001,0.882,1.0,-999.0,113.633,35.143,1.452,12.141,11.467,8.08,24.457,9.154,90.465,0.02,0.0,2.216,1.836,2.208,56.141,22.619,0.348,9.342,0.523,0.701,6.055,8.66,3.526,21.771,1.001,2.484,45.059,0.177,1.142,0.0,44.484,3.734,18.766,75.39,6.613,0.495,3.335,0.246,0.771,2.367,0.0,0.0,-999.0,-999.0,
1947,42.6,7.37,52.102,1.373,0.907,1.0,-999.0,118.649,37.621,0.332,25.499,24.718,19.334,29.406,15.31,96.275,0.589,0.0,9.743,8.504,9.09,65.068,32.795,0.468,14.283,0.523,2.98,12.837,7.644,8.295,21.146,2.554,9.402,-999.0,0.0,4.592,9.0,54.938,11.239,25.357,76.943,5.829,3.547,6.42,0.244,2.151,12.342,0.0,0.0,-999.0,-999.0,
1948,38.813,5.533,38.789,1.053,0.513,1.0,-999.0,124.903,41.638,0.032,10.483,11.138,7.723,12.827,9.803,85.819,0.02,1.0,6.018,4.804,4.103,53.07,12.239,0.18,6.256,0.438,1.173,11.817,10.124,6.23,22.32,1.047,4.832,40.526,0.0,1.718,2.0,51.906,3.815,21.051,70.185,5.746,2.316,4.538,0.174,1.654,6.625,0.0,0.0,-999.0,-999.0,
1949,54.464,6.063,50.504,1.815,0.947,5.0,-999.0,112.489,48.814,0.031,24.03,27.924,16.166,20.173,23.753,91.483,3.229,1.0,13.747,6.981,7.865,67.854,23.466,0.448,8.787,1.231,2.251,20.455,5.29,10.409,33.844,1.169,10.787,45.869,0.0,6.933,7.0,68.681,7.715,31.029,68.744,5.28,3.409,10.588,0.268,3.871,9.492,0.0,0.0,-999.0,-999.0,
1950,27.35,4.234,28.976,1.391,0.896,0.0,-999.0,102.353,29.05,0.032,5.614,4.771,2.479,9.424,8.255,86.376,0.02,0.0,2.129,0.786,0.806,46.224,7.88,0.112,2.823,0.438,0.014,8.836,5.721,3.29,17.346,0.049,2.084,30.459,0.0,1.248,2.0,48.443,1.061,17.523,64.515,4.286,0.483,3.946,0.098,1.261,0.893,0.0,0.0,-999.0,-999.0,
1951,45.329,3.971,54.755,0.963,0.957,0.0,-999.0,103.294,46.925,0.302,8.891,6.886,4.339,16.474,13.817,92.907,0.02,0.0,1.356,0.702,0.866,62.101,15.448,0.66,5.399,1.571,0.014,7.934,11.15,3.16,23.131,0.517,3.093,64.518,0.0,1.569,8.0,55.342,1.66,24.773,86.935,5.451,0.131,4.315,0.121,1.587,1.7,0.0,0.0,-999.0,-999.0,
1952,56.847,4.324,50.6,1.258,1.334,2.0,-999.0,113.651,58.046,0.032,23.679,24.813,11.514,32.88,29.928,71.819,0.671,3.0,6.8,3.813,2.362,64.843,30.189,0.154,10.212,0.608,0.316,14.63,8.922,8.365,28.79,0.226,9.95,69.611,0.0,9.312,10.0,59.24,4.111,34.488,74.809,5.906,2.385,11.201,0.279,4.328,4.833,0.0,0.0,-999.0,-999.0,
1953,48.687,5.109,54.416,1.801,2.059,0.0,-999.0,123.79,48.302,0.032,22.471,20.742,15.411,28.116,23.707,84.881,0.303,0.0,7.516,3.423,4.925,70.56,30.973,0.132,14.737,0.608,1.665,9.919,10.283,6.449,23.592,0.382,7.214,66.093,0.0,3.152,2.0,58.692,7.769,29.208,76.997,6.763,1.952,7.157,0.303,3.578,5.086,0.0,0.0,-999.0,-999.0,
1954,45.81,5.95,68.146,1.383,3.137,0.0,-999.0,117.623,50.947,0.521,23.906,18.477,13.372,43.565,18.161,98.682,0.02,0.0,1.473,1.167,2.251,80.98,42.825,0.225,12.909,0.694,0.014,5.743,13.334,3.326,20.199,0.828,4.716,88.995,0.0,1.615,1.0,55.7,6.4,29.95,87.447,9.077,0.131,3.472,0.121,1.725,3.307,0.0,0.0,-999.0,-999.0,
1955,31.347,2.4,45.296,1.499,1.847,7.0,-999.0,98.922,36.211,0.032,24.689,21.103,22.822,34.128,26.083,86.763,1.054,0.0,14.95,6.689,8.85,65.004,25.204,0.805,20.173,0.523,3.902,22.018,4.358,10.057,27.767,1.206,11.128,56.423,0.086,9.215,10.0,65.323,12.642,26.021,74.592,5.645,3.114,7.518,0.507,2.363,11.165,0.0,0.0,-999.0,-999.0,
1956,22.519,4.22,44.813,1.183,0.606,1.0,-999.0,79.693,28.091,0.032,11.284,10.24,7.913,27.595,11.846,70.484,0.02,0.0,1.5,1.103,1.892,55.768,23.784,0.203,6.863,0.664,1.321,7.86,5.414,3.571,19.609,0.276,3.963,61.736,0.0,1.172,2.0,48.647,2.592,20.015,72.742,5.519,0.495,3.882,0.552,0.657,1.654,0.0,0.0,-999.0,-999.0,
1957,32.789,6.292,44.599,1.097,0.725,2.0,-999.0,115.106,33.712,0.032,15.918,9.824,14.713,27.924,12.851,83.215,0.02,0.0,4.883,2.216,3.211,64.426,25.421,0.183,9.829,0.438,0.659,9.245,9.178,4.85,20.947,1.061,3.194,53.656,0.0,2.907,1.0,57.053,5.836,19.146,69.095,6.77,0.131,5.297,0.121,0.912,3.199,0.0,0.0,-999.0,-999.0,
1958,38.107,7.996,49.24,1.258,1.472,1.0,-999.0,109.52,37.759,0.032,9.258,8.117,4.293,17.043,13.206,98.33,0.02,0.0,1.794,1.009,1.968,66.269,16.608,0.202,4.926,0.664,0.676,9.354,9.649,3.514,25.83,0.654,2.164,59.205,0.083,0.896,4.0,62.194,3.208,22.609,81.263,6.608,1.657,4.002,1.227,0.593,1.366,0.0,0.0,-999.0,-999.0,
1959,26.174,6.79,48.142,1.885,1.001,8.0,-999.0,130.736,33.301,0.032,23.192,20.734,14.459,22.53,21.335,89.851,0.02,0.0,8.874,8.206,5.555,60.349,21.387,0.324,9.048,0.438,2.335,17.973,6.379,9.64,30.499,0.989,8.817,49.078,0.083,8.255,8.0,67.987,6.124,18.325,73.495,8.508,3.911,8.337,0.303,1.815,8.227,0.0,0.0,-999.0,-999.0,
1960,21.468,5.669,46.485,1.992,1.436,0.0,-999.0,110.037,29.051,0.158,8.976,5.383,5.943,17.05,9.828,79.149,0.303,0.0,2.273,1.285,4.383,58.715,14.925,0.948,6.803,1.316,0.014,4.868,5.838,3.179,21.661,1.833,1.759,43.559,0.083,1.675,0.0,54.058,6.889,15.693,69.858,8.08,0.131,3.907,0.698,1.251,2.786,0.0,0.0,-999.0,-999.0,
1961,14.525,5.534,34.795,3.083,0.58,1.0,-999.0,91.233,19.902,0.032,11.141,8.623,4.23,15.529,12.49,67.723,0.02,0.0,5.267,2.823,2.724,37.607,15.515,0.424,6.019,1.486,0.676,11.012,5.783,5.088,20.896,0.956,4.21,31.578,0.167,2.974,5.0,48.055,3.268,10.106,61.902,7.958,2.385,4.425,1.292,1.252,2.587,0.0,0.0,-999.0,-999.0,
1962,26.488,5.403,51.378,0.825,0.52,0.0,-999.0,101.299,28.315,0.095,8.281,4.236,3.07,15.695,10.718,103.25,0.02,0.0,0.938,0.622,0.967,60.916,16.481,0.132,3.628,0.523,0.014,5.628,4.914,2.776,14.641,0.305,2.124,44.589,0.0,1.218,1.0,43.215,1.472,16.313,78.692,6.81,0.131,3.008,0.231,1.198,0.931,0.0,0.0,-999.0,-999.0,
1963,22.307,4.393,46.743,1.278,3.315,2.0,-999.0,97.246,19.998,0.032,8.015,5.821,6.604,32.396,7.465,90.43,0.303,0.0,2.597,2.239,2.956,56.953,21.751,0.333,10.815,0.438,0.316,5.695,8.883,4.338,14.775,1.303,2.527,66.667,0.0,0.928,0.0,34.321,5.324,12.152,80.34,7.13,1.224,3.838,0.21,0.72,1.719,0.0,0.0,-999.0,-999.0,
1964,26.884,4.827,47.647,1.157,2.24,2.0,-999.0,110.109,27.401,0.032,15.669,11.606,11.075,32.546,18.29,95.477,0.02,0.0,4.334,4.61,5.377,64.124,20.42,0.353,11.458,0.438,0.374,7.969,8.265,4.346,22.201,0.774,4.184,67.035,0.0,3.779,1.0,53.809,6.839,17.056,86.775,6.998,1.657,4.979,0.157,1.732,6.22,0.0,0.0,-999.0,-999.0,
1965,31.859,2.828,42.189,1.317,0.876,3.0,-999.0,101.331,18.912,0.095,7.196,5.868,4.095,15.658,11.159,92.887,0.02,0.0,4.043,1.849,1.701,58.2,14.271,0.202,3.437,0.438,1.036,8.47,6.568,3.669,19.898,0.978,2.436,53.656,0.0,2.702,4.0,46.739,2.511,15.855,79.802,4.455,0.495,4.183,0.613,1.45,1.647,0.0,0.0,-999.0,-999.0,
1966,32.646,5.284,40.026,1.26,2.222,1.0,-999.0,109.254,18.757,0.152,13.597,10.092,9.361,26.774,13.132,85.097,0.204,0.0,1.938,3.126,4.677,51.488,19.704,0.357,10.583,0.438,0.014,9.526,8.786,4.725,18.591,1.709,3.408,51.624,0.0,1.785,1.0,44.043,7.052,19.153,67.493,8.139,0.131,4.336,0.103,1.406,2.931,0.0,0.0,-999.0,-999.0,
1967,24.291,2.678,34.047,2.255,0.865,0.0,-999.0,92.329,9.499,0.274,5.657,3.38,2.65,11.258,5.032,82.735,0.02,0.0,2.179,1.189,0.856,42.574,8.49,0.132,2.769,1.401,0.357,5.554,5.624,3.255,15.373,0.1,2.455,36.067,0.0,0.984,1.0,29.456,1.098,9.743,60.062,6.927,1.224,2.252,0.229,0.879,0.988,0.0,0.0,-999.0,-999.0,
1968,26.978,3.465,46.882,1.102,0.905,2.0,-999.0,101.396,23.363,0.032,22.312,18.222,13.376,22.441,24.521,87.914,0.02,2.0,3.103,6.391,3.226,51.758,26.267,0.132,8.158,1.486,1.38,13.79,4.358,5.499,24.278,0.179,9.537,42.44,0.167,6.061,2.0,49.314,4.277,19.453,58.079,6.194,2.454,4.823,0.625,4.547,6.479,0.0,0.0,-999.0,-999.0,
1969,35.453,7.008,44.703,0.995,1.226,5.0,-999.0,127.363,25.221,0.34,12.185,11.407,7.739,22.224,22.339,85.476,0.02,0.0,5.679,2.575,3.597,52.639,23.477,0.161,7.689,0.779,2.008,11.263,12.366,5.79,25.305,0.809,6.671,58.998,0.083,3.003,8.0,54.739,4.046,22.772,69.233,7.452,0.86,4.734,0.303,2.379,1.788,0.0,0.0,-999.0,-999.0,
1970,35.373,8.714,56.261,1.179,2.924,2.0,-999.0,107.659,27.699,0.427,15.628,13.243,10.405,29.363,16.21,104.503,0.02,0.0,5.083,3.638,2.673,67.427,26.139,0.242,9.773,0.864,1.682,7.898,5.301,4.959,22.01,0.456,6.939,67.035,0.083,2.21,5.0,53.126,5.297,19.504,76.357,7.257,0.131,4.224,0.429,2.769,5.601,0.0,0.0,-999.0,-999.0,
1971,27.322,8.653,42.764,1.92,1.629,2.0,-999.0,101.45,15.76,0.274,11.658,9.37,6.909,18.269,9.062,95.778,0.02,0.0,3.692,3.65,1.234,50.16,15.604,0.386,5.861,1.374,1.706,7.044,6.003,4.61,15.762,0.563,3.035,46.414,0.083,2.039,3.0,44.678,3.848,11.682,67.341,7.49,2.09,2.929,0.375,0.866,3.356,0.0,0.0,-999.0,-999.0,
1972,21.035,5.548,42.318,1.956,1.005,-999.0,-999.0,91.116,12.841,0.032,14.296,10.723,8.937,15.635,12.888,91.151,0.033,0.0,3.337,2.584,3.142,47.79,16.82,0.215,4.725,0.779,1.078,11.166,4.27,5.229,15.894,0.592,5.802,52.625,0.0,3.237,3.0,34.627,3.646,9.107,64.569,5.515,2.09,3.404,0.356,1.713,3.707,0.0,0.0,-999.0,-999.0,
1973,26.865,5.607,46.134,1.315,1.2,6.0,-999.0,102.947,24.607,0.033,16.525,13.464,9.472,17.722,16.079,113.369,0.033,0.0,8.386,6.568,4.041,65.206,12.458,0.357,6.68,0.523,1.908,11.823,4.726,6.458,20.282,0.532,5.364,42.896,0.0,2.42,2.0,53.297,6.083,19.049,60.506,6.468,1.657,3.858,0.207,1.133,5.817,0.0,0.0,-999.0,-999.0,
1974,13.569,5.927,32.989,1.521,1.041,2.0,-999.0,88.566,12.009,0.211,11.324,7.345,10.544,19.687,5.469,85.146,0.033,0.0,3.514,2.11,3.146,38.999,14.815,0.291,8.515,1.316,0.659,7.815,5.09,3.864,14.535,0.727,2.525,45.472,0.0,1.106,3.0,31.214,5.855,10.689,58.266,6.92,0.131,2.578,0.121,0.456,2.867,0.0,-999.0,-999.0,-999.0,
1975,14.835,3.587,43.132,1.069,0.744,3.0,-999.0,102.913,17.255,0.458,12.82,12.965,12.605,19.118,15.515,102.817,0.773,0.0,6.723,2.731,5.735,54.83,17.069,0.311,8.644,0.779,2.712,8.458,3.283,4.962,17.406,2.144,4.772,47.179,0.167,1.133,2.0,44.262,9.092,12.901,61.867,5.49,1.965,2.418,1.137,1.335,2.719,0.0,0.0,-999.0,-999.0,
1976,12.31,3.238,22.535,1.594,0.659,3.0,-999.0,73.546,13.952,0.273,7.705,7.257,7.502,13.41,6.301,59.286,0.02,0.0,6.385,1.428,3.985,34.92,11.358,0.257,6.564,0.523,0.374,6.765,3.36,3.158,12.86,0.743,2.917,39.408,0.0,0.849,0.0,31.64,6.525,7.509,43.969,7.484,2.09,2.028,0.231,0.729,2.857,0.0,0.0,-999.0,-999.0,
1977,36.555,4.865,66.057,1.808,2.503,1.0,-999.0,97.836,32.858,0.032,18.535,20.637,11.956,24.311,26.159,112.656,0.575,1.0,5.712,4.282,3.938,73.787,25.487,0.282,9.677,1.401,0.659,11.603,7.085,5.115,24.378,0.308,10.718,65.887,0.083,3.97,4.0,51.252,5.32,24.401,84.517,6.959,1.224,7.32,0.521,3.685,5.361,0.0,0.0,-999.0,-999.0,
1978,19.585,4.477,50.736,1.388,1.032,3.0,-999.0,99.151,28.929,0.393,14.429,11.531,10.238,28.571,16.229,104.306,0.204,0.0,5.787,1.24,2.556,67.426,28.038,0.113,8.041,0.779,1.723,9.968,8.595,4.887,17.821,0.814,6.162,66.976,0.167,2.12,6.0,51.868,4.652,17.153,84.216,7.663,0.495,5.811,0.121,1.518,2.076,0.0,0.0,-999.0,-999.0,
1979,22.783,4.23,42.171,1.563,1.12,4.0,-999.0,107.087,26.086,0.032,10.166,10.945,6.253,18.344,15.723,91.65,0.02,0.0,9.252,1.296,1.158,51.871,14.874,0.128,5.242,0.608,2.737,12.594,4.208,4.746,19.45,0.123,3.587,46.473,0.0,1.615,11.0,41.218,2.748,18.619,59.999,6.436,2.385,3.998,0.214,1.124,1.335,0.0,0.0,-999.0,-999.0,
1980,30.711,8.791,70.665,1.737,3.184,2.0,-999.0,114.208,35.959,0.032,23.179,24.826,13.048,38.267,31.009,108.864,0.02,0.0,3.513,1.478,2.264,72.318,37.57,0.192,12.716,1.571,1.706,11.841,11.953,5.756,26.03,0.556,8.032,91.482,0.0,3.215,3.0,56.692,3.824,30.726,91.446,6.315,0.929,5.755,0.121,1.664,2.419,0.0,0.0,-999.0,-999.0,
1981,35.271,6.623,52.394,1.977,1.33,2.0,-999.0,100.766,33.642,0.186,13.273,15.207,8.318,24.865,19.523,101.2,0.02,2.0,1.657,1.982,1.753,65.738,22.475,0.174,6.945,0.523,0.316,10.561,4.88,4.896,26.355,0.625,5.008,65.371,0.0,1.724,2.0,60.206,3.952,22.559,74.134,9.606,0.929,5.883,0.176,1.897,2.098,0.0,0.0,-999.0,-999.0,
1982,24.644,4.88,48.633,1.326,1.17,1.0,-999.0,111.109,16.036,0.095,10.624,10.83,6.768,19.791,15.638,105.779,0.02,0.0,1.951,1.777,1.402,62.976,17.85,0.214,6.493,0.694,0.316,7.59,4.726,4.122,17.979,0.471,3.301,62.369,0.083,0.663,3.0,53.32,4.203,19.507,71.678,6.885,1.726,3.783,0.393,0.593,2.341,0.0,0.0,-999.0,-999.0,
1983,28.669,3.721,50.103,1.93,1.736,1.0,-999.0,109.961,33.066,0.336,23.726,26.635,21.032,32.436,26.18,88.316,0.204,-999.0,3.219,4.273,6.213,56.155,28.412,0.855,14.794,0.608,0.014,10.686,6.772,6.363,22.581,3.381,8.562,66.976,0.0,1.821,1.0,53.013,9.472,25.187,65.467,6.761,1.224,4.689,0.121,1.834,6.329,0.0,0.0,-999.0,-999.0,
1984,15.225,3.905,40.303,4.351,0.829,2.0,-999.0,89.605,19.067,0.336,11.129,14.052,5.986,17.086,7.88,89.053,0.02,0.0,1.754,2.016,2.303,42.643,13.177,0.418,4.953,0.864,2.293,13.158,5.014,6.138,17.268,0.689,5.383,52.802,0.0,0.636,2.0,45.296,3.099,10.225,66.889,5.851,0.929,4.347,0.32,2.264,2.216,0.0,0.0,-999.0,-999.0,
1985,30.942,4.887,44.049,1.813,1.582,3.0,-999.0,121.938,28.138,0.274,9.666,10.501,5.85,17.753,11.86,97.771,0.02,0.0,0.91,2.199,1.39,60.021,14.311,0.39,5.936,0.949,0.701,12.659,3.394,4.468,16.546,0.239,4.848,49.799,0.0,1.068,3.0,42.13,1.684,17.104,75.45,6.562,0.495,3.458,0.176,1.4,1.973,0.0,0.0,-999.0,-999.0,
1986,42.782,5.101,59.632,1.187,1.033,2.0,-999.0,113.623,35.829,0.457,15.903,18.998,11.629,24.554,20.464,114.318,0.204,1.0,0.486,3.441,3.537,73.165,19.424,0.112,9.132,1.571,1.044,9.042,5.065,4.523,25.095,0.29,6.217,58.851,0.083,1.334,1.0,70.01,5.036,29.106,85.637,7.117,1.293,6.77,0.121,5.582,3.724,0.0,0.0,-999.0,-999.0,
1987,38.803,3.94,53.618,1.252,0.838,6.0,-999.0,108.629,40.079,0.071,20.323,20.736,16.332,24.397,19.97,93.768,0.02,0.0,2.677,6.565,5.089,64.654,20.732,0.23,8.672,0.779,1.405,11.601,4.883,7.626,29.024,2.33,10.409,49.24,0.001,3.948,3.0,66.09,7.771,25.805,63.719,6.063,3.114,6.208,0.284,1.95,7.594,0.0,0.0,-999.0,-999.0,
1988,36.169,6.226,50.02,2.463,1.232,12.0,-999.0,99.465,34.353,0.394,24.897,28.714,22.516,30.739,27.522,86.731,1.039,0.0,12.035,9.559,8.19,68.895,25.301,1.095,13.709,1.571,6.223,20.691,4.404,10.225,25.925,4.369,12.734,49.21,0.042,6.881,15.0,54.498,10.677,28.354,64.248,9.184,3.773,7.433,0.231,2.845,11.639,0.0,0.0,-999.0,-999.0,
1989,39.07,6.417,46.424,1.243,1.049,22.0,-999.0,104.656,29.971,0.032,12.791,15.622,7.726,19.461,18.826,95.097,0.204,1.0,3.394,2.176,3.816,63.877,15.893,0.299,7.359,0.694,0.659,10.385,7.653,5.104,20.656,2.794,6.46,46.9,0.0,2.125,5.0,54.692,6.309,22.095,70.822,7.282,1.224,5.258,0.121,2.183,3.445,0.0,0.0,-999.0,-999.0,
1990,28.179,7.863,58.338,3.119,1.615,0.0,-999.0,113.262,31.637,0.517,13.619,12.694,12.478,29.47,12.663,109.865,0.02,1.0,3.478,1.49,3.205,65.813,24.973,0.257,11.036,0.523,1.321,9.508,12.102,4.778,20.144,1.144,4.206,67.77,0.0,0.902,4.0,64.403,4.735,18.002,82.451,8.744,1.657,3.035,0.717,0.821,3.237,0.0,0.0,-999.0,-999.0,
1991,44.946,3.212,61.141,1.451,1.325,2.0,-999.0,127.489,50.847,0.09,21.752,24.428,14.087,29.259,24.823,115.025,0.487,0.0,2.122,5.915,5.793,81.513,25.668,0.627,11.893,0.694,0.316,13.252,5.128,5.426,32.772,1.493,9.806,50.123,0.0,2.536,0.0,75.244,8.436,28.67,76.548,6.431,2.021,6.48,0.236,1.259,7.323,0.0,0.0,-999.0,-999.0,
1992,25.49,2.884,32.99,2.295,0.544,0.0,-999.0,100.215,28.007,0.071,6.685,7.666,2.482,10.056,11.16,77.135,0.02,-999.0,0.192,0.402,0.851,43.776,10.586,0.112,2.591,1.571,0.014,5.551,5.599,2.936,17.464,0.127,2.531,30.518,0.167,0.663,2.0,52.564,0.943,17.535,59.029,7.636,0.131,4.396,0.773,1.736,0.761,0.0,0.0,-999.0,-999.0,
1993,41.384,4.498,65.164,1.307,0.52,5.0,-999.0,93.749,42.218,0.032,18.745,21.134,6.292,23.029,22.325,103.207,0.02,0.0,1.616,2.731,0.43,70.839,30.988,0.141,5.258,0.608,1.397,13.197,8.508,6.959,29.069,0.266,8.54,63.002,0.0,1.673,3.0,66.498,1.561,29.458,80.342,5.241,2.749,5.51,0.121,0.729,1.755,0.0,0.0,-999.0,-999.0,
1994,28.229,7.628,37.692,1.513,1.317,14.0,-999.0,114.899,28.106,1.08,12.765,13.779,6.443,17.838,16.707,94.764,0.487,0.0,4.036,2.098,1.262,49.173,14.057,0.141,5.246,1.374,1.942,9.719,13.088,5.865,23.805,0.2,5.483,53.42,0.167,1.734,8.0,52.46,1.667,18.332,73.794,8.896,4.708,2.961,0.652,0.984,2.704,0.0,0.0,-999.0,-999.0,
1995,42.877,5.552,53.644,1.736,0.956,-999.0,-999.0,131.739,43.264,0.032,23.749,25.813,16.273,23.045,26.097,99.348,0.671,1.0,8.975,6.277,6.115,66.241,24.607,0.239,11.399,0.608,1.338,12.68,8.145,6.894,28.09,2.798,10.432,59.602,0.25,3.75,10.0,67.283,7.601,28.812,70.103,5.296,3.672,5.445,0.32,2.083,9.364,0.0,0.0,-999.0,-999.0,
1996,27.308,8.139,44.413,2.753,0.99,-999.0,-999.0,116.884,35.713,0.065,11.263,11.728,5.594,18.303,14.806,95.352,0.02,0.0,1.068,3.396,2.69,55.186,16.273,0.141,5.547,1.656,1.036,7.216,8.248,3.256,22.337,0.98,4.054,64.429,0.083,0.902,0.0,51.369,3.087,19.743,83.306,7.675,0.483,3.66,0.481,0.63,2.732,0.0,0.0,-999.0,-999.0,
1997,29.105,6.036,46.557,1.902,0.622,1.0,-999.0,112.003,32.518,0.032,11.187,12.922,9.208,18.244,13.546,96.972,0.02,0.0,1.854,1.952,3.073,53.993,21.975,0.161,7.818,0.608,0.676,6.282,5.714,4.049,21.203,0.227,2.723,55.363,0.0,0.555,2.0,45.718,4.403,24.579,73.205,5.93,0.483,4.98,0.393,0.456,2.427,0.0,0.0,-999.0,-999.0,
1998,53.736,6.778,78.758,3.625,0.72,-999.0,-999.0,141.973,55.771,0.389,16.142,18.774,8.08,27.511,19.612,130.667,0.02,1.0,2.336,4.056,1.087,92.846,32.725,0.154,8.452,1.119,2.721,11.108,10.768,4.901,28.814,0.419,4.551,71.274,0.086,1.584,5.0,70.914,3.642,34.763,104.361,9.158,0.483,4.731,1.492,0.987,2.479,0.0,0.0,-999.0,-999.0,
1999,41.05,4.666,51.014,2.029,1.178,-999.0,-999.0,124.446,40.666,0.032,19.798,25.343,13.76,24.164,25.536,100.691,1.523,0.0,8.098,4.308,3.94,66.448,26.846,0.207,11.72,1.486,5.051,16.658,9.436,7.746,29.602,0.261,11.152,54.23,0.0,4.855,9.0,58.748,7.002,31.947,83.108,8.641,11.646,6.496,0.376,3.48,5.806,0.0,0.0,-999.0,-999.0,
2000,36.142,10.071,58.614,2.084,1.11,-999.0,-999.0,111.327,33.031,0.302,12.209,11.847,7.183,30.623,15.933,104.598,0.02,1.0,1.43,0.667,1.412,65.279,33.268,0.351,10.731,0.864,0.504,10.635,12.019,4.155,22.111,0.475,2.322,66.063,0.0,2.461,3.0,50.468,5.455,25.957,90.45,11.586,1.293,2.857,0.483,0.584,1.848,0.0,0.0,-999.0,-999.0,
2001,38.454,5.389,53.981,1.918,1.553,-999.0,-999.0,126.373,39.358,0.306,17.885,19.356,14.813,26.526,23.344,99.715,0.671,1.0,4.765,6.725,8.544,60.81,29.67,0.549,12.999,0.608,3.937,11.012,14.527,5.777,20.8,1.97,6.964,61.456,0.0,3.338,9.0,51.288,10.398,32.674,78.599,8.714,2.818,4.103,0.445,1.308,8.219,0.0,0.0,-999.0,-999.0,
2002,42.429,8.618,60.053,1.64,1.974,-999.0,-999.0,139.237,47.378,0.395,21.238,29.006,13.825,27.938,32.544,115.365,0.957,2.0,5.768,7.086,6.631,68.051,27.235,0.748,17.097,2.618,3.383,15.77,13.303,7.864,26.376,2.05,12.073,59.94,0.083,5.688,6.0,62.947,13.04,32.857,77.528,11.014,1.657,7.615,1.286,2.453,7.733,0.0,0.0,-999.0,-999.0,
2003,36.379,10.8,50.88,3.21,2.225,8.0,-999.0,145.182,43.954,0.847,7.897,8.796,5.566,22.754,16.284,102.619,0.303,0.0,11.46,1.596,2.162,65.324,22.143,0.827,7.248,4.767,4.631,13.063,15.664,4.389,26.888,1.209,2.386,54.877,0.0,0.888,8.0,55.879,4.706,22.73,65.715,15.324,2.454,3.586,0.248,0.8,2.574,0.5,0.0,-999.0,-999.0,
2004,29.861,5.461,42.322,1.403,0.519,9.0,-999.0,127.76,44.505,0.52,8.937,10.184,2.946,12.502,14.094,104.152,0.02,0.0,5.347,1.288,0.802,54.521,12.875,0.284,4.809,0.864,2.285,10.064,6.224,3.824,26.233,0.049,3.546,41.675,0.178,0.854,4.0,64.326,1.987,18.769,63.227,7.095,2.09,4.289,1.154,1.218,1.352,0.0,0.0,-999.0,-999.0,
2005,51.029,11.369,53.209,1.966,1.095,8.0,-999.0,137.6,53.488,0.302,18.276,22.278,10.852,19.893,28.822,100.636,1.056,-999.0,11.734,6.07,5.434,67.89,24.915,0.767,11.32,2.081,6.81,23.209,10.196,10.294,30.325,2.082,11.35,51.992,0.0,7.036,6.0,75.387,8.854,36.385,73.482,7.309,5.87,6.184,0.467,1.225,6.157,0.0,0.0,-999.0,-999.0,
2006,47.771,7.243,54.496,5.95,2.182,6.0,-999.0,119.262,51.778,0.753,19.512,21.225,10.863,26.202,28.866,93.624,0.02,0.0,7.381,6.367,4.862,67.676,30.886,0.567,9.983,1.935,2.344,16.098,10.345,8.476,26.468,0.643,9.909,65.489,0.81,8.444,6.0,63.016,8.847,31.503,77.08,9.397,3.911,5.823,1.273,3.892,7.564,0.5,0.0,-999.0,-999.0,
2007,41.777,12.511,57.144,2.157,1.022,3.0,-999.0,129.275,46.833,0.572,17.394,19.134,8.538,27.312,29.13,105.109,0.02,1.0,5.243,2.923,3.598,71.962,29.135,1.239,8.908,1.656,0.978,11.466,8.161,4.738,26.944,3.6,7.508,56.82,0.0,3.339,2.0,59.971,8.164,34.093,69.144,11.859,2.09,3.993,0.356,2.543,3.349,0.0,0.0,-999.0,-999.0,
2008,39.591,7.723,46.471,2.303,1.714,2.0,-999.0,125.147,38.736,0.032,9.304,10.584,3.338,16.574,21.036,100.514,0.02,0.0,4.463,1.445,0.674,57.868,20.334,0.161,4.482,0.664,0.618,9.443,9.75,4.783,21.674,0.181,4.761,54.598,0.168,1.527,1.0,51.549,2.29,24.761,77.467,9.059,0.495,3.475,0.661,0.456,1.147,0.0,0.0,-999.0,-999.0,
2009,42.654,9.955,37.981,1.744,0.639,5.0,-999.0,132.266,40.744,0.231,8.558,9.777,2.951,12.984,15.887,106.486,0.204,1.0,4.068,1.337,0.372,64.081,14.424,0.185,3.11,0.949,1.623,8.104,12.594,3.16,20.66,0.049,2.675,48.048,0.333,1.18,8.0,53.574,1.223,18.046,80.491,8.454,1.657,2.621,0.706,0.975,0.977,-999.0,0.0,-999.0,-999.0,
2010,71.634,15.668,81.696,1.832,1.475,15.0,-999.0,136.087,65.052,0.032,26.207,26.101,10.321,31.799,43.568,121.679,3.125,2.0,8.303,7.293,3.687,89.629,40.923,0.194,8.586,0.914,2.305,28.065,14.765,8.057,50.216,1.027,11.226,86.655,0.0,5.917,5.0,81.65,5.347,49.767,99.706,10.18,4.344,7.685,0.157,2.942,5.945,0.0,0.0,-999.0,-999.0,
2011,49.401,11.794,71.268,1.672,1.951,4.0,-999.0,120.088,48.925,0.065,26.815,23.531,18.855,38.777,28.417,112.746,1.707,0.0,3.128,6.429,7.13,76.647,43.835,0.489,13.837,0.523,1.582,16.865,26.391,7.498,36.906,2.987,14.585,84.624,0.008,8.771,2.0,70.852,10.648,34.743,107.036,8.684,1.293,8.56,0.157,3.774,7.628,0.97,0.0,-999.0,-999.0,
2012,42.932,13.526,56.363,4.092,2.853,8.0,-999.0,135.868,48.947,0.09,23.956,24.477,15.237,30.338,25.623,100.768,0.204,0.0,5.954,6.414,5.482,58.958,31.404,0.491,11.977,3.071,0.618,17.802,18.486,7.768,32.836,0.929,10.094,62.457,0.008,3.516,12.0,63.317,10.821,30.146,83.464,9.36,0.86,6.274,0.641,2.141,7.974,0.0,0.0,-999.0,-999.0,
2013,32.264,10.762,46.65,4.115,1.134,14.0,-999.0,136.468,38.18,1.204,14.364,13.633,9.65,22.913,23.104,104.782,0.572,0.0,14.193,5.779,5.975,57.225,21.64,0.214,7.329,1.826,3.627,29.227,17.276,9.745,26.158,0.501,7.969,63.576,0.104,6.542,14.0,56.919,5.424,20.704,81.772,14.032,3.842,5.028,0.238,2.179,7.229,0.0,0.0,-999.0,-999.0,
2014,32.804,8.535,41.715,2.865,0.676,1.0,-999.0,130.963,44.136,0.39,11.551,13.373,3.503,17.591,23.655,100.556,0.02,0.0,3.493,1.073,1.069,59.418,20.504,0.11,3.353,1.656,1.582,9.007,10.741,4.807,23.375,0.129,4.644,49.137,0.004,3.035,4.0,57.152,1.52,18.88,78.08,9.421,0.929,3.17,0.935,1.053,1.532,0.0,0.0,-999.0,-999.0,
2015,40.961,7.875,57.163,4.243,0.997,0.0,-999.0,157.388,52.988,0.938,13.082,12.087,5.632,23.649,22.044,108.553,0.02,0.0,4.339,1.748,2.992,66.824,29.958,0.363,4.873,2.73,0.014,13.82,13.406,5.309,33.102,0.651,3.957,64.518,0.458,3.389,7.0,75.463,2.93,30.845,82.476,9.338,1.588,4.45,1.61,2.042,2.209,0.0,0.0,-999.0,-999.0,
2016,62.283,9.848,69.943,2.114,1.244,7.0,-999.0,141.804,51.958,0.032,20.584,24.316,9.222,27.163,41.37,119.485,0.02,1.0,7.022,5.791,2.146,87.118,39.903,0.247,9.926,2.193,2.025,22.337,18.087,7.88,39.693,0.132,13.362,69.978,0.0,12.284,9.0,86.277,6.41,47.218,91.227,9.992,2.021,10.176,0.257,5.152,3.486,0.0,0.0,-999.0,-999.0,
2017,45.252,8.989,45.263,8.487,0.726,4.0,-999.0,149.728,42.252,0.095,11.064,12.283,7.552,16.999,18.952,114.11,0.02,0.0,2.299,1.403,1.301,68.039,19.964,0.734,7.039,1.608,0.676,12.759,13.899,4.574,32.117,0.098,5.837,58.263,0.0,3.03,4.0,73.389,3.179,27.388,79.106,8.257,0.495,4.571,0.217,1.171,1.49,0.0,0.0,-999.0,-999.0,
2018,55.103,11.974,65.126,2.196,1.855,18.0,-999.0,149.433,56.149,0.118,20.713,23.223,8.766,25.644,47.078,136.334,2.276,0.0,14.458,5.589,3.462,86.845,36.049,0.391,7.632,4.238,3.919,24.067,17.55,9.036,42.828,0.694,15.155,79.281,0.0,11.208,17.0,86.485,4.983,38.465,103.405,13.094,7.396,5.889,0.457,2.18,4.04,0.0,0.0,-999.0,-999.0,
2019,42.933,11.577,52.948,2.526,0.934,4.0,-999.0,149.841,53.439,0.211,16.499,15.971,8.441,21.642,33.053,125.101,0.487,2.0,3.861,3.241,2.117,72.058,28.665,0.146,8.52,2.161,1.699,19.821,20.289,7.006,33.33,0.443,10.037,76.793,0.0,3.849,8.0,78.913,4.768,30.559,92.595,11.115,1.588,5.808,0.318,3.139,2.649,0.03,0.0,-999.0,-999.0,
2020,49.216,14.465,48.372,5.355,1.476,8.0,-999.0,160.573,50.047,0.152,15.23,12.328,10.549,22.716,29.538,108.37,1.056,1.0,10.297,3.415,3.494,67.11,27.18,0.307,10.591,3.976,4.389,23.019,22.724,6.779,39.962,0.907,6.202,54.112,0.402,4.248,14.0,77.446,7.118,34.848,76.824,12.119,7.829,8.027,1.17,2.563,4.504,0.03,0.0,-999.0,-999.0,
