Year,AL,AZ,AR,CA,CO,CT,DE,FL,GA,ID,IL,IN,IA,KS,KY,LA,ME,MD,MA,MI,MN,MS,MO,MT,NE,NV,NH,NJ,NM,NY,NC,ND,OH,OK,OR,PA,RI,SC,SD,TN,TX,UT,VT,VA,WA,WV,WI,WY,AK,HI,PR,VI
1900,10.036,29.319,28.477,21.384,14.072,0.0,-999.0,26.357,18.999,13.305,12.821,6.977,7.226,35.112,18.32,22.269,2.061,-999.0,2.116,3.383,2.607,20.534,18.623,10.831,19.868,14.13,2.905,9.258,-999.0,1.312,26.662,8.424,6.552,-999.0,3.616,3.686,2.0,28.096,14.218,5.96,43.696,35.094,2.095,17.101,7.156,14.68,5.216,2.839,-999.0,-999.0,-999.0,
1901,27.395,36.814,61.003,26.187,20.309,1.0,-999.0,10.709,13.711,15.806,29.847,27.037,28.337,54.305,29.86,38.247,4.172,-999.0,2.138,4.857,9.444,39.176,49.153,8.094,33.77,16.472,3.539,5.603,-999.0,0.972,7.31,4.697,9.123,-999.0,7.781,0.794,0.0,8.432,20.965,21.505,63.743,39.118,1.045,4.221,7.232,3.642,13.2,2.934,-999.0,-999.0,-999.0,
1902,49.533,24.602,31.074,21.797,17.848,0.0,-999.0,22.771,44.302,15.66,4.016,6.327,1.032,24.627,23.196,49.209,0.0,-999.0,0.038,0.267,0.707,45.082,7.214,3.365,8.074,22.167,0.024,1.002,66.609,0.365,15.807,2.077,2.141,-999.0,7.152,0.25,0.0,25.467,4.537,17.36,62.643,31.04,0.0,7.067,6.321,0.776,0.743,1.162,-999.0,-999.0,-999.0,
1903,20.489,24.763,18.546,27.869,13.577,0.0,-999.0,13.303,14.955,8.832,6.039,7.844,2.198,21.505,10.946,26.276,0.0,-999.0,0.84,0.112,0.372,19.977,7.086,3.272,4.814,24.73,0.378,2.128,54.759,0.362,9.327,2.691,3.597,33.388,3.795,0.159,0.0,14.619,5.104,7.576,33.655,28.925,0.0,3.157,6.978,1.419,0.103,1.162,-999.0,-999.0,-999.0,
1904,25.858,24.817,14.299,34.394,6.626,0.0,-999.0,14.14,25.205,10.812,1.272,1.664,1.081,12.252,6.437,20.199,0.0,0.0,0.162,0.667,0.513,22.433,1.704,3.665,4.693,24.097,0.024,1.251,42.251,0.323,7.152,1.857,0.789,32.348,8.004,0.057,0.0,10.612,5.412,5.022,44.465,25.084,0.0,2.233,10.443,1.093,0.559,2.839,-999.0,-999.0,-999.0,
1905,18.29,32.117,15.559,31.942,13.109,0.0,-999.0,13.265,24.02,14.306,3.436,2.203,3.96,23.762,6.281,39.825,0.0,0.0,0.038,0.193,1.534,20.603,2.727,4.52,7.912,17.208,0.684,2.635,31.802,0.655,6.919,2.582,1.067,40.667,8.048,0.628,0.0,8.72,5.751,3.105,53.234,32.144,0.0,2.326,9.057,2.062,1.544,1.162,0.0,-999.0,-999.0,
1906,11.432,20.263,17.916,38.506,8.788,0.0,-999.0,10.972,19.226,11.214,5.807,3.92,3.079,13.355,4.51,42.636,0.0,0.0,0.162,0.53,1.043,28.252,5.195,6.921,10.463,29.671,0.662,1.858,26.615,0.515,5.902,8.63,1.143,18.828,10.853,0.274,0.0,7.093,7.524,6.123,42.086,22.968,1.057,2.725,12.583,0.488,1.059,1.162,0.0,-999.0,-999.0,
1907,20.227,16.846,38.703,19.035,11.311,0.0,-999.0,18.955,25.95,6.596,2.979,3.49,1.859,27.905,9.061,41.196,0.0,0.0,1.45,0.406,0.523,34.277,12.858,2.322,15.067,10.635,1.039,0.338,38.868,0.777,7.651,2.042,0.307,-999.0,4.202,0.041,0.0,13.549,4.585,14.762,62.324,20.133,1.057,1.569,7.529,0.488,0.419,1.457,0.0,-999.0,-999.0,
1908,26.509,17.287,17.654,31.741,10.679,0.0,-999.0,19.303,24.523,14.246,9.591,13.561,2.951,20.288,11.218,21.91,2.232,0.0,2.025,1.425,2.125,24.895,8.292,7.899,11.217,27.239,2.054,2.418,28.788,1.894,7.618,4.502,5.083,42.747,9.925,0.497,0.0,7.864,7.405,9.813,46.773,21.649,1.057,4.855,10.484,4.171,2.381,1.162,0.0,-999.0,-999.0,
1909,14.76,26.16,47.83,29.133,13.266,0.0,-999.0,14.919,12.144,11.903,8.059,3.252,4.703,28.466,11.72,42.758,2.01,0.0,0.99,0.701,1.049,37.894,19.447,4.728,15.818,25.985,0.684,2.783,35.163,0.617,4.533,2.159,0.312,82.266,3.188,0.4,0.0,4.382,7.851,10.812,72.494,23.103,5.291,5.192,4.78,1.068,2.545,1.457,0.0,-999.0,-999.0,
1910,5.285,28.163,16.276,37.519,17.268,0.0,-999.0,9.448,11.447,10.218,9.724,4.986,11.746,32.164,6.962,32.768,0.732,0.0,1.088,2.887,7.577,22.29,8.024,7.782,19.488,24.132,1.699,2.575,47.392,0.431,4.028,11.316,1.964,84.61,4.934,0.057,0.0,5.567,10.63,4.104,83.612,27.196,0.52,4.267,7.379,1.183,9.418,2.639,0.0,-999.0,-999.0,
1911,32.021,24.956,40.282,24.036,15.658,6.0,-999.0,16.82,39.138,6.888,21.441,20.069,20.505,52.666,22.449,56.353,7.761,0.0,8.94,5.806,5.821,40.97,34.581,2.704,27.744,12.966,8.259,6.746,32.387,5.625,18.341,3.083,12.649,85.573,8.287,5.047,3.0,19.159,15.798,18.795,88.719,22.595,7.536,11.718,10.477,10.747,7.809,1.457,0.0,-999.0,-999.0,
1912,10.842,21.328,33.491,22.954,7.974,1.0,-999.0,15.429,17.918,5.936,7.454,4.98,8.297,33.836,11.264,37.96,4.008,0.0,3.584,0.217,2.614,18.768,20.192,2.455,18.803,10.367,6.207,3.34,35.704,1.313,8.816,3.804,1.595,54.353,4.978,0.204,0.0,17.37,8.465,3.756,75.672,16.544,6.783,4.521,7.774,2.231,1.898,1.162,0.0,-999.0,-999.0,
1913,34.784,32.683,54.784,33.613,18.569,0.0,-999.0,11.261,28.462,7.977,31.796,31.037,23.064,62.505,39.463,30.239,0.953,0.0,3.494,3.343,3.927,35.089,53.659,3.031,40.221,9.623,4.367,4.362,41.824,1.327,13.477,6.652,10.689,71.995,5.239,3.073,0.0,20.138,15.688,31.934,66.268,19.667,2.011,3.328,8.683,5.45,5.602,2.048,0.0,-999.0,-999.0,
1914,40.004,24.438,50.149,26.238,11.973,0.0,-999.0,21.318,38.034,12.97,25.084,28.488,12.842,40.52,36.344,43.318,0.0,0.0,1.467,1.186,3.001,37.242,37.433,8.47,22.815,22.251,1.513,3.334,37.067,0.619,21.203,6.765,12.109,72.649,8.214,2.101,0.0,23.961,14.742,38.964,55.708,22.194,0.52,10.508,9.972,10.048,2.091,1.457,0.0,-999.0,-999.0,
1915,28.601,28.954,18.85,28.312,6.66,0.0,-999.0,19.997,30.134,12.99,0.625,1.368,0.352,3.199,6.709,42.63,0.0,0.0,0.038,0.098,0.323,29.636,2.992,1.713,2.071,24.254,0.024,0.779,35.413,0.254,12.896,1.284,0.669,25.889,9.803,0.538,0.0,17.024,0.816,12.856,54.186,18.486,0.0,4.278,11.776,1.816,0.18,1.162,1.0,-999.0,-999.0,
1916,14.469,25.602,46.818,23.363,14.949,1.0,-999.0,10.589,14.636,8.791,26.218,17.31,18.445,44.054,13.645,31.586,0.0,0.0,0.541,5.928,3.161,12.166,34.835,2.633,27.092,19.667,0.945,2.465,40.717,2.448,4.973,5.428,10.593,70.512,5.123,3.226,-999.0,7.799,12.549,7.804,67.715,14.133,3.527,2.008,7.126,3.598,9.429,2.839,0.0,-999.0,-999.0,
1917,11.006,32.833,26.505,39.977,15.131,1.0,-999.0,17.16,19.443,12.01,5.574,3.811,5.707,33.332,5.672,37.411,1.421,0.0,4.169,2.377,3.313,22.932,11.267,7.212,18.907,44.128,3.139,2.667,41.561,1.634,8.199,8.923,2.813,57.011,8.463,0.64,-999.0,8.389,9.632,6.597,74.136,23.913,3.05,4.765,9.148,8.767,3.436,2.343,0.0,-999.0,-999.0,
1918,26.946,27.878,53.962,28.599,18.053,2.0,-999.0,16.11,27.691,11.792,14.949,11.806,11.167,48.18,20.499,49.917,0.226,2.0,4.532,3.048,1.936,34.109,34.377,5.807,26.365,24.507,2.054,5.035,39.274,3.264,13.52,4.038,9.428,85.207,6.717,4.171,2.0,16.721,7.014,22.006,84.924,23.348,2.429,9.054,8.505,7.46,3.016,2.639,0.0,-999.0,-999.0,
1919,12.96,19.629,37.013,30.763,20.159,5.0,-999.0,16.95,15.539,17.857,14.748,12.208,8.182,31.893,19.787,24.104,4.973,0.0,5.749,1.325,1.238,18.874,18.076,14.757,22.278,44.752,5.382,4.497,27.183,3.137,10.346,8.321,5.836,50.558,9.598,3.376,3.0,7.808,10.512,16.126,28.166,35.272,4.91,4.025,9.032,5.232,2.908,5.001,0.0,-999.0,-999.0,
1920,7.636,23.282,15.773,28.487,9.219,-999.0,-999.0,16.276,16.612,16.751,6.621,2.589,3.193,18.28,7.27,22.285,0.456,0.0,0.038,0.244,1.356,15.106,8.596,5.475,11.104,25.213,0.024,0.668,31.763,0.256,7.237,4.791,0.704,25.484,8.995,0.057,0.0,13.62,4.879,4.683,43.349,21.55,0.0,1.88,11.712,0.908,1.125,1.753,0.0,-999.0,-999.0,
1921,31.549,19.609,50.217,32.686,12.536,-999.0,-999.0,19.996,43.919,7.999,18.028,14.249,9.844,27.013,22.716,47.737,1.145,0.0,0.964,4.544,6.29,46.456,19.109,7.939,21.802,29.585,0.662,2.407,27.205,2.724,19.691,8.618,7.496,45.16,3.241,1.827,0.0,28.204,16.503,25.516,64.462,21.548,4.433,4.875,7.235,3.567,8.931,1.457,0.0,-999.0,-999.0,
1922,20.331,37.51,41.043,35.651,18.54,0.0,-999.0,11.702,21.535,14.902,14.976,10.142,6.95,36.444,12.41,26.975,0.0,0.0,0.162,0.557,4.988,28.784,26.035,4.421,25.796,26.407,0.307,0.556,43.162,0.322,6.11,7.024,3.701,55.933,11.126,0.929,0.0,9.987,14.164,15.58,71.079,28.274,0.0,2.58,12.769,1.668,2.676,3.525,0.0,-999.0,-999.0,
1923,7.027,14.969,31.175,25.125,8.128,0.0,-999.0,9.858,15.671,7.938,13.151,4.556,6.707,21.102,6.682,13.797,0.502,0.0,1.984,1.169,2.535,9.683,17.502,4.006,9.688,21.812,0.684,4.2,33.384,1.016,12.741,2.213,4.301,52.864,7.005,2.119,1.0,15.125,6.052,4.212,59.369,19.38,0.997,4.511,9.259,1.224,2.536,1.162,0.0,-999.0,-999.0,
1924,32.648,31.299,42.389,34.904,16.577,0.0,-999.0,22.613,36.872,14.621,3.436,3.31,0.838,27.597,10.005,61.328,0.502,0.0,2.222,0.134,0.614,50.339,4.845,3.577,10.99,22.968,0.591,3.495,39.588,1.054,12.658,1.513,2.992,64.42,8.265,0.589,0.0,19.461,5.175,18.156,73.24,29.773,0.0,4.092,10.226,1.242,0.234,3.82,0.0,-999.0,-999.0,
1925,60.508,20.854,68.543,29.636,16.626,0.0,-999.0,18.021,73.08,17.213,18.841,16.933,11.479,42.799,30.465,50.493,0.264,0.0,1.792,2.051,3.524,61.839,30.682,6.77,23.041,23.901,1.039,5.014,38.011,1.552,33.357,8.269,6.123,65.871,8.549,2.744,1.0,45.347,17.499,49.524,84.112,26.233,0.52,8.648,12.149,5.037,1.621,3.229,0.0,-999.0,-999.0,
1926,23.83,28.546,39.67,31.938,14.916,1.0,-999.0,9.843,29.26,15.324,9.287,7.795,7.103,34.183,14.141,40.105,0.769,1.0,3.235,1.413,3.405,34.783,19.239,7.584,22.53,34.354,1.699,4.37,32.422,1.228,21.33,8.177,3.546,44.647,11.153,2.376,1.0,19.526,16.772,16.711,54.707,29.632,1.522,8.372,11.616,5.871,1.931,3.525,0.0,-999.0,-999.0,
1927,24.839,19.778,24.662,27.833,11.845,0.0,-999.0,28.404,28.378,11.767,8.35,6.758,6.895,15.904,13.108,36.09,0.226,0.0,0.212,1.347,1.43,33.496,7.736,2.093,14.201,17.92,0.307,1.563,42.021,0.464,8.577,1.298,3.429,47.671,6.979,0.896,0.0,11.728,6.852,11.487,77.204,22.713,0.0,4.017,9.617,1.847,1.421,1.162,0.0,-999.0,-999.0,
1928,15.826,28.96,26.487,32.33,11.001,0.0,-999.0,8.722,15.199,14.687,3.319,2.33,1.516,15.641,6.627,32.089,1.237,0.0,1.868,0.406,1.319,26.275,3.686,4.793,14.595,27.902,0.591,1.32,44.865,0.907,11.84,2.468,1.812,56.877,10.091,0.19,0.0,8.023,9.231,6.273,67.429,32.427,0.0,2.827,11.918,1.445,0.784,1.457,0.0,-999.0,-999.0,
1929,27.03,35.028,40.573,35.74,14.279,0.0,-999.0,10.259,26.492,15.797,3.164,3.386,2.684,27.663,10.286,31.799,1.008,0.0,2.245,1.013,4.268,26.444,13.251,10.409,18.725,29.667,1.158,5.006,42.36,0.852,4.357,12.115,0.838,52.582,6.311,0.667,1.0,8.436,17.19,7.096,66.393,25.098,1.57,5.904,8.886,2.057,1.917,2.343,0.0,-999.0,-999.0,
1930,48.496,23.32,64.146,27.597,18.425,0.0,-999.0,19.048,40.382,13.638,25.214,21.287,19.782,39.886,36.428,45.771,0.0,3.0,1.301,3.645,7.727,50.048,37.64,11.61,26.049,18.988,0.307,7.616,43.699,2.146,27.66,10.15,15.926,68.066,6.041,8.071,0.0,28.633,23.996,39.676,77.441,24.47,0.0,23.756,10.463,12.514,6.506,2.639,0.0,-999.0,-999.0,
1931,47.192,25.837,35.942,38.345,29.419,0.0,-999.0,22.84,53.683,19.349,28.218,19.568,27.743,48.426,35.125,38.388,1.008,0.0,2.8,8.632,16.593,32.875,33.052,14.691,41.798,34.514,1.158,5.649,51.668,3.842,23.307,14.928,12.625,70.435,9.47,5.873,0.0,33.851,39.01,32.274,68.599,42.174,1.474,9.153,12.606,11.313,17.613,10.927,0.0,-999.0,-999.0,
1932,29.172,30.751,46.264,31.953,20.163,0.0,-999.0,27.036,32.838,10.962,12.473,10.018,7.755,32.28,19.61,39.192,0.769,1.0,0.038,1.034,4.446,35.552,21.761,5.922,19.963,24.523,0.024,1.332,39.111,0.601,23.039,5.156,5.807,45.321,4.48,3.403,0.0,27.407,17.397,27.316,48.346,29.058,0.0,9.31,7.129,4.626,4.666,4.41,0.0,-999.0,-999.0,
1933,36.014,32.741,36.545,32.981,22.793,0.0,-999.0,24.263,39.793,18.504,28.478,27.35,19.551,49.147,20.155,21.439,0.264,1.0,6.333,5.642,10.497,27.964,27.48,12.737,36.543,32.782,3.729,6.067,40.555,4.137,25.079,16.077,16.862,68.24,8.937,8.996,1.0,29.846,32.418,20.923,74.255,36.209,5.102,7.185,10.888,6.408,8.821,2.934,0.0,-999.0,-999.0,
1934,33.94,29.478,70.039,34.101,31.898,0.0,-999.0,10.749,30.308,14.536,38.095,26.792,36.366,71.081,20.798,36.256,0.0,2.0,0.635,6.7,11.464,39.255,60.652,11.501,56.066,33.228,0.307,5.598,69.786,3.066,18.061,18.289,17.819,77.638,6.254,8.058,0.0,25.605,34.679,26.801,89.797,37.876,1.045,10.003,9.857,11.004,11.309,5.592,0.0,-999.0,-999.0,
1935,26.987,23.585,39.271,30.287,22.539,0.0,-999.0,13.264,22.18,10.502,9.625,8.356,10.493,44.751,13.114,27.566,2.24,0.0,0.891,1.02,3.994,30.646,21.143,9.26,32.689,19.597,0.591,2.922,33.406,0.624,13.141,7.3,3.276,52.235,8.773,1.324,0.0,15.675,27.67,17.156,46.515,31.591,0.0,5.329,11.047,3.745,1.752,2.639,0.0,-999.0,-999.0,
1936,46.215,39.864,76.607,39.307,31.228,0.0,-999.0,11.687,39.344,22.911,44.317,41.491,40.68,72.583,51.765,44.783,0.0,4.0,1.591,9.152,18.411,47.319,68.201,19.214,58.194,32.414,1.252,8.014,54.065,5.315,23.589,31.992,19.521,90.773,4.52,7.767,0.0,32.817,49.18,42.512,68.801,34.507,1.045,11.549,8.462,15.583,15.413,10.317,0.0,-999.0,-999.0,
1937,29.714,28.631,37.369,34.847,23.399,2.0,-999.0,12.998,20.597,11.493,9.434,7.241,15.172,53.838,17.486,32.209,2.584,0.0,2.641,1.409,6.129,27.667,28.28,8.687,41.565,31.501,2.009,7.462,57.565,1.415,13.376,13.015,1.943,71.071,4.412,1.308,2.0,14.791,31.095,16.389,81.424,30.505,1.045,4.556,6.843,2.525,9.544,5.296,0.0,-999.0,-999.0,
1938,24.941,22.852,54.687,29.949,17.964,0.0,-999.0,19.212,19.486,12.738,7.349,4.904,10.613,47.437,9.202,29.722,2.287,0.0,0.162,0.37,1.929,31.242,35.212,3.306,30.692,15.25,0.024,2.544,58.123,0.623,8.595,8.078,1.409,64.792,9.287,0.863,0.0,20.423,19.462,12.691,71.06,26.07,1.57,3.961,13.21,0.924,0.603,3.82,0.0,-999.0,-999.0,
1939,10.267,36.865,53.722,38.97,25.728,0.0,-999.0,14.566,22.365,15.909,12.34,10.335,14.944,54.153,17.741,43.742,1.237,0.0,0.46,1.702,4.503,24.887,30.072,9.079,34.629,33.398,1.606,3.143,63.264,1.069,9.879,12.395,6.594,81.413,12.831,1.892,0.0,20.139,24.478,17.055,82.652,35.534,0.997,3.398,14.66,2.957,5.016,5.296,0.0,-999.0,-999.0,
1940,14.332,30.224,20.269,31.564,24.372,0.0,-999.0,16.904,22.472,16.04,17.036,16.876,11.569,35.098,16.413,20.022,0.456,0.0,0.511,2.41,4.31,12.571,17.868,10.544,33.542,43.009,0.307,5.191,55.116,0.665,15.154,8.784,6.845,42.432,7.583,1.662,0.0,21.709,21.371,12.476,47.517,41.189,0.0,5.177,10.872,2.298,3.447,6.478,0.0,-999.0,-999.0,
1941,20.334,17.017,41.426,22.391,11.554,0.0,-999.0,21.756,29.101,11.603,18.621,16.119,15.24,30.817,19.216,34.233,3.081,0.0,2.077,4.155,4.521,29.2,29.121,6.312,25.292,20.168,5.174,5.415,21.761,1.347,19.606,9.657,7.766,37.771,7.629,2.868,0.0,24.076,21.973,29.286,43.608,19.875,1.474,11.07,11.66,3.437,6.033,2.048,0.0,-999.0,-999.0,
1942,17.049,32.626,28.788,30.833,15.286,0.0,-999.0,29.746,18.84,14.999,5.142,4.733,3.607,25.082,11.824,18.677,1.037,0.0,0.038,1.064,0.752,24.077,12.632,4.339,14.964,33.135,0.024,2.768,36.975,0.499,16.579,1.546,2.707,32.417,12.022,0.456,0.0,24.808,5.847,18.891,42.326,31.545,0.52,6.085,14.783,1.481,1.474,1.457,0.0,-999.0,-999.0,
1943,44.417,38.676,60.475,28.968,21.269,0.0,-999.0,19.635,31.797,8.36,10.739,9.493,3.755,44.839,22.442,41.0,0.502,0.0,1.715,0.254,1.171,53.622,25.461,3.796,29.074,19.552,1.628,5.357,51.91,0.95,20.101,1.473,3.577,58.417,3.755,0.672,0.0,23.597,14.925,34.853,67.241,28.083,0.0,7.357,6.057,2.621,1.411,2.343,0.0,-999.0,-999.0,
1944,41.347,27.334,50.489,26.727,13.661,2.0,-999.0,27.631,28.393,9.469,17.068,19.115,3.692,26.668,30.121,43.553,8.396,0.0,7.768,4.727,0.961,37.829,21.368,2.156,13.839,15.266,7.745,10.745,47.826,3.764,16.006,1.728,14.242,51.156,8.133,4.666,1.0,23.872,5.594,26.627,60.641,27.305,6.963,8.333,9.652,7.201,3.483,2.639,0.0,-999.0,-999.0,
1945,26.359,29.57,23.615,34.618,12.671,0.0,-999.0,23.476,16.502,10.365,7.688,3.472,4.314,29.67,7.593,18.095,0.0,0.0,0.103,0.612,1.678,14.997,16.187,5.49,15.376,25.352,0.945,3.117,42.074,0.417,11.405,5.589,2.087,37.502,7.478,0.306,0.0,13.957,9.696,10.977,59.972,24.272,0.0,4.369,8.171,2.801,1.081,2.048,0.0,-999.0,-999.0,
1946,7.563,30.345,32.06,28.007,20.134,0.0,-999.0,7.566,8.953,11.88,5.597,2.752,3.228,44.414,1.943,14.738,1.275,0.0,1.13,0.43,0.878,5.03,18.954,5.041,24.647,21.353,1.158,1.017,45.991,0.38,5.584,4.258,2.423,60.093,6.549,0.057,0.0,8.325,10.733,3.72,59.52,30.492,0.997,1.882,8.05,1.59,0.912,4.41,0.0,-999.0,-999.0,
1947,22.327,30.212,48.963,31.482,23.261,0.0,-999.0,6.786,18.787,10.147,20.263,8.083,22.417,48.798,6.726,45.319,3.482,0.0,3.008,5.463,8.044,31.557,35.984,5.579,33.893,16.649,2.882,1.234,48.559,1.246,8.996,6.959,3.604,-999.0,1.878,1.091,0.0,11.834,23.634,16.442,74.898,26.536,1.522,2.72,4.985,0.876,9.043,2.639,0.0,-999.0,-999.0,
1948,21.518,29.228,28.12,25.344,17.165,1.0,-999.0,18.681,22.676,6.363,7.821,7.453,7.993,21.79,8.756,49.554,3.043,1.0,4.465,2.871,3.193,33.589,9.298,4.675,21.257,18.897,2.968,4.307,43.936,3.028,16.726,7.035,5.326,54.296,3.504,3.872,4.0,18.615,15.273,12.246,76.849,27.843,0.997,3.408,3.971,3.564,5.12,2.934,0.0,-999.0,-999.0,
1949,7.359,23.209,16.513,27.09,12.857,2.0,-999.0,12.068,8.91,8.773,7.454,6.1,5.303,19.501,2.49,21.267,6.282,0.0,11.062,1.819,4.008,17.661,5.536,5.88,15.421,21.627,7.48,9.105,34.271,2.215,11.086,8.426,5.743,40.506,4.432,4.424,6.0,9.358,20.645,4.293,51.976,26.39,7.107,3.529,7.644,0.924,2.682,2.639,0.0,-999.0,-999.0,
1950,9.391,26.272,6.345,32.303,8.153,0.0,-999.0,21.783,10.935,8.978,0.796,0.501,0.384,10.617,0.653,13.956,0.0,0.0,0.038,0.086,0.855,10.74,1.273,2.065,5.357,27.562,0.024,0.662,31.127,0.336,6.195,1.351,0.376,20.804,6.774,0.057,0.0,14.012,4.205,1.298,44.082,25.288,0.103,1.379,7.455,0.648,0.311,1.162,0.0,-999.0,-999.0,
1951,39.152,31.303,35.714,30.226,16.38,0.0,-999.0,26.329,35.522,9.889,2.101,3.527,0.65,16.584,7.885,54.06,0.0,0.0,0.038,0.118,0.473,52.367,5.403,4.809,6.784,20.214,0.024,0.879,48.09,0.331,14.717,3.653,1.477,55.336,6.129,0.291,0.0,22.619,5.118,16.132,82.757,29.504,0.0,3.715,9.901,0.597,0.158,2.639,0.0,-999.0,-999.0,
1952,50.209,26.803,61.461,33.044,24.658,1.0,-999.0,23.654,46.834,8.107,12.605,17.275,4.02,56.19,32.142,40.372,4.255,0.0,3.739,1.215,0.519,53.951,33.031,3.92,29.036,15.239,4.673,4.114,42.91,2.102,22.15,8.087,11.905,76.925,8.833,5.054,1.0,34.129,14.585,43.162,76.731,24.603,3.383,7.989,12.81,4.028,1.151,4.115,0.0,-999.0,-999.0,
1953,39.951,30.37,66.69,28.614,20.346,2.0,-999.0,16.072,27.627,9.625,23.701,24.896,10.504,50.368,33.778,44.291,0.769,2.0,7.385,4.082,0.889,49.13,48.095,6.152,26.436,28.375,7.506,9.594,45.802,4.274,19.373,2.294,13.218,71.36,3.694,8.584,1.0,26.443,10.676,33.656,81.566,30.185,3.05,9.722,7.198,10.577,4.785,3.229,0.0,-999.0,-999.0,
1954,74.851,25.991,83.68,26.213,33.43,0.0,-999.0,25.093,65.87,8.189,23.181,21.031,9.205,67.416,35.574,62.407,0.0,0.0,0.541,0.79,1.275,73.74,54.126,6.279,29.687,22.026,0.024,4.003,42.007,1.181,29.628,2.444,6.311,92.025,1.208,2.028,0.0,50.234,13.183,49.047,92.062,32.275,0.0,9.664,3.6,3.482,1.211,3.525,0.0,-999.0,-999.0,
1955,19.292,22.144,30.526,34.177,20.198,1.0,-999.0,15.562,21.188,11.633,17.839,15.569,22.808,46.122,16.101,13.596,1.496,0.0,4.495,7.292,5.815,17.805,25.647,6.005,39.636,35.242,6.207,8.345,31.387,4.604,7.911,6.611,7.045,54.854,6.465,4.164,0.0,11.841,26.017,16.865,60.461,27.497,4.529,6.112,8.055,2.802,8.734,3.229,0.0,-999.0,-999.0,
1956,31.227,32.635,50.165,26.105,18.709,0.0,-999.0,19.048,26.374,8.218,6.687,4.573,8.859,62.459,9.749,33.945,0.0,0.0,1.437,1.314,1.65,32.015,27.641,4.288,28.051,13.69,2.382,1.548,46.182,0.437,10.174,2.761,0.91,94.258,6.863,0.253,0.0,24.488,15.332,16.84,93.876,29.397,0.472,2.972,10.527,0.648,1.333,2.934,0.0,-999.0,-999.0,
1957,26.981,22.607,21.096,31.595,14.541,0.0,-999.0,8.259,22.427,5.469,3.59,1.945,7.294,34.136,9.111,24.982,0.0,0.0,1.463,0.287,1.716,16.539,16.785,4.427,19.081,26.458,1.154,5.785,37.665,0.844,12.032,4.743,1.284,55.682,2.528,1.219,1.0,17.058,9.93,11.071,61.613,23.357,0.0,5.332,3.473,2.266,0.378,2.048,0.0,-999.0,-999.0,
1958,7.458,30.539,16.009,36.514,18.94,0.0,-999.0,17.733,17.562,14.251,0.819,0.253,1.956,22.019,1.879,16.056,0.0,0.0,0.038,0.141,1.898,9.174,3.138,4.688,10.977,24.059,0.024,0.444,39.98,0.254,5.326,7.498,0.172,58.417,10.849,0.057,0.0,13.609,15.004,4.531,65.854,32.27,0.0,0.594,18.213,0.648,0.672,2.639,0.0,-999.0,-999.0,
1959,12.333,25.568,13.658,35.567,19.438,0.0,-999.0,10.296,22.199,12.041,5.18,3.813,2.433,30.019,4.502,12.5,0.0,0.0,1.131,0.264,2.511,8.297,8.559,5.449,22.112,40.166,1.061,2.773,33.027,1.123,8.007,11.561,2.44,41.16,9.0,1.712,0.0,12.723,24.727,4.82,47.923,32.119,3.527,5.099,8.395,2.254,0.664,2.934,0.0,-999.0,-999.0,
1960,20.909,32.483,25.748,39.663,24.753,0.0,-999.0,14.222,22.762,16.2,6.808,4.139,2.426,28.449,8.344,34.712,0.0,0.0,0.286,0.475,1.217,33.46,13.591,12.737,18.495,35.004,0.024,0.444,32.494,0.307,3.386,7.182,0.594,39.582,10.0,0.057,0.0,10.959,15.887,10.621,62.177,40.254,0.0,2.092,11.895,0.648,0.426,11.06,0.0,-999.0,-999.0,
1961,1.959,33.19,8.94,41.885,14.29,0.0,-999.0,20.961,10.946,20.852,1.639,1.028,1.595,21.407,1.16,4.69,0.0,0.0,0.336,0.273,2.66,3.172,3.04,14.342,16.208,40.938,0.024,1.663,32.617,0.491,2.682,14.785,0.274,31.685,12.924,0.057,0.0,6.825,15.098,2.164,29.679,30.985,0.0,1.855,16.891,0.648,0.447,2.343,0.0,-999.0,-999.0,
1962,27.09,29.203,33.627,28.603,14.601,0.0,-999.0,23.15,27.02,6.878,2.818,3.135,0.63,23.614,6.886,40.979,0.502,0.0,0.162,0.215,0.378,37.655,13.445,2.745,6.12,19.441,0.401,1.128,37.829,0.573,3.976,0.741,1.022,43.222,5.221,0.487,0.0,15.614,3.494,14.261,67.786,27.015,0.0,2.582,6.579,0.762,0.187,1.753,0.0,-999.0,-999.0,
1963,10.228,22.748,37.128,23.555,22.69,0.0,-999.0,25.52,14.61,7.176,7.603,3.557,5.354,48.563,3.033,33.802,3.051,0.0,4.0,1.349,1.527,25.442,18.172,6.686,20.277,13.827,6.327,4.118,34.494,1.305,5.036,3.266,0.832,61.056,4.015,0.396,0.0,11.775,11.342,7.183,80.646,25.235,5.006,4.842,5.368,0.648,1.907,2.343,0.0,-999.0,-999.0,
1964,11.439,21.693,34.778,28.907,21.434,1.0,-999.0,19.051,12.254,6.535,9.068,6.979,6.01,43.502,14.077,26.546,0.0,0.0,2.07,2.754,4.865,17.817,17.017,5.523,20.977,25.133,3.468,2.645,43.826,0.846,5.554,5.239,2.536,61.903,3.874,0.645,1.0,10.318,17.765,9.077,69.415,24.486,1.045,5.298,4.863,1.414,5.417,4.41,0.0,-999.0,-999.0,
1965,2.945,19.645,20.169,23.899,9.972,0.0,-999.0,8.433,4.116,7.83,4.23,2.725,3.979,20.811,7.263,17.736,0.264,0.0,0.584,0.942,1.294,13.008,6.021,3.027,8.977,10.611,1.77,1.366,31.001,0.542,2.362,2.258,1.734,48.075,6.308,0.424,0.0,3.701,7.524,4.823,63.378,13.997,0.0,3.507,10.449,2.827,1.108,2.048,0.0,-999.0,-999.0,
1966,11.433,19.839,22.999,30.244,17.332,0.0,-999.0,9.498,11.651,10.369,11.784,9.424,5.576,28.927,10.133,16.407,0.0,0.0,1.771,2.254,2.102,17.84,13.783,8.688,16.947,32.664,1.416,7.795,37.994,1.626,7.954,3.469,3.208,39.139,4.878,2.757,1.0,8.36,15.581,11.019,46.671,26.82,1.474,7.717,5.738,1.978,2.328,4.41,0.0,-999.0,-999.0,
1967,2.751,14.937,9.278,37.594,10.5,0.0,-999.0,8.711,3.174,20.498,0.92,0.869,1.724,14.649,1.189,8.417,0.0,0.0,0.038,0.111,0.501,5.082,2.04,7.309,8.94,38.386,0.401,0.444,20.097,0.311,1.34,5.064,1.008,30.684,16.941,0.057,0.0,1.032,8.034,0.999,50.669,22.858,0.0,1.459,15.012,0.648,0.158,1.457,0.0,-999.0,-999.0,
1968,15.59,23.088,13.49,28.821,14.056,0.0,-999.0,15.854,19.323,10.277,4.812,1.972,4.262,24.935,9.245,5.143,0.0,0.0,1.386,0.782,1.284,13.173,4.983,3.38,17.958,32.067,0.968,3.718,32.238,0.498,13.196,2.817,0.657,31.242,8.598,0.131,0.0,20.412,11.335,11.478,33.344,22.712,0.0,5.658,8.95,0.762,1.322,3.229,0.0,-999.0,-999.0,
1969,15.038,27.591,31.542,32.481,19.476,0.0,-999.0,16.507,15.438,9.904,1.631,0.946,1.275,27.598,9.527,31.211,0.0,0.0,0.657,0.364,1.142,27.737,11.865,8.782,14.557,37.541,0.401,1.574,39.429,0.448,6.014,6.133,0.283,50.116,3.797,0.398,0.0,12.748,10.264,12.986,66.565,31.062,0.0,3.388,5.199,0.648,0.239,5.001,1.0,-999.0,-999.0,
1970,11.162,27.095,25.708,37.862,19.09,0.0,-999.0,16.284,14.145,15.176,6.015,3.405,6.391,46.297,5.985,14.241,0.0,0.0,0.832,0.281,1.829,14.47,15.841,8.015,27.959,31.839,1.438,0.922,35.215,0.254,7.001,6.539,1.129,62.327,11.606,0.057,0.0,16.825,21.386,7.835,57.969,30.863,0.0,3.269,13.298,0.648,1.661,2.048,0.0,-999.0,-999.0,
1971,3.657,29.052,21.249,35.598,18.177,0.0,-999.0,9.527,5.363,15.331,5.763,2.374,5.0,28.152,3.409,8.29,0.0,0.0,0.336,1.965,1.826,9.198,11.385,10.956,14.121,30.742,0.024,0.805,35.023,0.346,2.48,6.286,1.829,37.925,11.165,0.63,0.0,5.047,15.44,3.606,45.254,31.967,0.472,1.316,15.609,1.571,1.08,1.753,0.0,-999.0,-999.0,
1972,15.558,25.409,28.234,30.35,12.624,-999.0,-999.0,14.331,12.461,9.52,1.93,1.806,2.987,19.763,5.233,19.077,0.043,0.0,0.038,0.169,1.382,18.458,11.839,3.32,10.394,22.788,0.024,0.785,23.845,0.265,3.264,3.383,0.297,38.368,13.619,0.057,0.0,6.75,7.803,3.02,45.351,25.803,0.0,1.891,9.63,0.648,0.57,2.343,0.0,-999.0,-999.0,
1973,2.915,28.848,15.938,32.607,15.971,0.0,-999.0,12.013,5.557,14.857,1.828,1.204,2.006,29.128,4.296,7.994,0.502,0.0,2.611,0.729,1.387,9.74,7.454,7.578,17.163,27.311,0.307,2.492,27.096,0.617,2.348,6.983,0.777,38.176,9.394,0.99,0.0,3.107,17.636,3.988,35.235,26.585,0.472,2.766,10.384,0.762,1.028,3.525,0.0,-999.0,-999.0,
1974,4.105,29.135,14.833,31.664,19.048,0.0,-999.0,4.552,3.492,10.411,6.25,1.638,9.627,35.541,1.428,10.271,0.043,0.0,0.212,0.79,3.109,7.355,16.019,4.801,26.709,26.671,0.024,1.649,35.462,0.479,1.704,4.436,1.133,48.075,8.509,0.0,0.0,2.682,19.857,2.578,46.6,32.16,0.0,2.081,8.123,0.648,2.342,1.753,0.0,-999.0,-999.0,
1975,4.863,23.889,13.609,26.137,14.273,1.0,-999.0,9.119,6.892,10.009,1.941,0.587,4.598,30.951,4.582,6.108,2.04,0.0,3.03,0.852,2.126,4.91,12.847,4.021,18.555,17.422,3.069,2.731,26.68,0.992,6.298,5.049,0.68,25.503,4.706,1.049,1.0,9.533,16.968,4.347,26.965,20.188,4.088,1.929,7.048,1.085,0.724,3.229,0.0,-999.0,-999.0,
1976,8.384,17.357,14.846,29.054,16.242,0.0,-999.0,6.238,8.178,5.882,4.979,1.716,7.344,34.946,2.219,10.854,0.0,0.0,0.212,0.769,8.407,12.355,12.759,4.249,22.0,18.699,0.875,0.673,26.62,0.336,5.046,10.002,0.621,40.448,2.538,0.057,0.0,6.548,28.741,3.562,28.361,26.359,0.0,1.648,4.234,0.648,2.771,2.934,0.0,-999.0,-999.0,
1977,29.851,25.272,34.332,29.454,20.989,0.0,-999.0,19.007,32.9,12.296,8.519,7.229,10.974,31.444,11.781,31.539,2.031,0.0,3.384,1.759,2.512,29.893,15.02,3.89,16.289,31.32,1.96,3.129,42.563,0.667,19.189,3.374,2.582,62.577,11.525,0.524,0.0,30.234,10.939,16.812,70.009,24.097,1.474,11.001,14.042,0.795,2.941,3.229,0.0,-999.0,-999.0,
1978,29.087,29.368,41.982,32.345,20.698,0.0,-999.0,9.267,26.633,8.68,3.941,4.178,3.504,53.064,7.217,28.563,0.0,0.0,1.698,0.322,2.897,27.65,18.866,3.653,22.688,25.958,1.628,0.481,43.016,0.336,6.588,7.748,0.919,68.374,9.312,0.057,0.0,15.446,13.304,12.884,64.041,30.65,0.52,2.471,9.268,0.774,0.637,5.001,0.0,-999.0,-999.0,
1979,9.057,32.712,7.566,33.921,19.524,0.0,-999.0,12.741,15.011,10.377,1.517,0.624,2.075,26.869,2.283,12.121,0.0,0.0,0.336,0.111,0.962,6.06,4.102,4.934,12.374,30.387,0.0,0.45,33.348,0.567,4.396,2.565,0.194,47.747,6.063,0.057,0.0,8.829,7.273,1.94,37.772,31.622,0.0,2.055,8.826,1.051,0.204,4.706,0.0,-999.0,-999.0,
1980,44.813,31.275,71.694,27.78,27.744,0.0,-999.0,23.867,45.878,5.305,14.064,13.199,11.19,63.574,25.343,57.997,0.0,0.0,1.625,0.265,4.456,53.23,47.289,3.842,33.42,19.763,0.401,3.466,54.574,1.093,19.446,7.747,2.568,85.245,4.279,1.558,1.0,32.544,19.596,37.258,84.625,29.937,0.0,7.885,5.286,2.243,1.454,6.478,0.0,-999.0,-999.0,
1981,29.261,23.237,20.992,35.038,18.404,0.0,-999.0,36.355,29.682,9.749,1.868,1.794,3.209,24.716,2.654,24.196,0.0,0.0,1.271,0.268,0.701,29.494,6.717,5.399,10.923,38.957,0.378,1.628,32.054,0.367,11.322,4.469,0.382,49.673,11.794,0.057,0.0,23.16,10.575,6.061,43.151,33.11,0.0,2.671,14.141,0.648,0.31,2.934,0.0,-999.0,-999.0,
1982,6.667,16.854,16.278,21.735,16.085,1.0,-999.0,9.063,7.687,6.794,0.87,0.768,2.354,25.104,2.041,18.144,0.0,0.0,1.574,0.092,1.606,11.97,7.182,3.064,10.253,12.128,1.3,1.002,30.825,0.367,2.235,3.128,0.209,49.192,5.032,0.057,0.0,5.24,8.387,4.007,57.39,23.31,0.472,1.488,9.856,0.648,0.514,2.343,0.0,-999.0,-999.0,
1983,24.258,22.594,40.713,27.182,19.513,1.0,-999.0,17.161,28.35,5.758,20.983,18.005,18.209,55.993,28.901,19.103,0.264,-999.0,0.635,1.936,5.403,23.362,35.079,10.617,29.414,12.275,2.222,7.664,39.148,1.128,23.652,13.432,4.53,60.131,3.775,1.222,0.0,27.927,21.791,25.389,47.712,25.639,0.52,9.395,6.488,4.61,2.748,2.439,0.0,-999.0,-999.0,
1984,7.299,14.985,21.552,35.831,15.177,2.0,-999.0,9.388,9.648,9.221,5.701,1.527,6.228,41.229,4.502,9.003,0.531,0.0,0.46,0.188,2.73,10.354,14.73,7.813,16.853,16.744,1.132,1.668,28.367,0.356,3.452,8.443,0.426,50.021,5.673,0.19,0.0,8.849,9.373,4.727,65.147,26.287,0.0,2.252,7.061,0.648,1.234,1.257,0.0,-999.0,-999.0,
1985,11.836,32.159,26.275,29.2,19.045,0.0,-999.0,19.696,11.835,11.808,1.861,1.025,3.488,30.46,2.544,20.539,0.0,0.0,0.038,0.122,1.207,14.599,8.435,11.497,14.538,27.979,0.733,0.936,33.115,0.293,5.094,3.341,0.193,56.491,8.626,0.09,0.0,16.613,9.479,5.733,59.848,32.193,0.0,2.41,11.6,0.537,1.084,10.632,0.0,-999.0,-999.0,
1986,23.367,20.76,26.716,24.206,12.222,0.0,-999.0,15.8,34.648,10.917,3.242,3.511,1.216,23.824,9.847,21.147,0.0,0.0,0.212,0.582,0.631,21.63,11.589,3.476,11.418,30.654,0.024,1.848,24.21,0.592,17.042,2.21,0.461,37.868,9.596,0.057,0.0,30.468,4.218,12.452,41.186,29.601,0.0,5.432,10.564,2.278,0.782,2.048,0.0,-999.0,-999.0,
1987,19.883,20.44,29.015,26.988,13.187,0.0,-999.0,24.564,21.936,8.656,10.124,2.669,9.871,26.874,6.15,19.645,0.0,0.0,1.493,2.882,4.371,18.643,16.724,3.003,16.556,17.605,2.882,2.744,30.428,0.586,14.088,4.354,1.164,37.579,10.34,0.541,0.0,19.137,13.854,11.659,37.16,23.366,0.0,11.005,8.791,4.257,1.842,4.41,0.0,-999.0,-999.0,
1988,19.326,21.757,31.33,31.697,19.464,0.0,-999.0,13.704,16.546,13.721,30.407,23.385,23.349,42.448,24.44,14.644,0.226,2.0,6.896,9.938,17.126,18.696,27.767,13.308,28.983,40.402,8.594,10.164,22.461,3.003,15.583,22.958,14.864,54.681,12.369,12.072,0.0,16.347,27.988,21.552,50.99,36.808,2.381,13.563,13.146,13.342,14.605,6.182,0.0,-999.0,-999.0,
1989,5.333,33.615,6.845,25.73,19.496,0.0,-999.0,29.647,7.54,8.232,4.64,1.439,5.68,18.661,2.789,11.763,0.0,0.0,0.46,0.353,2.793,4.236,5.458,6.182,15.099,22.489,2.15,0.49,36.233,0.311,4.285,8.563,0.542,30.857,2.655,0.057,0.0,10.202,13.049,1.783,50.771,33.094,0.0,2.632,4.298,0.681,1.389,3.229,0.0,-999.0,-999.0,
1990,31.717,23.283,30.516,30.218,21.808,0.0,-999.0,25.051,31.683,14.872,5.969,3.849,3.613,38.527,8.721,33.804,0.0,0.0,0.162,0.505,1.402,28.701,16.287,8.276,19.972,32.3,0.401,1.219,39.298,0.439,9.305,2.891,0.78,58.205,13.633,0.469,0.0,23.021,13.223,15.259,54.547,34.89,0.0,3.534,12.101,0.71,0.657,2.639,0.0,-999.0,-999.0,
1991,8.207,17.34,18.093,28.531,11.463,0.0,-999.0,11.826,8.32,7.918,10.383,8.617,4.348,36.237,8.233,11.986,1.459,0.0,4.332,0.834,1.605,8.118,15.423,7.527,20.361,25.399,1.322,7.341,22.358,1.38,7.644,5.886,1.901,39.659,8.791,2.945,2.0,11.172,14.349,6.288,34.849,28.443,0.949,4.906,6.99,1.884,0.595,1.162,0.0,-999.0,-999.0,
1992,3.514,17.406,2.099,28.499,8.615,0.0,-999.0,13.013,5.827,14.263,1.134,0.653,0.159,8.91,2.557,4.883,0.0,-999.0,0.038,0.148,0.177,4.204,1.068,2.488,1.217,21.706,0.024,0.562,32.378,0.254,5.937,1.529,0.174,17.838,13.711,0.057,0.0,10.645,1.904,0.81,23.572,29.959,0.0,1.66,14.479,0.648,0.179,1.162,0.0,-999.0,-999.0,
1993,22.358,25.606,30.807,23.539,10.269,0.0,-999.0,24.01,31.233,3.421,1.51,1.758,0.191,17.647,10.387,27.697,0.0,0.0,3.533,0.137,0.194,16.316,5.567,1.343,3.017,12.896,2.102,7.343,36.351,1.109,17.517,0.212,1.82,42.991,4.22,0.652,2.0,31.804,1.362,13.94,52.514,23.721,0.0,5.786,4.605,2.802,0.163,1.457,0.0,-999.0,-999.0,
1994,1.787,34.788,5.759,27.238,20.326,0.0,-999.0,8.869,1.495,15.86,3.828,2.237,0.517,26.718,4.454,6.141,0.0,0.0,1.89,0.852,0.37,1.757,2.892,6.337,9.423,40.403,1.416,1.834,50.282,0.679,2.99,1.576,2.59,47.478,9.99,0.47,0.0,3.912,3.551,1.027,47.637,46.961,1.426,2.026,12.16,1.662,0.659,1.753,0.0,-999.0,-999.0,
1995,27.587,36.553,25.824,28.787,23.151,-999.0,-999.0,18.835,19.665,4.671,8.344,5.275,4.938,31.202,12.528,35.564,1.267,0.0,1.509,3.059,1.912,21.64,10.001,4.146,19.932,16.148,3.565,3.123,41.026,1.185,6.821,3.79,2.068,47.227,6.252,1.812,1.0,13.431,9.383,10.25,46.578,31.124,3.92,2.19,6.754,2.062,3.214,2.343,0.0,-999.0,-999.0,
1996,7.588,36.533,9.183,36.001,14.37,-999.0,-999.0,8.746,10.804,11.26,1.678,0.681,0.577,17.047,4.066,10.425,0.0,0.0,0.038,0.372,0.408,4.358,4.008,5.953,4.594,33.931,0.024,0.699,42.649,0.387,5.207,2.665,0.322,36.943,15.864,0.253,1.0,12.458,2.992,2.754,55.897,38.485,0.103,1.693,12.248,0.807,0.421,2.048,0.0,-999.0,-999.0,
1997,8.217,30.717,19.871,26.869,13.358,0.0,-999.0,11.535,11.796,4.953,3.863,2.932,1.816,19.362,5.244,23.968,0.0,0.0,0.269,0.411,0.25,8.863,7.089,2.001,10.764,16.885,0.024,3.941,40.01,0.393,7.616,0.987,0.281,46.187,4.206,0.057,0.0,7.109,4.479,3.957,50.467,23.627,0.103,3.86,6.226,0.648,0.342,1.753,0.0,-999.0,-999.0,
1998,27.324,29.77,43.385,28.482,19.504,-999.0,-999.0,42.889,25.943,15.102,3.385,2.481,1.33,39.876,7.398,52.373,0.0,0.0,0.336,0.777,0.467,28.893,11.345,8.346,15.571,30.652,0.024,1.076,47.89,0.238,9.162,1.778,0.508,87.114,14.112,0.057,0.0,33.283,6.071,10.14,88.921,31.327,0.103,3.091,15.719,0.696,0.293,2.934,0.0,-999.0,-999.0,
1999,21.884,13.918,28.908,23.191,15.173,-999.0,-999.0,12.207,26.157,9.097,7.588,6.234,3.326,25.563,22.906,30.135,0.531,0.0,4.834,0.762,1.51,24.2,16.19,5.058,11.507,18.998,4.442,16.085,34.361,1.875,15.235,1.903,3.883,52.408,5.073,3.059,3.0,24.398,6.853,19.236,55.044,23.848,0.103,8.38,7.555,3.835,2.053,2.048,0.0,-999.0,-999.0,
2000,31.929,38.239,40.015,29.239,28.08,-999.0,-999.0,19.638,23.421,12.397,2.803,0.515,3.317,50.54,4.493,42.373,0.0,0.0,0.038,0.08,1.019,38.476,16.008,12.676,25.433,31.086,0.025,0.45,60.21,0.238,4.502,2.14,0.163,80.488,4.904,0.057,0.0,19.025,10.669,12.346,77.127,43.943,0.0,1.734,6.782,0.648,0.203,4.115,0.0,-999.0,-999.0,
2001,2.148,28.294,23.445,32.121,26.348,-999.0,-999.0,9.258,2.864,10.838,3.902,1.162,3.331,37.879,3.05,15.613,0.264,0.0,2.705,2.131,3.329,4.381,8.638,8.063,18.655,39.246,2.79,3.697,49.035,2.08,3.364,3.531,1.231,60.247,6.454,2.077,1.0,13.507,11.62,2.603,58.369,36.151,1.045,2.075,9.288,0.774,1.956,3.229,0.0,-999.0,-999.0,
2002,13.152,39.55,17.863,30.908,33.686,-999.0,-999.0,7.876,20.124,11.261,5.998,7.083,4.097,38.411,14.969,19.146,1.81,0.0,7.072,0.952,1.378,7.537,10.547,9.172,28.703,39.587,6.449,13.421,47.13,2.516,14.129,4.199,4.011,52.004,8.846,1.314,3.0,23.269,18.272,9.305,35.84,46.339,1.045,6.596,10.745,1.576,1.03,5.001,0.0,-999.0,-999.0,
2003,1.045,44.645,16.297,34.427,29.221,0.0,-999.0,1.964,0.839,18.46,3.955,1.51,5.226,37.182,1.252,14.717,0.0,0.0,1.015,0.172,1.338,1.904,13.14,18.226,19.196,34.673,1.77,1.299,45.521,0.238,1.94,6.894,0.209,51.715,17.291,0.07,0.0,1.565,12.506,1.618,43.106,45.405,0.0,4.476,13.872,0.648,0.79,3.82,0.0,-999.0,-999.0,
2004,3.366,26.593,4.765,27.997,14.773,0.0,-999.0,12.912,7.816,12.293,0.459,0.194,0.23,16.991,0.899,15.138,0.0,0.0,0.038,0.105,0.502,3.92,1.004,3.815,7.842,24.082,0.024,0.338,35.402,0.238,4.003,0.973,0.247,35.942,9.623,0.041,0.0,8.786,4.722,1.042,25.157,25.923,0.0,4.551,15.277,0.254,0.127,1.457,0.0,-999.0,-999.0,
2005,10.0,32.733,34.521,26.199,26.761,0.0,-999.0,11.81,7.309,11.799,9.676,4.388,3.241,27.013,12.783,33.723,0.226,-999.0,1.22,0.656,1.01,20.336,14.895,7.371,16.267,31.255,0.307,3.77,41.807,1.784,8.88,2.796,2.216,51.118,10.289,2.155,0.0,8.383,12.565,8.115,57.764,31.852,0.0,4.272,8.862,1.249,1.487,4.115,0.0,-999.0,-999.0,
2006,31.515,22.815,30.551,31.269,22.744,0.0,-999.0,12.944,24.695,14.076,4.824,2.268,4.686,41.131,8.515,28.445,0.0,0.0,2.239,2.579,3.97,37.201,16.238,11.596,20.822,31.603,1.912,4.657,37.793,1.317,7.869,7.467,0.335,73.401,12.976,0.449,2.0,17.746,18.614,12.78,70.66,34.63,0.0,3.135,13.038,1.018,3.2,6.182,0.0,-999.0,-999.0,
2007,31.102,34.348,22.571,26.712,25.624,0.0,-999.0,16.607,23.28,18.98,5.835,9.24,1.412,24.24,26.157,19.263,0.0,0.0,0.934,1.213,1.525,27.838,13.571,17.241,13.027,44.643,3.047,1.891,33.947,0.374,16.737,6.22,1.464,27.679,5.966,1.979,0.0,22.773,10.841,23.908,15.593,42.042,0.0,6.17,10.649,2.577,0.459,3.525,0.0,-999.0,-999.0,
2008,10.854,26.797,15.308,33.925,21.894,0.0,-999.0,8.175,14.501,10.857,0.57,0.488,0.565,20.967,5.039,19.401,0.0,0.0,1.625,0.111,0.354,12.735,3.515,5.75,6.344,38.562,1.699,3.238,33.248,0.685,10.801,2.061,0.251,52.255,9.852,0.057,1.0,22.014,3.024,6.995,56.613,29.588,0.0,3.025,9.858,0.648,0.158,2.439,0.0,-999.0,-999.0,
2009,7.525,30.265,12.275,36.09,11.689,0.0,-999.0,13.494,15.294,9.734,1.317,0.86,0.618,16.652,1.213,27.274,0.0,0.0,0.038,0.254,0.585,16.415,3.125,2.829,3.652,29.386,0.024,0.05,43.269,0.254,3.116,1.027,0.204,51.079,11.664,0.057,0.0,11.198,2.387,2.362,68.963,28.508,0.0,1.728,11.42,0.648,0.466,-999.0,0.0,-999.0,-999.0,
2010,36.449,31.676,38.939,27.96,17.45,0.0,-999.0,24.352,31.004,6.733,3.671,4.031,0.784,32.101,16.753,39.883,0.0,0.0,3.455,0.233,0.457,36.834,10.651,3.283,8.45,30.137,4.664,6.507,45.778,1.403,16.267,1.387,1.267,66.872,7.101,2.187,5.0,29.987,5.071,18.238,53.958,30.012,1.57,9.461,7.547,0.744,0.181,1.257,0.0,-999.0,-999.0,
2011,33.883,36.449,50.371,25.032,24.098,1.0,-999.0,23.335,44.443,6.123,10.222,10.248,6.999,52.813,12.07,55.427,0.531,0.0,1.873,1.596,2.416,40.073,25.332,4.069,15.436,20.584,2.337,3.907,62.544,1.627,13.938,1.176,4.413,95.318,3.698,4.142,2.0,36.196,9.85,15.266,110.685,27.566,1.045,4.841,4.724,1.697,1.894,4.211,0.0,-999.0,-999.0,
2012,15.731,38.621,40.362,36.141,32.298,0.0,-999.0,8.825,20.571,12.833,20.773,18.783,16.407,52.565,20.982,24.959,0.0,0.0,2.551,3.832,3.639,19.472,35.329,9.358,38.916,35.525,1.677,5.191,56.733,1.133,11.568,4.252,8.512,74.095,8.046,2.519,2.0,14.242,23.603,18.112,68.399,32.134,0.52,4.734,8.984,2.403,6.028,10.708,0.0,-999.0,-999.0,
2013,0.0,30.493,18.503,29.261,20.181,0.0,-999.0,3.247,1.493,13.247,4.091,2.208,4.286,31.194,1.748,21.489,0.0,0.0,0.516,0.764,0.819,9.049,7.168,4.035,14.168,35.49,0.968,1.706,47.804,0.479,1.666,1.894,0.737,51.87,7.949,0.159,2.0,3.631,4.785,2.042,61.712,30.973,0.52,1.88,8.706,0.648,0.714,3.972,0.0,-999.0,-999.0,
2014,6.779,30.564,8.371,36.41,13.037,0.0,-999.0,11.295,10.26,14.378,0.707,0.308,0.302,24.789,1.662,11.191,0.0,0.0,0.038,0.08,0.321,7.612,5.635,2.159,5.695,25.585,0.024,0.873,40.387,0.254,4.238,0.574,0.259,47.093,11.087,0.159,0.0,13.651,2.774,1.625,49.343,29.813,0.0,1.561,12.28,0.648,0.158,1.753,0.0,-999.0,-999.0,
2015,17.056,31.439,22.652,34.923,16.867,0.0,-999.0,15.41,16.666,18.311,0.773,0.484,0.658,27.71,2.072,33.189,0.0,0.0,0.269,0.08,0.44,17.765,2.884,8.732,10.265,29.473,0.591,1.445,44.158,0.479,10.19,4.734,0.174,52.813,15.753,0.589,0.0,19.681,4.662,3.482,50.46,30.913,0.0,1.379,15.214,0.648,0.197,1.848,0.0,-999.0,-999.0,
2016,25.1,39.833,20.88,33.772,20.132,0.0,-999.0,18.244,21.313,8.141,2.037,0.863,1.393,26.416,3.149,26.995,0.0,0.0,2.241,0.236,0.652,19.259,6.874,4.072,12.786,40.042,1.442,3.273,43.239,0.601,8.871,2.087,0.493,46.958,9.821,1.514,0.0,24.376,10.461,7.637,48.703,34.391,0.52,4.724,9.012,1.132,0.158,3.029,0.0,-999.0,-999.0,
2017,3.22,44.752,9.289,40.27,18.23,0.0,-999.0,13.996,3.116,17.923,2.985,1.016,1.241,23.508,1.008,7.591,0.0,0.0,0.269,0.384,0.637,3.911,7.487,10.932,12.872,53.186,0.024,0.842,40.68,0.279,4.148,3.914,0.399,38.946,12.572,0.159,0.0,6.938,9.707,3.444,48.721,35.186,0.0,2.551,12.393,0.648,0.181,2.934,0.0,-999.0,-999.0,
2018,9.443,42.625,22.38,29.463,23.775,1.0,-999.0,12.367,4.568,13.729,2.606,1.532,3.084,27.022,3.785,31.254,0.0,0.0,1.015,1.064,1.455,10.337,14.535,6.239,9.624,54.181,1.393,3.858,52.089,0.789,5.01,3.598,0.767,59.4,12.25,0.287,2.0,7.924,6.594,5.949,72.263,41.028,1.57,1.488,9.029,1.807,0.62,1.162,0.0,-999.0,-999.0,
2019,39.123,40.019,18.542,32.981,21.766,0.0,-999.0,20.018,25.038,8.301,1.248,0.762,1.043,19.847,11.362,28.939,0.0,0.0,0.789,0.104,0.623,24.494,3.831,2.507,6.781,38.0,0.307,2.326,51.676,0.367,12.602,0.673,0.364,53.507,5.564,0.039,1.0,25.027,2.27,9.584,65.401,31.852,0.0,2.67,5.139,0.744,0.068,2.839,0.0,-999.0,-999.0,
2020,9.206,60.435,6.681,45.295,29.161,0.0,-999.0,20.274,9.843,12.132,1.14,0.344,2.879,26.06,1.394,16.583,0.0,0.0,1.319,0.544,1.139,6.181,2.23,6.637,14.459,53.722,0.945,2.569,62.918,0.71,5.386,3.313,1.451,42.895,11.58,0.494,1.0,8.717,7.183,3.932,61.916,46.098,0.0,2.276,9.706,1.921,0.292,2.839,0.0,-999.0,-999.0,
2021,4.532,42.041,13.803,37.833,24.207,0.0,-999.0,15.445,3.501,26.742,1.206,1.201,2.801,30.656,2.365,21.498,0.264,0.0,1.493,0.12,3.818,6.585,7.791,14.976,15.322,60.511,0.875,2.844,39.568,0.415,3.267,10.062,0.178,47.883,18.496,0.494,1.0,3.107,16.239,3.275,38.567,45.914,0.0,2.941,18.071,0.648,0.407,2.839,0.0,-999.0,-999.0,
