Year,AL,AZ,AR,CA,CO,CT,DE,FL,GA,ID,IL,IN,IA,KS,KY,LA,ME,MD,MA,MI,MN,MS,MO,MT,NE,NV,NH,NJ,NM,NY,NC,ND,OH,OK,OR,PA,RI,SC,SD,TN,TX,UT,VT,VA,WA,WV,WI,WY,AK,HI,PR,VI
1900,45.763,8.09,57.419,2.842,0.838,3.0,-999.0,131.037,73.761,0.112,20.398,26.698,13.202,23.16,27.13,100.975,0.375,-999.0,5.313,6.708,5.528,86.877,25.313,0.658,14.381,0.463,1.809,17.665,-999.0,10.985,29.69,1.132,11.028,-999.0,0.017,5.72,0.0,74.446,7.205,34.066,68.71,4.384,3.406,9.572,1.69,2.578,6.389,0.03,-999.0,-999.0,-999.0,
1901,34.378,9.172,49.637,1.722,1.46,8.0,-999.0,112.11,51.859,0.538,22.348,23.488,17.853,26.384,27.76,76.979,2.783,-999.0,7.751,5.998,7.125,63.707,32.536,0.197,12.931,2.294,4.1,18.408,-999.0,12.47,28.747,1.91,16.542,-999.0,0.325,9.515,0.0,61.703,7.76,30.634,70.469,5.683,6.167,9.096,0.371,3.348,6.117,0.0,-999.0,-999.0,-999.0,
1902,57.51,5.73,45.54,1.039,1.168,0.0,-999.0,119.035,53.411,0.254,10.508,10.008,3.228,14.918,12.897,87.525,0.006,-999.0,0.343,2.457,0.872,71.347,18.098,0.207,3.915,1.132,0.363,6.656,4.801,3.245,21.232,0.243,6.407,-999.0,0.0,3.356,0.0,55.245,1.419,30.141,87.586,4.2,0.859,4.1,0.635,1.605,1.266,0.0,-999.0,-999.0,-999.0,
1903,32.263,7.294,33.73,1.784,0.694,2.0,-999.0,87.295,43.505,0.214,9.72,11.495,4.542,16.746,10.776,65.545,0.006,-999.0,1.507,1.013,0.951,55.483,15.26,0.165,4.645,0.575,0.015,6.313,4.801,4.065,22.656,0.083,5.786,29.925,0.02,2.749,1.0,54.178,2.251,21.438,61.065,4.307,0.132,3.753,0.683,2.412,1.464,0.0,-999.0,-999.0,-999.0,
1904,19.987,4.25,31.246,2.069,1.028,2.0,-999.0,73.546,31.553,0.496,6.817,6.392,2.943,10.967,4.268,66.444,0.02,0.0,0.886,1.771,0.742,47.133,7.292,0.324,3.115,0.475,0.314,7.465,4.189,3.588,14.441,0.119,1.941,24.097,0.227,3.609,0.0,40.656,1.761,12.405,61.442,3.058,0.495,1.989,0.567,1.392,1.455,0.03,-999.0,-999.0,-999.0,
1905,38.416,4.143,50.03,1.517,1.284,8.0,-999.0,124.529,51.987,0.256,8.33,10.251,5.378,15.136,14.36,108.502,1.339,0.0,5.879,1.337,2.043,73.682,13.395,0.231,3.056,0.506,1.26,12.131,6.099,7.263,26.369,0.317,4.742,15.355,0.025,4.154,2.0,73.917,2.231,28.996,79.044,3.699,3.185,4.254,0.497,2.371,2.618,0.0,0.0,-999.0,-999.0,
1906,40.183,3.941,32.504,1.432,0.422,4.0,-999.0,122.913,56.559,0.305,8.607,12.958,6.155,11.032,14.568,92.463,0.02,0.0,3.349,3.091,1.754,54.302,12.696,0.177,3.583,1.935,1.021,16.447,7.492,7.187,26.358,0.378,5.155,10.499,0.271,2.606,0.0,72.931,1.78,20.106,66.15,4.569,0.483,4.911,1.372,1.191,3.176,0.0,0.0,-999.0,-999.0,
1907,30.992,4.996,51.122,0.927,0.773,0.0,-999.0,98.091,43.355,0.037,8.856,7.919,5.318,14.916,10.324,89.505,0.02,0.0,1.487,0.92,1.529,57.417,21.949,0.162,5.546,0.448,0.374,6.152,5.036,5.322,17.24,0.44,2.473,-999.0,0.0,1.383,0.0,58.263,2.078,23.372,75.346,3.867,2.081,3.014,0.42,0.811,1.575,0.0,0.0,-999.0,-999.0,
1908,24.864,6.569,42.464,2.314,0.57,1.0,-999.0,94.305,38.182,0.62,11.966,12.84,5.344,11.403,9.319,95.765,0.02,0.0,3.858,2.808,2.338,61.542,13.508,0.699,3.948,2.206,0.662,10.205,4.55,6.805,17.693,0.495,3.27,30.897,0.194,1.767,0.0,54.526,3.547,18.174,78.554,3.801,2.081,3.626,0.449,0.547,2.38,0.0,0.0,-999.0,-999.0,
1909,39.082,3.547,54.02,1.303,1.228,1.0,-999.0,111.276,45.508,0.161,12.471,9.592,10.657,18.681,15.891,96.999,0.0,0.0,2.605,1.788,2.571,71.61,23.347,0.317,9.945,0.335,0.673,7.27,12.086,4.108,16.535,0.644,2.957,41.582,0.087,1.493,1.0,58.354,6.215,27.957,82.746,6.378,1.658,3.051,0.154,0.907,2.798,0.0,0.0,-999.0,-999.0,
1910,30.387,5.109,43.71,1.378,1.413,3.0,-999.0,89.811,35.756,0.255,9.329,9.64,4.584,14.105,12.464,79.363,0.02,0.0,2.09,1.652,1.679,58.103,16.097,0.73,4.069,0.445,0.314,9.537,14.366,4.524,19.775,2.172,3.844,47.857,0.653,2.844,0.0,55.966,2.817,22.618,77.151,6.13,0.859,3.41,0.224,1.683,2.312,0.0,0.0,-999.0,-999.0,
1911,34.022,3.277,60.663,1.386,1.126,5.0,-999.0,112.132,51.564,0.212,15.989,16.857,13.76,23.841,12.01,106.108,0.304,0.0,7.945,5.441,3.913,77.181,29.378,0.194,8.177,1.326,2.576,11.09,8.763,7.259,26.865,1.139,6.475,50.226,0.723,5.611,0.0,67.475,5.165,28.223,97.593,4.206,3.406,6.066,0.657,0.979,6.318,0.0,0.0,-999.0,-999.0,
1912,42.183,3.108,43.429,1.874,0.546,6.0,-999.0,140.482,47.624,0.162,13.841,14.666,8.446,20.417,11.458,88.358,0.772,0.0,3.413,2.705,1.863,62.029,24.128,0.578,6.609,2.65,0.673,6.823,6.478,4.947,24.205,0.419,4.147,46.075,0.0,0.87,0.0,63.533,2.491,26.678,77.292,3.929,0.483,4.317,0.589,0.713,3.077,0.0,0.0,-999.0,-999.0,
1913,37.629,3.893,51.335,2.546,1.196,3.0,-999.0,88.099,48.009,0.161,27.088,27.636,20.534,32.293,26.682,81.705,0.02,0.0,2.575,4.664,4.483,57.253,36.188,0.181,12.266,0.224,0.314,8.852,8.826,5.854,24.67,0.543,8.38,48.96,0.375,2.188,0.0,49.508,7.422,29.509,63.112,4.546,0.483,4.479,0.616,1.967,7.177,0.0,0.0,-999.0,-999.0,
1914,44.013,3.229,60.14,0.945,1.567,10.0,-999.0,104.082,54.302,0.434,21.819,20.39,13.615,26.253,17.647,90.963,0.588,1.0,5.457,2.568,3.082,71.417,32.55,0.575,11.099,0.668,2.784,8.256,4.628,4.787,27.309,0.62,7.684,50.683,0.092,2.322,0.0,58.997,4.506,29.646,76.583,3.889,3.549,6.159,0.154,1.528,3.808,0.0,0.0,-999.0,-999.0,
1915,45.008,5.043,36.543,1.377,0.499,5.0,-999.0,131.509,54.279,0.037,7.486,9.439,1.344,8.718,12.555,84.03,0.02,0.0,2.274,0.954,0.436,58.07,12.502,0.132,1.455,0.668,0.712,8.76,5.524,3.83,25.635,0.049,3.953,23.085,0.365,1.439,0.0,59.287,0.793,21.803,73.854,3.554,2.386,3.944,0.341,1.044,0.646,0.0,1.0,-999.0,-999.0,
1916,45.094,2.939,57.618,1.692,0.908,8.0,-999.0,103.645,61.088,0.038,24.47,26.653,16.345,22.121,29.286,87.34,0.587,0.0,7.552,9.382,8.703,60.18,30.46,0.184,15.303,0.668,4.069,16.289,7.748,9.769,27.606,3.167,10.084,46.62,0.002,5.012,-999.0,54.849,8.473,33.409,80.737,5.95,4.569,6.259,0.313,3.312,12.224,0.03,0.0,-999.0,-999.0,
1917,28.512,3.755,32.66,2.391,1.226,3.0,-999.0,91.019,38.002,0.387,8.419,8.031,5.738,14.216,7.785,73.004,0.94,0.0,4.186,4.775,4.014,45.896,10.295,0.997,6.924,1.931,2.017,12.105,9.722,6.687,20.933,1.67,4.007,38.127,0.25,3.425,-999.0,47.633,4.901,14.097,74.608,4.991,0.859,4.242,0.375,1.37,4.013,0.0,0.0,-999.0,-999.0,
1918,27.797,5.452,47.731,1.481,1.402,3.0,-999.0,84.814,38.964,0.443,16.848,20.351,9.963,22.281,15.481,74.656,1.976,4.0,4.42,4.062,1.979,49.037,27.431,0.312,6.857,0.445,4.202,10.491,8.939,8.054,18.128,0.053,9.537,50.771,0.167,6.053,2.0,39.694,2.252,18.525,82.444,6.305,1.951,6.67,0.89,4.12,3.273,0.0,0.0,-999.0,-999.0,
1919,46.496,4.219,50.453,1.396,2.282,5.0,-999.0,114.878,46.144,0.221,13.765,16.916,11.35,19.492,21.493,89.742,2.144,0.0,5.39,5.018,3.95,68.534,18.537,1.11,9.494,0.612,1.739,8.778,5.395,5.041,24.938,1.349,5.544,31.856,0.004,3.064,2.0,64.173,6.013,25.653,66.638,8.529,2.022,4.973,0.283,2.498,4.656,0.0,0.0,-999.0,-999.0,
1920,35.278,3.036,39.897,1.652,0.869,-999.0,-999.0,100.823,43.233,0.28,7.347,6.992,6.539,10.889,7.599,72.452,0.756,0.0,5.085,1.003,2.013,58.565,11.236,0.553,4.914,0.445,0.662,6.041,7.026,3.092,21.156,0.366,2.138,23.718,0.0,0.849,0.0,51.316,1.592,14.613,69.483,6.119,0.132,3.859,0.654,0.944,1.851,0.0,0.0,-999.0,-999.0,
1921,55.236,4.455,72.528,1.845,1.605,-999.0,-999.0,110.548,62.315,0.162,26.242,29.594,13.984,21.742,29.922,83.122,1.608,0.0,7.226,8.858,5.954,85.019,31.041,0.62,6.692,6.798,1.37,10.035,5.139,9.905,29.969,2.033,7.853,64.082,0.264,5.413,0.0,64.298,5.678,31.104,88.64,5.646,4.205,6.168,0.293,3.412,11.273,0.0,0.0,-999.0,-999.0,
1922,39.919,5.845,56.232,1.47,1.192,0.0,-999.0,115.761,43.399,0.29,14.945,14.943,8.225,20.714,14.919,88.088,0.388,0.0,1.004,2.313,2.659,60.068,26.203,0.34,6.794,0.612,0.712,5.183,10.232,4.637,22.563,0.453,4.003,53.508,0.042,1.67,0.0,53.293,5.012,20.296,77.416,6.28,2.094,3.277,0.677,0.849,3.544,0.0,0.0,-999.0,-999.0,
1923,38.636,3.395,52.46,1.39,0.698,2.0,-999.0,108.598,44.646,0.29,14.176,13.831,10.931,20.641,14.698,81.286,1.324,0.0,2.1,2.137,4.642,52.292,27.384,0.249,7.518,0.445,0.673,7.165,9.16,3.682,25.821,0.476,3.555,47.596,0.0,1.431,1.0,57.06,5.809,21.499,79.966,4.954,0.495,5.886,0.411,1.38,4.333,0.0,0.0,-999.0,-999.0,
1924,40.784,5.077,50.803,1.044,1.107,0.0,-999.0,116.638,53.615,0.493,7.654,9.909,5.117,18.027,16.405,87.577,0.388,0.0,3.695,0.942,0.9,65.175,17.686,0.112,3.808,0.529,0.374,5.052,7.776,3.141,20.558,0.049,3.948,60.991,0.083,1.588,0.0,49.747,1.734,24.033,77.451,8.733,1.295,3.594,0.755,2.065,1.079,0.0,0.0,-999.0,-999.0,
1925,53.528,4.735,62.922,2.264,2.291,3.0,-999.0,117.204,69.128,0.526,16.378,19.945,8.17,27.39,18.838,101.167,0.388,0.0,4.04,1.989,1.974,74.776,27.743,0.643,7.062,0.612,1.32,9.537,8.972,4.579,28.89,1.026,5.491,49.606,0.0,3.68,3.0,68.938,4.153,30.159,92.847,9.337,2.094,5.876,0.429,3.746,2.457,0.0,0.0,-999.0,-999.0,
1926,48.973,3.204,54.876,1.417,0.988,2.0,-999.0,115.685,63.284,1.006,11.104,19.792,5.606,19.352,26.491,107.779,0.588,1.0,3.086,1.665,1.997,67.352,19.439,0.215,7.486,0.612,0.015,9.23,4.334,6.501,30.299,0.441,7.722,36.346,0.167,4.734,2.0,67.943,3.814,34.837,71.276,8.616,0.859,8.897,0.303,3.393,2.5,0.0,0.0,-999.0,-999.0,
1927,41.479,3.581,47.95,1.278,0.805,2.0,-999.0,112.334,47.448,0.01,9.164,9.194,6.185,12.647,12.398,118.613,0.02,0.0,3.937,2.115,2.834,76.75,9.866,0.112,6.586,0.445,0.912,6.073,7.418,3.136,17.356,0.049,2.244,33.799,0.167,1.971,0.0,45.324,3.526,22.236,75.421,6.626,0.132,4.13,0.326,0.787,3.773,0.0,0.0,-999.0,-999.0,
1928,43.416,4.535,53.803,1.265,0.575,1.0,-999.0,107.387,49.411,0.724,12.889,13.151,5.749,14.94,13.687,99.832,0.02,0.0,5.005,2.235,1.541,70.444,18.416,0.182,5.138,0.529,0.912,12.222,10.758,4.939,26.259,0.051,5.508,41.143,0.167,5.148,1.0,63.908,2.758,24.973,74.031,6.003,1.587,5.89,1.06,1.582,3.38,0.0,0.0,-999.0,-999.0,
1929,31.578,2.672,44.283,1.418,0.684,4.0,-999.0,114.7,34.868,0.246,10.176,9.599,7.488,22.821,10.861,93.831,1.439,0.0,1.58,3.094,2.374,57.908,19.789,1.588,9.466,0.445,1.679,10.117,6.448,5.263,17.583,0.87,1.786,37.507,0.083,2.736,0.0,44.663,5.84,18.774,69.275,6.854,1.587,4.805,0.517,0.713,3.66,0.0,0.0,-999.0,-999.0,
1930,41.415,3.38,48.748,1.31,1.418,2.0,-999.0,110.239,45.82,1.071,19.25,19.82,15.29,22.816,28.121,82.485,0.02,1.0,2.856,4.072,4.124,63.742,25.533,0.675,11.759,0.445,0.015,11.735,7.895,4.672,24.995,1.77,7.637,59.277,0.0,3.793,1.0,59.743,8.126,26.588,77.017,5.717,0.495,8.038,0.719,3.472,4.435,0.5,0.0,-999.0,-999.0,
1931,36.296,2.829,57.2,2.771,1.96,1.0,-999.0,110.092,60.847,1.385,30.055,35.013,24.033,33.686,36.725,91.438,0.388,0.0,5.31,12.364,12.851,65.143,35.411,1.365,19.702,4.83,1.26,14.753,8.427,7.356,27.65,2.542,15.799,66.739,0.0,7.588,7.0,61.349,16.808,36.596,76.963,12.987,3.841,8.881,0.17,7.23,15.215,1.5,0.0,-999.0,-999.0,
1932,57.755,5.326,60.306,1.254,1.728,1.0,-999.0,119.43,56.196,0.285,13.757,17.369,10.143,25.117,26.69,92.054,0.02,0.0,1.526,3.791,4.541,75.016,26.142,0.368,11.391,0.445,0.363,10.364,6.761,4.083,28.689,0.776,5.988,46.781,0.0,6.196,2.0,65.888,6.164,33.472,72.315,6.884,0.132,8.291,0.136,3.77,5.359,0.0,0.0,-999.0,-999.0,
1933,48.725,4.107,60.092,1.966,1.158,3.0,-999.0,120.228,59.93,0.097,21.102,24.212,12.483,31.149,22.564,113.671,0.02,0.0,5.872,5.123,5.408,79.108,30.286,0.74,12.086,0.696,0.673,11.958,9.642,6.69,25.017,1.31,10.907,58.188,0.083,3.585,2.0,67.704,8.54,28.385,85.668,6.922,2.094,6.214,0.354,3.342,6.343,0.0,0.0,-999.0,-999.0,
1934,58.047,5.071,65.189,1.44,4.739,5.0,-999.0,127.468,61.222,0.285,29.728,32.23,22.224,50.747,30.517,99.303,0.02,0.0,5.266,4.145,4.942,76.645,47.372,0.882,24.564,0.445,1.011,12.072,19.873,4.889,36.027,1.861,13.691,66.916,0.083,4.733,7.0,73.214,10.219,36.138,89.5,8.113,0.859,10.09,0.354,5.529,7.916,0.0,0.0,-999.0,-999.0,
1935,44.583,3.966,50.713,1.966,1.878,4.0,-999.0,121.398,53.689,0.263,23.667,24.9,19.134,34.669,26.918,94.911,0.588,0.0,4.247,7.484,6.51,63.086,29.857,0.868,19.67,1.188,1.38,12.623,10.543,7.098,27.69,1.66,12.656,50.696,0.356,5.411,3.0,64.464,11.763,28.498,72.021,6.064,3.913,7.013,0.675,5.476,6.64,0.0,0.0,-999.0,-999.0,
1936,50.38,6.722,72.326,1.719,4.529,5.0,-999.0,131.39,56.761,0.271,32.675,37.016,25.748,44.689,33.898,106.336,0.02,0.0,3.142,7.556,9.942,77.939,51.624,3.496,27.886,2.015,0.314,11.733,9.789,6.078,27.641,8.615,14.6,74.32,0.0,5.029,3.0,65.65,20.226,43.599,80.92,6.741,0.859,9.296,0.22,4.537,10.15,0.0,0.0,-999.0,-999.0,
1937,45.234,4.608,57.02,1.681,2.393,4.0,-999.0,118.647,50.114,0.207,18.521,19.098,15.229,38.061,19.877,103.709,3.326,0.0,8.662,6.013,6.499,70.157,27.551,0.756,19.157,0.445,0.613,11.76,10.464,6.38,22.844,3.432,7.469,73.893,0.0,4.025,8.0,61.622,11.747,28.524,82.14,8.502,3.549,4.003,0.65,3.292,8.421,0.0,0.0,-999.0,-999.0,
1938,41.687,6.311,60.875,1.321,1.413,3.0,-999.0,92.296,48.864,0.246,16.632,18.571,13.439,32.31,20.192,105.398,1.439,1.0,7.637,4.496,4.49,71.637,31.787,0.174,15.776,0.445,1.021,12.308,6.971,6.799,26.081,0.753,6.003,62.001,0.174,2.023,7.0,52.189,7.629,25.598,77.04,6.545,4.348,4.994,0.672,3.863,4.669,0.0,0.0,-999.0,-999.0,
1939,42.569,6.533,57.766,2.371,1.12,2.0,-999.0,120.031,53.266,0.749,15.878,18.625,10.381,31.529,17.119,110.003,0.02,0.0,3.526,3.506,2.928,67.603,25.262,0.73,12.749,0.445,0.722,12.039,7.583,6.094,27.238,1.035,6.307,65.194,0.038,2.4,3.0,70.822,6.968,26.28,83.568,6.564,0.859,4.968,0.757,1.926,5.114,0.0,0.0,-999.0,-999.0,
1940,32.903,6.957,39.303,0.971,1.68,3.0,-999.0,106.339,43.263,0.268,17.706,22.628,13.489,21.455,15.526,81.97,0.304,0.0,5.576,4.602,3.938,47.572,18.069,0.333,14.637,1.439,1.43,10.204,8.043,5.801,25.076,0.714,8.536,34.491,0.0,3.71,1.0,55.965,8.125,21.763,50.967,7.836,3.185,5.054,0.236,3.262,7.171,0.0,0.0,-999.0,-999.0,
1941,58.372,3.599,60.021,1.131,0.94,1.0,-999.0,130.537,69.877,0.373,21.892,22.899,14.773,20.601,24.409,118.554,0.304,0.0,3.054,5.581,8.516,78.107,27.647,0.604,9.875,0.668,1.021,11.363,3.942,6.722,33.803,0.963,10.943,41.35,0.356,5.384,0.0,76.377,8.509,44.708,74.009,5.907,1.951,8.296,0.785,3.6,8.596,0.0,0.0,-999.0,-999.0,
1942,44.018,5.518,57.155,0.996,1.234,2.0,-999.0,99.699,45.36,0.038,17.161,19.83,10.981,21.861,24.029,95.225,0.02,0.0,5.421,3.102,1.513,61.893,21.344,0.377,9.131,1.355,1.968,12.743,5.905,5.673,30.67,0.186,7.468,44.779,0.0,4.489,3.0,65.235,2.863,31.119,68.807,5.252,2.458,5.538,0.408,3.649,4.76,0.0,0.0,-999.0,-999.0,
1943,57.845,7.013,69.774,1.081,1.358,5.0,-999.0,115.095,56.408,0.207,26.629,27.048,13.873,34.895,29.918,100.3,0.02,0.0,6.631,2.433,2.815,80.264,37.955,0.205,15.438,0.529,1.31,18.082,9.664,6.976,32.906,0.401,10.385,66.975,0.0,7.605,1.0,63.868,4.885,42.911,75.35,5.502,3.257,7.792,0.32,2.762,5.684,0.0,0.0,-999.0,-999.0,
1944,43.903,3.726,54.086,1.032,1.06,5.0,-999.0,115.1,46.766,0.038,17.358,20.427,8.784,21.392,24.148,101.245,0.304,0.0,9.838,3.474,2.234,68.227,22.244,0.308,8.499,0.445,0.912,11.659,8.303,9.224,25.032,0.309,6.534,52.757,0.0,3.969,2.0,48.995,3.162,26.472,71.161,4.756,2.314,4.997,0.287,1.308,5.089,0.0,0.0,-999.0,-999.0,
1945,48.928,3.507,43.714,1.457,1.007,0.0,-999.0,132.414,44.552,0.408,11.804,11.139,7.978,18.693,12.742,102.209,0.304,0.0,1.966,1.536,2.341,62.922,17.351,0.399,8.821,0.612,0.712,9.826,8.87,5.678,27.436,0.389,3.912,33.681,0.0,3.214,1.0,65.288,3.406,24.502,68.03,4.882,0.132,3.601,0.204,1.513,1.886,0.0,0.0,-999.0,-999.0,
1946,37.198,5.089,41.312,1.006,0.882,1.0,-999.0,113.681,35.149,1.458,11.957,11.47,8.085,24.453,9.16,90.493,0.02,0.0,2.208,1.839,2.207,56.132,22.619,0.348,9.336,0.529,0.712,6.063,11.711,3.53,21.8,0.999,2.492,45.058,0.177,1.14,0.0,44.495,3.735,18.782,75.401,6.613,0.495,3.345,0.258,0.775,2.367,0.0,0.0,-999.0,-999.0,
1947,42.603,7.368,52.109,1.382,0.909,1.0,-999.0,118.718,37.636,0.33,25.038,24.738,19.336,29.409,15.326,96.336,0.588,0.0,9.654,8.513,9.092,65.056,32.794,0.469,14.274,0.529,3.003,12.842,10.928,8.311,21.169,2.555,9.414,-999.0,0.0,4.59,9.0,54.971,11.235,25.365,76.944,5.847,3.549,6.426,0.263,2.153,12.348,0.0,0.0,-999.0,-999.0,
1948,38.813,5.565,38.777,1.06,0.515,1.0,-999.0,124.943,41.662,0.038,10.133,11.145,7.727,12.827,9.804,85.833,0.02,1.0,6.009,4.806,4.105,53.066,12.242,0.18,6.25,0.445,1.188,11.831,14.682,6.23,22.357,1.049,4.853,40.526,0.0,1.715,2.0,51.939,3.814,21.092,70.185,5.798,2.314,4.546,0.185,1.657,6.629,0.0,0.0,-999.0,-999.0,
1949,54.47,6.059,50.498,1.827,0.948,5.0,-999.0,112.565,48.836,0.037,23.586,27.915,16.168,20.172,23.768,91.503,3.227,1.0,13.66,6.98,7.873,67.861,23.469,0.448,8.78,1.272,2.256,20.452,7.344,10.413,33.872,1.17,10.815,45.869,0.0,6.934,7.0,68.699,7.713,31.005,68.75,5.271,3.406,10.596,0.296,3.875,9.497,0.0,0.0,-999.0,-999.0,
1950,27.339,4.199,28.968,1.398,0.9,0.0,-999.0,102.473,29.058,0.038,5.673,4.775,2.483,9.418,8.257,86.371,0.02,0.0,2.099,0.786,0.807,46.225,7.884,0.112,2.816,0.445,0.015,8.839,8.179,3.296,17.364,0.049,2.094,30.458,0.0,1.246,2.0,48.46,1.062,17.519,64.521,4.285,0.483,3.954,0.112,1.263,0.895,0.0,0.0,-999.0,-999.0,
1951,45.319,4.046,54.742,0.969,0.96,0.0,-999.0,103.372,46.941,0.314,9.021,6.891,4.34,16.474,13.818,92.879,0.02,0.0,1.353,0.704,0.866,62.115,15.452,0.661,5.392,1.606,0.015,7.931,13.72,3.162,23.162,0.518,3.103,64.518,0.0,1.568,8.0,55.371,1.66,24.787,86.95,5.46,0.132,4.323,0.136,1.588,1.702,0.0,0.0,-999.0,-999.0,
1952,56.855,4.331,50.597,1.265,1.337,2.0,-999.0,113.627,58.064,0.038,23.356,24.813,11.516,32.89,29.948,71.839,0.672,3.0,6.758,3.816,2.36,64.834,30.189,0.154,10.205,0.612,0.314,14.616,11.866,8.363,28.83,0.226,9.962,69.61,0.0,9.303,10.0,59.3,4.11,34.447,74.83,5.918,2.386,11.213,0.277,4.33,4.837,0.0,0.0,-999.0,-999.0,
1953,48.682,5.145,54.416,1.814,2.061,0.0,-999.0,123.805,48.315,0.038,22.164,20.728,15.412,28.117,23.717,84.909,0.304,0.0,7.509,3.423,4.927,70.573,30.978,0.132,14.729,0.612,1.669,9.929,14.247,6.449,23.64,0.381,7.219,66.093,0.0,3.145,2.0,58.752,7.77,29.176,77.007,6.844,1.951,7.168,0.32,3.576,5.087,0.0,0.0,-999.0,-999.0,
1954,45.805,5.934,68.144,1.391,3.141,0.0,-999.0,117.665,50.97,0.496,23.193,18.477,13.372,43.575,18.162,98.682,0.02,0.0,1.478,1.169,2.253,80.98,42.828,0.225,12.904,0.696,0.015,5.751,17.939,3.332,20.228,0.829,4.732,88.995,0.0,1.613,1.0,55.713,6.401,29.955,87.463,9.138,0.132,3.482,0.136,1.726,3.311,0.0,0.0,-999.0,-999.0,
1955,31.345,2.445,45.298,1.509,1.848,7.0,-999.0,99.01,36.232,0.038,24.742,21.089,22.826,34.139,26.099,86.736,1.055,0.0,14.889,6.694,8.856,65.004,25.209,0.802,20.167,0.529,3.91,22.037,6.233,10.051,27.792,1.207,11.137,56.422,0.086,9.205,10.0,65.328,12.643,26.075,74.606,5.658,3.114,7.525,0.536,2.366,11.171,0.0,0.0,-999.0,-999.0,
1956,22.516,4.227,44.802,1.188,0.608,1.0,-999.0,79.705,28.104,0.038,11.491,10.233,7.917,27.594,11.846,70.476,0.02,0.0,1.523,1.103,1.892,55.759,23.79,0.203,6.857,0.668,1.32,7.862,7.084,3.572,19.624,0.275,3.976,61.735,0.0,1.171,2.0,48.657,2.594,20.01,72.761,5.511,0.495,3.891,0.549,0.659,1.657,0.0,0.0,-999.0,-999.0,
1957,32.788,6.226,44.592,1.104,0.727,2.0,-999.0,115.161,33.73,0.038,16.099,9.826,14.719,27.924,12.848,83.183,0.02,0.0,4.879,2.218,3.206,64.41,25.42,0.183,9.823,0.445,0.662,9.24,11.57,4.85,20.963,1.061,3.195,53.656,0.0,2.905,1.0,57.056,5.838,19.168,69.103,6.766,0.132,5.307,0.136,0.914,3.203,0.0,0.0,-999.0,-999.0,
1958,38.11,7.889,49.225,1.262,1.472,1.0,-999.0,109.616,37.772,0.038,9.228,8.11,4.296,17.041,13.205,98.355,0.02,0.0,1.799,1.011,1.969,66.271,16.604,0.202,4.92,0.668,0.673,9.355,10.696,3.518,25.847,0.657,2.169,59.205,0.083,0.894,4.0,62.211,3.208,22.616,81.266,6.605,1.658,4.013,1.247,0.594,1.365,0.0,0.0,-999.0,-999.0,
1959,26.181,6.79,48.137,1.895,1.0,8.0,-999.0,130.728,33.32,0.038,23.369,20.721,14.463,22.533,21.359,89.835,0.02,0.0,8.844,8.204,5.563,60.35,21.38,0.324,9.041,0.445,2.355,17.966,7.356,9.635,30.514,0.992,8.827,49.078,0.083,8.255,8.0,68.009,6.124,18.355,73.493,8.485,3.913,8.347,0.32,1.818,8.232,0.0,0.0,-999.0,-999.0,
1960,21.47,5.676,46.486,2.003,1.437,0.0,-999.0,109.953,29.052,0.14,9.056,5.375,5.944,17.049,9.831,79.176,0.304,0.0,2.249,1.287,4.376,58.713,14.918,0.95,6.796,1.355,0.015,4.881,6.405,3.181,21.679,1.83,1.77,43.558,0.083,1.674,0.0,54.048,6.889,15.714,69.866,8.066,0.132,3.917,0.699,1.251,2.789,0.0,0.0,-999.0,-999.0,
1961,14.525,5.528,34.79,3.084,0.582,1.0,-999.0,91.17,19.907,0.038,10.662,8.611,4.232,15.534,12.495,67.718,0.02,0.0,5.264,2.825,2.728,37.607,15.513,0.425,6.012,1.523,0.673,11.025,6.248,5.095,20.911,0.958,4.216,31.577,0.167,2.974,5.0,48.046,3.268,10.075,61.893,7.936,2.386,4.434,1.283,1.254,2.59,0.0,0.0,-999.0,-999.0,
1962,26.472,5.406,51.381,0.831,0.521,0.0,-999.0,101.275,28.328,0.089,8.078,4.225,3.073,15.694,10.715,103.257,0.02,0.0,0.935,0.624,0.965,60.93,16.476,0.132,3.621,0.529,0.015,5.635,5.511,2.78,14.654,0.305,2.125,44.589,0.0,1.216,1.0,43.191,1.474,16.309,78.685,6.827,0.132,3.018,0.253,1.2,0.933,0.0,0.0,-999.0,-999.0,
1963,22.283,4.388,46.735,1.287,3.318,2.0,-999.0,97.222,20.005,0.038,7.949,5.809,6.606,32.402,7.466,90.413,0.304,0.0,2.634,2.24,2.949,56.956,21.754,0.333,10.809,0.445,0.314,5.706,9.564,4.335,14.793,1.3,2.526,66.667,0.0,0.925,0.0,34.338,5.325,12.131,80.348,7.109,1.223,3.847,0.221,0.722,1.722,0.0,0.0,-999.0,-999.0,
1964,26.858,4.777,47.65,1.165,2.243,2.0,-999.0,110.201,27.409,0.038,15.388,11.589,11.079,32.567,18.299,95.496,0.02,0.0,4.297,4.61,5.379,64.157,20.421,0.353,11.453,0.445,0.374,7.977,9.023,4.35,22.221,0.771,4.199,67.035,0.0,3.768,1.0,53.79,6.839,17.052,86.775,7.007,1.658,4.988,0.17,1.733,6.224,0.0,0.0,-999.0,-999.0,
1965,31.835,2.88,42.199,1.326,0.877,3.0,-999.0,101.442,18.918,0.089,7.185,5.86,4.097,15.655,11.156,92.897,0.02,0.0,4.045,1.85,1.7,58.207,14.273,0.202,3.43,0.445,1.032,8.475,7.28,3.671,19.914,0.982,2.437,53.656,0.0,2.696,4.0,46.717,2.512,15.875,79.812,4.458,0.495,4.194,0.629,1.451,1.649,0.0,0.0,-999.0,-999.0,
1966,32.631,5.248,40.031,1.267,2.224,1.0,-999.0,109.345,18.76,0.162,13.202,10.083,9.365,26.776,13.137,85.095,0.204,0.0,1.929,3.129,4.676,51.495,19.706,0.357,10.577,0.445,0.015,9.545,9.629,4.726,18.613,1.707,3.413,51.624,0.0,1.783,1.0,44.042,7.05,19.128,67.498,8.123,0.132,4.344,0.121,1.408,2.934,0.0,0.0,-999.0,-999.0,
1967,24.278,2.699,34.042,2.268,0.868,0.0,-999.0,92.476,9.501,0.271,5.55,3.362,2.651,11.257,5.034,82.724,0.02,0.0,2.196,1.19,0.854,42.556,8.488,0.132,2.762,1.439,0.363,5.571,6.032,3.256,15.393,0.1,2.457,36.067,0.0,0.982,1.0,29.465,1.099,9.72,60.058,6.9,1.223,2.26,0.237,0.88,0.99,0.0,0.0,-999.0,-999.0,
1968,26.96,3.495,46.881,1.108,0.907,2.0,-999.0,101.382,23.372,0.038,21.588,18.21,13.376,22.445,24.547,87.891,0.02,2.0,3.109,6.393,3.228,51.767,26.257,0.132,8.152,1.523,1.38,13.836,4.916,5.501,24.297,0.18,9.547,42.439,0.167,6.061,2.0,49.333,4.277,19.469,58.075,6.241,2.458,4.83,0.627,4.547,6.483,0.0,0.0,-999.0,-999.0,
1969,35.442,6.937,44.694,1.002,1.227,5.0,-999.0,127.358,25.222,0.353,11.692,11.392,7.742,22.222,22.36,85.461,0.02,0.0,5.725,2.576,3.593,52.638,23.474,0.161,7.682,0.779,2.017,11.238,13.041,5.794,25.323,0.808,6.686,58.998,0.083,3.004,8.0,54.767,4.045,22.668,69.244,7.478,0.859,4.74,0.32,2.379,1.791,0.0,0.0,-999.0,-999.0,
1970,35.353,8.628,56.263,1.187,2.93,2.0,-999.0,107.688,27.701,0.443,15.209,13.234,10.408,29.362,16.211,104.493,0.02,0.0,5.102,3.64,2.668,67.436,26.134,0.242,9.766,0.863,1.679,7.895,5.875,4.963,22.021,0.454,6.937,67.035,0.083,2.209,5.0,53.143,5.295,19.525,76.363,7.268,0.132,4.231,0.442,2.77,5.606,0.0,0.0,-999.0,-999.0,
1971,27.306,8.534,42.755,1.93,1.63,2.0,-999.0,101.562,15.775,0.271,11.065,9.357,6.912,18.272,9.062,95.735,0.02,0.0,3.674,3.648,1.235,50.175,15.605,0.386,5.853,1.364,1.718,7.026,6.482,4.613,15.774,0.564,3.043,46.413,0.083,2.036,3.0,44.697,3.847,11.702,67.335,7.463,2.094,2.937,0.387,0.867,3.359,0.0,0.0,-999.0,-999.0,
1972,21.026,5.535,42.318,1.965,1.008,-999.0,-999.0,91.112,12.846,0.038,13.841,10.717,8.937,15.636,12.896,91.131,0.033,0.0,3.327,2.585,3.141,47.787,16.819,0.215,4.718,0.779,1.081,11.175,4.749,5.235,15.91,0.592,5.811,52.625,0.0,3.234,3.0,34.616,3.639,9.104,64.572,5.533,2.094,3.413,0.375,1.715,3.71,0.0,0.0,-999.0,-999.0,
1973,26.854,5.667,46.126,1.322,1.202,6.0,-999.0,102.949,24.62,0.034,16.095,13.437,9.47,17.717,16.085,113.375,0.033,0.0,8.412,6.565,4.043,65.212,12.452,0.357,6.672,0.529,1.908,11.802,5.23,6.457,20.285,0.529,5.374,42.895,0.0,2.417,2.0,53.336,6.077,19.092,60.506,6.526,1.658,3.864,0.21,1.135,5.824,0.0,0.0,-999.0,-999.0,
1974,13.564,5.974,32.982,1.529,1.044,2.0,-999.0,88.551,12.018,0.221,11.153,7.331,10.55,19.692,5.464,85.12,0.033,0.0,3.511,2.114,3.144,38.982,14.812,0.291,8.509,1.355,0.662,7.793,5.724,3.868,14.546,0.726,2.533,45.471,0.0,1.104,3.0,31.227,5.852,10.71,58.274,6.89,0.132,2.593,0.136,0.458,2.87,0.0,-999.0,-999.0,-999.0,
1975,14.833,3.643,43.137,1.076,0.745,3.0,-999.0,102.846,17.262,0.446,12.298,12.951,12.608,19.124,15.509,102.802,0.772,0.0,6.747,2.729,5.733,54.831,17.069,0.312,8.637,0.779,2.725,8.467,3.784,4.961,17.409,2.153,4.787,47.178,0.167,1.136,2.0,44.28,9.087,12.929,61.868,5.498,1.963,2.426,1.145,1.336,2.724,0.0,0.0,-999.0,-999.0,
1976,12.304,3.294,22.532,1.605,0.661,3.0,-999.0,73.568,13.958,0.285,7.463,7.248,7.505,13.411,6.302,59.278,0.02,0.0,6.363,1.429,3.981,34.926,11.362,0.257,6.557,0.529,0.374,6.746,3.873,3.163,12.872,0.745,2.91,39.407,0.0,0.844,0.0,31.644,6.522,7.509,43.972,7.494,2.094,2.037,0.253,0.731,2.859,0.0,0.0,-999.0,-999.0,
1977,36.553,4.885,66.045,1.818,2.502,1.0,-999.0,97.822,32.873,0.038,18.118,20.627,11.957,24.308,26.17,112.663,0.574,1.0,5.739,4.284,3.936,73.788,25.485,0.282,9.671,1.439,0.662,11.582,7.9,5.112,24.389,0.309,10.748,65.886,0.083,3.963,4.0,51.292,5.319,24.459,84.529,6.947,1.223,7.326,0.538,3.679,5.365,0.0,0.0,-999.0,-999.0,
1978,19.589,4.492,50.704,1.391,1.034,3.0,-999.0,99.102,28.952,0.408,13.694,11.52,10.238,28.574,16.225,104.289,0.204,0.0,5.757,1.24,2.552,67.449,28.041,0.113,8.034,0.779,1.729,9.963,9.348,4.893,17.826,0.816,6.169,66.975,0.167,2.116,6.0,51.873,4.653,17.165,84.225,7.674,0.495,5.816,0.136,1.517,2.078,0.0,0.0,-999.0,-999.0,
1979,22.773,4.29,42.126,1.573,1.123,4.0,-999.0,106.959,26.103,0.038,9.815,10.923,6.254,18.353,15.726,91.647,0.02,0.0,9.231,1.298,1.155,51.877,14.873,0.127,5.235,0.612,2.763,12.57,4.779,4.75,19.461,0.124,3.597,46.472,0.0,1.605,11.0,41.22,2.748,18.572,60.003,6.449,2.386,4.006,0.228,1.128,1.337,0.0,0.0,-999.0,-999.0,
1980,30.696,8.792,70.633,1.744,3.192,2.0,-999.0,114.22,35.97,0.033,22.522,24.804,13.049,38.271,31.022,108.859,0.02,0.0,3.538,1.481,2.263,72.33,37.562,0.192,12.71,1.606,1.718,11.824,12.697,5.76,26.037,0.556,8.045,91.482,0.0,3.201,3.0,56.715,3.826,30.72,91.461,6.297,0.931,5.767,0.136,1.665,2.421,0.0,0.0,-999.0,-999.0,
1981,35.262,6.67,52.38,1.986,1.33,2.0,-999.0,100.72,33.648,0.196,12.744,15.206,8.32,24.861,19.547,101.199,0.02,2.0,1.659,1.984,1.752,65.757,22.474,0.174,6.937,0.529,0.314,10.545,5.371,4.902,26.372,0.628,5.016,65.371,0.0,1.724,2.0,60.234,3.953,22.562,74.134,9.624,0.931,5.888,0.195,1.897,2.1,0.0,0.0,-999.0,-999.0,
1982,24.63,4.927,48.628,1.336,1.17,1.0,-999.0,111.063,16.047,0.089,10.292,10.821,6.77,19.8,15.646,105.79,0.02,0.0,1.956,1.779,1.402,62.974,17.852,0.213,6.486,0.696,0.314,7.582,5.23,4.126,17.991,0.47,3.296,62.368,0.083,0.66,3.0,53.309,4.202,19.508,71.676,6.885,1.73,3.79,0.4,0.594,2.345,0.0,0.0,-999.0,-999.0,
1983,28.668,3.771,50.108,1.942,1.733,1.0,-999.0,109.942,33.064,0.336,22.809,26.603,21.037,32.448,26.207,88.328,0.204,-999.0,3.222,4.274,6.21,56.145,28.408,0.856,14.785,0.612,0.015,10.685,7.326,6.355,22.601,3.371,8.578,66.975,0.0,1.82,1.0,53.042,9.466,25.208,65.473,6.745,1.223,4.696,0.136,1.836,6.334,0.0,0.0,-999.0,-999.0,
1984,15.231,3.868,40.297,4.372,0.83,2.0,-999.0,89.576,19.062,0.336,10.461,14.027,5.99,17.09,7.89,89.036,0.02,0.0,1.776,2.018,2.302,42.633,13.174,0.418,4.946,0.863,2.306,13.16,5.495,6.142,17.288,0.689,5.382,52.802,0.0,0.634,2.0,45.287,3.098,10.235,66.909,5.82,0.931,4.352,0.341,2.262,2.218,0.0,0.0,-999.0,-999.0,
1985,30.932,4.898,44.05,1.821,1.585,3.0,-999.0,121.91,28.149,0.28,9.615,10.49,5.854,17.757,11.868,97.758,0.02,0.0,0.918,2.2,1.39,60.024,14.31,0.39,5.929,0.947,0.712,12.684,4.005,4.468,16.558,0.24,4.858,49.8,0.0,1.069,3.0,42.118,1.685,17.12,75.454,6.552,0.495,3.466,0.195,1.401,1.975,0.0,0.0,-999.0,-999.0,
1986,42.766,5.054,59.643,1.194,1.036,2.0,-999.0,113.549,35.84,0.466,15.597,18.998,11.631,24.565,20.477,114.329,0.204,1.0,0.49,3.443,3.54,73.173,19.424,0.112,9.126,1.606,1.06,9.036,5.551,4.525,25.115,0.291,6.221,58.85,0.083,1.329,1.0,70.015,5.037,29.087,85.636,7.091,1.295,6.775,0.136,5.573,3.728,0.0,0.0,-999.0,-999.0,
1987,38.812,3.962,53.631,1.258,0.842,6.0,-999.0,108.592,40.087,0.062,19.781,20.716,16.333,24.41,19.985,93.769,0.02,0.0,2.669,6.565,5.086,64.688,20.726,0.23,8.665,0.779,1.419,11.596,5.429,7.619,29.045,2.329,10.393,49.239,0.002,3.95,3.0,66.119,7.769,25.838,63.718,6.055,3.114,6.215,0.304,1.951,7.598,0.0,0.0,-999.0,-999.0,
1988,36.168,6.18,50.039,2.472,1.236,12.0,-999.0,99.42,34.356,0.395,24.984,28.702,22.517,30.759,27.552,86.745,1.04,0.0,11.997,9.559,8.181,68.893,25.294,1.097,13.701,1.606,6.25,20.686,4.796,10.226,25.937,4.37,12.748,49.209,0.042,6.873,15.0,54.541,10.674,28.304,64.248,9.178,3.77,7.44,0.253,2.845,11.645,0.0,0.0,-999.0,-999.0,
1989,39.078,6.408,46.434,1.249,1.049,22.0,-999.0,104.618,29.981,0.038,11.979,15.619,7.728,19.472,18.818,95.11,0.204,1.0,3.381,2.176,3.813,63.915,15.891,0.3,7.35,0.696,0.662,10.4,8.025,5.099,20.663,2.79,6.482,46.899,0.0,2.123,5.0,54.69,6.309,22.119,70.824,7.307,1.223,5.263,0.136,2.182,3.447,0.0,0.0,-999.0,-999.0,
1990,28.177,7.938,58.34,3.133,1.618,0.0,-999.0,113.246,31.646,0.491,12.793,12.688,12.481,29.49,12.666,109.878,0.02,1.0,3.452,1.493,3.204,65.82,24.972,0.257,11.029,0.529,1.32,9.52,12.712,4.777,20.155,1.138,4.21,67.77,0.0,0.899,4.0,64.413,4.736,18.013,82.453,8.706,1.658,3.043,0.732,0.82,3.24,0.0,0.0,-999.0,-999.0,
1991,44.938,3.255,61.158,1.458,1.328,2.0,-999.0,127.491,50.855,0.097,20.66,24.41,14.09,29.276,24.834,115.038,0.488,0.0,2.13,5.917,5.796,81.538,25.667,0.628,11.888,0.696,0.314,13.275,5.619,5.425,32.784,1.492,9.797,50.122,0.0,2.534,0.0,75.276,8.432,28.717,76.55,6.412,2.022,6.489,0.252,1.261,7.327,0.0,0.0,-999.0,-999.0,
1992,25.485,2.932,32.983,2.304,0.545,0.0,-999.0,100.24,28.018,0.062,6.245,7.666,2.485,10.058,11.182,77.136,0.02,-999.0,0.193,0.404,0.85,43.789,10.585,0.112,2.585,1.606,0.015,5.55,6.096,2.938,17.486,0.126,2.535,30.517,0.167,0.66,2.0,52.573,0.944,17.525,59.019,7.58,0.132,4.407,0.769,1.737,0.762,0.0,0.0,-999.0,-999.0,
1993,41.382,4.557,65.178,1.314,0.522,5.0,-999.0,93.775,42.23,0.038,17.734,21.132,6.293,23.036,22.324,103.233,0.02,0.0,1.636,2.734,0.429,70.845,30.99,0.141,5.252,0.612,1.391,13.222,9.063,6.953,29.093,0.266,8.538,63.001,0.0,1.669,3.0,66.53,1.56,29.493,80.346,5.256,2.75,5.518,0.136,0.731,1.757,0.0,0.0,-999.0,-999.0,
1994,28.239,7.676,37.692,1.523,1.315,14.0,-999.0,114.902,28.117,1.094,12.273,13.768,6.444,17.844,16.72,94.757,0.488,0.0,4.095,2.1,1.262,49.18,14.061,0.141,5.237,1.364,1.929,9.673,13.354,5.867,23.828,0.2,5.487,53.419,0.167,1.731,8.0,52.48,1.667,18.322,73.793,8.909,4.712,2.973,0.678,0.986,2.704,0.0,0.0,-999.0,-999.0,
1995,42.885,5.586,53.664,1.745,0.959,-999.0,-999.0,131.8,43.287,0.038,22.88,25.797,16.271,23.056,26.128,99.357,0.672,1.0,8.936,6.279,6.102,66.234,24.605,0.239,11.39,0.612,1.331,12.676,8.578,6.908,28.115,2.802,10.424,59.602,0.25,3.737,10.0,67.302,7.599,28.821,70.104,5.306,3.68,5.452,0.335,2.086,9.369,0.0,0.0,-999.0,-999.0,
1996,27.309,8.114,44.424,2.762,0.994,-999.0,-999.0,116.95,35.726,0.071,10.954,11.719,5.595,18.307,14.851,95.34,0.02,0.0,1.066,3.399,2.687,55.197,16.276,0.141,5.54,1.69,1.032,7.221,8.904,3.26,22.359,0.98,4.044,64.429,0.083,0.899,0.0,51.38,3.087,19.767,83.306,7.608,0.483,3.669,0.498,0.634,2.736,0.0,0.0,-999.0,-999.0,
1997,29.098,6.06,46.561,1.913,0.624,1.0,-999.0,112.063,32.53,0.038,10.984,12.917,9.209,18.248,13.567,96.973,0.02,0.0,1.858,1.954,3.069,53.993,21.978,0.161,7.81,0.612,0.673,6.282,6.244,4.055,21.222,0.227,2.716,55.362,0.0,0.553,2.0,45.756,4.402,24.627,73.209,5.975,0.483,4.988,0.392,0.458,2.428,0.0,0.0,-999.0,-999.0,
1998,53.737,6.861,78.749,3.641,0.722,-999.0,-999.0,141.944,55.789,0.403,15.911,18.771,8.081,27.52,19.627,130.707,0.02,1.0,2.352,4.056,1.084,92.808,32.723,0.154,8.444,1.114,2.707,11.096,11.453,4.908,28.833,0.42,4.542,71.274,0.086,1.582,5.0,70.932,3.64,34.783,104.38,9.102,0.483,4.741,1.484,0.987,2.479,0.0,0.0,-999.0,-999.0,
1999,41.049,4.715,51.014,2.039,1.18,-999.0,-999.0,124.474,40.674,0.038,19.296,25.327,13.763,24.171,25.569,100.695,1.524,0.0,8.093,4.311,3.942,66.438,26.846,0.207,11.709,1.523,5.029,16.645,10.053,7.756,29.624,0.262,11.13,54.23,0.0,4.849,9.0,58.765,7.001,31.908,83.115,8.603,11.671,6.512,0.377,3.483,5.809,0.0,0.0,-999.0,-999.0,
2000,36.139,10.062,58.61,2.092,1.111,-999.0,-999.0,111.386,33.037,0.314,11.869,11.833,7.186,30.631,15.938,104.608,0.02,1.0,1.431,0.669,1.411,65.288,33.272,0.352,10.72,0.863,0.503,10.575,12.721,4.164,22.128,0.477,2.327,66.063,0.0,2.451,3.0,50.476,5.454,25.955,90.46,11.498,1.295,2.866,0.492,0.585,1.85,0.0,0.0,-999.0,-999.0,
2001,38.459,5.45,53.979,1.925,1.554,-999.0,-999.0,126.374,39.369,0.319,17.577,19.338,14.815,26.544,23.355,99.731,0.672,1.0,4.774,6.728,8.542,60.788,29.67,0.549,12.99,0.612,3.912,11.003,15.184,5.786,20.822,1.973,6.941,61.456,0.0,3.338,9.0,51.312,10.398,32.637,78.608,8.75,2.821,4.112,0.444,1.31,8.223,0.0,0.0,-999.0,-999.0,
2002,42.432,8.628,60.057,1.646,1.974,-999.0,-999.0,139.143,47.393,0.381,20.449,28.994,13.828,27.957,32.567,115.384,0.956,2.0,5.821,7.087,6.618,68.064,27.238,0.748,17.09,2.684,3.365,15.743,14.021,7.87,26.402,2.053,12.02,59.94,0.083,5.679,6.0,62.976,13.038,32.863,77.523,10.933,1.658,7.628,1.318,2.454,7.737,0.0,0.0,-999.0,-999.0,
2003,36.378,10.801,50.866,3.221,2.225,8.0,-999.0,145.098,43.967,0.838,7.636,8.78,5.569,22.767,16.295,102.612,0.304,0.0,11.402,1.598,2.156,65.357,22.144,0.827,7.242,4.988,4.656,13.031,16.185,4.391,26.91,1.209,2.383,54.876,0.0,0.89,8.0,55.95,4.706,22.699,65.719,15.199,2.458,3.596,0.253,0.801,2.576,0.5,0.0,-999.0,-999.0,
2004,29.864,5.495,42.308,1.413,0.52,9.0,-999.0,127.768,44.523,0.51,8.452,10.18,2.948,12.501,14.105,104.129,0.02,0.0,5.318,1.29,0.799,54.527,12.879,0.284,4.802,0.863,2.277,10.041,6.597,3.829,26.254,0.049,3.531,41.675,0.177,0.853,4.0,64.364,1.985,18.745,63.234,7.105,2.094,4.298,1.167,1.22,1.351,0.0,0.0,-999.0,-999.0,
2005,51.03,11.414,53.212,1.966,1.097,8.0,-999.0,137.598,53.501,0.314,17.863,22.251,10.854,19.903,28.851,100.658,1.056,-999.0,11.651,6.075,5.429,67.886,24.917,0.767,11.313,2.108,6.821,23.209,10.601,10.31,30.363,2.084,11.318,51.992,0.0,7.03,6.0,75.508,8.853,36.254,73.476,7.29,5.875,6.189,0.5,1.228,6.156,0.0,0.0,-999.0,-999.0,
2006,47.773,7.176,54.475,5.979,2.182,6.0,-999.0,119.257,51.805,0.746,19.099,21.219,10.863,26.21,28.901,93.61,0.02,0.0,7.361,6.37,4.859,67.662,30.889,0.567,9.976,1.912,2.337,16.087,10.881,8.49,26.504,0.644,9.906,65.489,0.81,8.441,6.0,63.027,8.846,31.507,77.081,9.448,3.913,5.834,1.302,3.895,7.568,0.5,0.0,-999.0,-999.0,
2007,41.778,12.612,57.15,2.17,1.02,3.0,-999.0,129.28,46.848,0.589,16.674,19.125,8.537,27.326,29.142,105.109,0.02,1.0,5.212,2.928,3.594,71.962,29.145,1.239,8.902,1.69,0.972,11.462,8.497,4.743,26.957,3.605,7.496,56.819,0.0,3.334,2.0,60.014,8.164,34.038,69.135,11.844,2.094,4.003,0.353,2.545,3.35,0.0,0.0,-999.0,-999.0,
2008,39.588,7.729,46.463,2.313,1.714,2.0,-999.0,125.179,38.747,0.038,9.121,10.573,3.339,16.576,21.027,100.518,0.02,0.0,4.456,1.448,0.674,57.882,20.336,0.161,4.475,0.668,0.613,9.418,10.266,4.788,21.693,0.181,4.77,54.597,0.17,1.526,1.0,51.606,2.294,24.759,77.468,9.028,0.495,3.489,0.655,0.458,1.148,0.0,0.0,-999.0,-999.0,
2009,42.642,9.974,37.97,1.751,0.64,5.0,-999.0,132.329,40.768,0.245,8.303,9.764,2.952,12.982,15.88,106.473,0.204,1.0,4.077,1.339,0.371,64.092,14.425,0.185,3.108,0.947,1.619,8.074,13.191,3.161,20.678,0.049,2.671,48.047,0.333,1.179,8.0,53.599,1.223,18.047,80.494,8.449,1.658,2.631,0.712,0.977,0.978,-999.0,0.0,-999.0,-999.0,
2010,71.654,15.699,81.686,1.839,1.475,15.0,-999.0,136.078,65.053,0.039,25.598,26.088,10.32,31.811,43.594,121.71,3.127,2.0,8.262,7.296,3.683,89.641,40.925,0.194,8.579,0.909,2.296,28.126,15.317,8.057,50.252,1.029,11.184,86.655,0.0,5.919,5.0,81.678,5.347,49.801,99.717,10.158,4.348,7.704,0.17,2.945,5.949,0.0,0.0,-999.0,-999.0,
2011,49.405,11.897,71.232,1.677,1.953,4.0,-999.0,120.134,48.915,0.071,26.844,23.516,18.858,38.784,28.431,112.75,1.708,0.0,3.142,6.431,7.131,76.676,43.831,0.49,13.832,0.529,1.57,16.946,27.287,7.512,36.93,2.991,14.572,84.624,0.008,8.767,2.0,70.842,10.646,34.776,107.066,8.65,1.295,8.577,0.17,3.777,7.631,0.97,0.0,-999.0,-999.0,
2012,42.937,13.509,56.348,4.115,2.854,8.0,-999.0,135.883,48.918,0.097,23.582,24.46,15.238,30.352,25.604,100.761,0.204,0.0,5.955,6.414,5.482,58.997,31.404,0.491,11.97,3.176,0.613,17.797,19.25,7.775,32.86,0.93,10.058,62.457,0.008,3.513,12.0,63.382,10.816,30.132,83.476,9.364,0.859,6.282,0.637,2.144,7.973,0.0,0.0,-999.0,-999.0,
2013,32.262,10.756,46.645,4.121,1.135,14.0,-999.0,136.541,38.148,1.124,14.07,13.616,9.654,22.916,23.13,104.761,0.572,0.0,14.102,5.778,5.976,57.226,21.642,0.213,7.325,1.857,3.604,29.31,17.908,9.76,26.173,0.5,7.946,63.576,0.103,6.534,14.0,56.961,5.425,20.707,81.773,13.947,3.841,5.035,0.25,2.181,7.238,0.0,0.0,-999.0,-999.0,
2014,32.805,8.554,41.695,2.876,0.678,1.0,-999.0,131.013,44.117,0.398,11.39,13.342,3.506,17.592,23.665,100.526,0.02,0.0,3.511,1.074,1.067,59.419,20.5,0.11,3.349,1.69,1.57,9.022,11.208,4.812,23.386,0.13,4.609,49.137,0.003,3.026,4.0,57.187,1.52,18.863,78.071,9.366,0.931,3.182,0.938,1.054,1.534,0.0,0.0,-999.0,-999.0,
2015,40.973,7.903,57.139,4.238,0.999,0.0,-999.0,157.385,52.97,0.894,12.725,12.069,5.633,23.655,22.031,108.528,0.02,0.0,4.342,1.75,2.988,66.849,29.961,0.363,4.869,2.842,0.015,13.8,13.381,5.306,33.116,0.652,3.94,64.518,0.458,3.383,7.0,75.57,2.928,30.815,82.475,9.29,1.587,4.461,1.573,2.045,2.212,0.0,0.0,-999.0,-999.0,
2016,62.323,9.868,69.913,2.092,1.245,7.0,-999.0,141.831,51.955,0.039,20.21,24.325,9.223,27.175,41.36,119.48,0.02,1.0,7.017,5.793,2.144,87.185,39.899,0.247,9.919,2.266,2.028,22.314,18.749,7.889,39.718,0.134,13.333,69.978,0.0,12.279,9.0,86.289,6.408,47.118,91.24,9.926,2.022,10.186,0.266,5.156,3.485,0.0,0.0,-999.0,-999.0,
2017,45.274,9.067,45.255,8.507,0.727,4.0,-999.0,149.716,42.261,0.089,10.823,12.272,7.555,17.001,18.939,114.139,0.02,0.0,2.302,1.404,1.299,68.088,19.956,0.734,7.027,1.659,0.673,12.717,14.034,4.577,32.137,0.098,5.803,58.263,0.0,3.026,4.0,73.356,3.18,27.328,79.094,8.239,0.495,4.59,0.229,1.173,1.49,0.0,0.0,-999.0,-999.0,
2018,55.075,11.945,65.102,2.193,1.853,18.0,-999.0,149.153,56.166,0.128,20.335,23.216,8.767,25.651,47.06,136.33,2.275,0.0,14.409,5.593,3.459,86.887,36.052,0.391,7.627,4.24,3.903,24.083,18.317,9.029,42.84,0.695,15.089,79.281,0.0,11.21,17.0,86.483,4.98,38.449,103.393,13.021,7.402,5.895,0.469,2.181,4.043,0.0,0.0,-999.0,-999.0,
2019,42.897,11.495,53.127,2.514,0.934,4.0,-999.0,153.918,53.46,0.221,16.476,15.948,8.443,21.646,33.033,125.112,0.488,2.0,3.865,3.242,2.109,73.467,28.666,0.146,8.515,2.135,1.69,19.835,21.082,7.018,33.344,0.384,9.978,76.794,0.0,3.835,8.0,78.891,4.767,30.506,92.31,9.327,1.587,5.817,0.33,3.142,2.652,0.03,0.0,-999.0,-999.0,
2020,47.8,14.373,48.352,5.342,1.476,8.0,-999.0,165.054,50.268,0.161,14.807,12.718,10.55,22.862,29.526,105.488,1.056,1.0,10.282,3.413,3.487,65.716,27.183,0.307,10.615,3.036,4.371,23.244,21.972,7.357,39.979,0.901,5.649,54.112,0.402,4.238,14.0,78.191,7.114,34.825,76.765,11.308,7.837,8.032,1.075,2.566,4.505,0.03,0.0,-999.0,-999.0,
2021,45.371,14.113,55.541,3.412,1.251,5.0,-999.0,138.168,42.27,1.335,14.957,15.327,8.274,19.611,24.994,120.793,1.24,0.0,13.552,4.448,5.26,62.865,26.48,0.574,7.652,10.31,4.6,23.075,12.253,9.088,27.644,2.006,11.311,53.538,0.765,6.928,10.0,74.126,5.988,34.036,79.437,13.864,5.44,5.88,3.085,1.628,3.853,0.03,0.0,-999.0,-999.0,
