Year,AL,AZ,AR,CA,CO,CT,DE,FL,GA,ID,IL,IN,IA,KS,KY,LA,ME,MD,MA,MI,MN,MS,MO,MT,NE,NV,NH,NJ,NM,NY,NC,ND,OH,OK,OR,PA,RI,SC,SD,TN,TX,UT,VT,VA,WA,WV,WI,WY,AK,HI,PR,VI
1900,22.875,1.62,14.387,5.888,2.306,11.0,-999.0,20.169,19.093,2.677,8.349,8.843,9.885,7.021,10.851,19.807,17.192,-999.0,16.564,6.861,7.028,21.903,11.517,1.691,7.376,2.432,6.0,8.488,1.214,7.57,15.049,3.099,5.991,13.102,4.198,8.18,15.0,14.589,6.121,12.339,13.59,1.74,9.706,12.563,5.222,7.734,9.03,1.847,-999.0,-999.0,-999.0,
1901,17.884,2.411,10.525,6.077,1.443,17.0,-999.0,16.824,18.134,1.221,4.854,6.112,5.734,4.396,8.913,14.718,12.148,-999.0,16.54,5.311,5.905,16.729,7.319,1.86,6.496,1.932,8.0,10.7,0.863,7.95,20.271,5.093,6.52,6.652,6.097,10.839,18.0,14.382,4.544,15.136,6.42,0.954,4.583,18.204,5.246,8.902,4.86,1.847,-999.0,-999.0,-999.0,
1902,14.51,1.001,18.105,6.495,1.626,19.0,-999.0,15.747,15.688,1.485,10.864,8.041,12.54,9.1,13.022,14.328,12.186,-999.0,12.86,5.854,6.793,13.012,13.263,2.616,9.334,0.052,6.0,14.781,3.526,8.426,12.277,3.285,7.235,13.328,6.671,6.223,14.0,13.195,4.389,15.026,10.656,1.566,4.554,7.146,7.447,10.209,8.181,1.386,-999.0,-999.0,-999.0,
1903,15.083,1.736,13.539,5.683,1.59,12.0,-999.0,17.182,15.416,0.979,9.12,9.067,8.867,8.34,11.208,15.434,8.61,-999.0,12.364,5.578,8.844,15.376,10.786,1.215,8.127,1.932,5.0,12.787,1.302,9.073,15.284,5.539,7.479,8.924,6.092,7.021,22.0,12.517,4.407,14.425,10.429,1.061,4.266,11.658,5.173,8.329,7.934,0.63,-999.0,-999.0,-999.0,
1904,12.631,2.154,13.091,7.747,2.723,8.0,-999.0,14.806,9.112,0.909,9.158,8.998,6.462,8.082,8.349,12.007,13.391,3.0,12.36,5.296,4.944,11.672,12.908,0.821,6.726,0.552,5.0,8.645,4.068,5.823,10.316,3.509,7.447,8.593,7.899,5.813,14.0,10.479,3.921,10.166,9.082,1.738,6.176,5.207,5.27,2.843,8.754,0.63,-999.0,-999.0,-999.0,
1905,17.038,6.124,21.58,6.308,3.37,6.0,-999.0,16.784,15.303,0.665,8.802,11.995,9.053,7.739,12.635,26.529,8.712,11.0,8.287,7.062,8.478,20.029,13.968,1.224,8.351,0.071,6.0,7.529,4.877,8.611,14.973,4.68,8.262,11.323,3.614,8.849,15.0,10.815,5.909,13.562,13.58,2.584,6.929,10.665,5.913,10.385,8.713,0.57,-999.0,14.231,26.0,
1906,18.247,3.122,18.301,10.678,2.698,6.0,-999.0,17.567,16.23,2.289,9.164,9.809,7.335,6.694,13.687,15.286,12.676,10.0,14.571,6.155,6.029,16.539,9.872,1.821,7.232,0.071,5.0,9.772,1.31,8.032,14.121,4.488,6.339,9.922,6.205,4.521,15.0,15.904,6.476,14.749,9.794,3.561,4.989,11.598,5.936,7.564,7.586,3.298,-999.0,16.464,-999.0,
1907,18.06,2.956,15.465,6.856,1.494,13.0,-999.0,14.6,14.699,0.98,10.649,11.626,7.566,6.058,12.392,18.714,12.158,10.0,10.093,4.328,5.041,17.909,10.989,1.832,5.01,0.088,9.0,11.611,1.587,7.222,13.484,1.791,7.41,10.406,8.577,5.676,12.0,12.239,4.457,13.868,10.825,2.294,7.718,10.246,6.545,11.194,6.296,1.301,-999.0,24.429,27.0,
1908,16.186,3.264,15.215,4.414,2.265,10.0,-999.0,12.722,16.069,1.041,7.87,6.961,8.355,8.304,9.75,16.494,7.238,12.0,9.412,5.809,6.843,17.004,12.08,2.331,7.043,0.403,1.0,13.831,1.095,6.942,16.66,2.689,5.822,17.356,3.948,6.351,11.0,16.399,6.56,13.693,10.252,3.553,5.789,11.918,5.223,6.628,6.21,2.414,-999.0,13.117,24.0,
1909,20.053,2.625,13.764,12.963,1.764,10.0,-999.0,13.465,15.82,1.505,11.252,11.675,10.642,8.067,12.249,15.643,13.945,7.0,10.825,7.555,6.821,20.063,14.124,2.222,6.055,0.552,4.0,11.057,0.776,5.637,12.83,2.533,8.262,7.192,8.659,6.509,15.0,11.497,4.59,15.524,7.616,2.451,5.276,9.075,6.466,7.876,8.094,0.978,-999.0,13.544,-999.0,
1910,13.025,1.415,15.205,3.014,2.1,12.0,-999.0,15.069,12.512,0.424,6.549,9.087,3.651,5.148,14.45,16.262,5.707,1.0,7.073,4.229,2.253,14.545,10.743,0.951,3.858,0.5,3.0,8.285,1.093,6.571,13.016,1.866,7.889,4.582,5.024,6.989,13.0,12.994,2.02,10.871,6.582,0.9,5.396,7.392,6.14,5.549,4.164,1.386,-999.0,15.139,26.0,
1911,15.538,3.463,14.174,7.995,1.89,9.0,-999.0,12.1,14.395,1.113,8.796,7.413,7.395,6.378,12.471,21.114,7.46,15.0,9.046,6.454,5.847,18.96,10.256,2.208,6.173,0.069,5.0,12.249,1.805,5.579,11.172,2.707,6.74,8.817,4.012,7.434,18.0,11.097,4.3,14.556,9.521,0.269,4.881,8.45,4.219,10.199,8.437,0.771,-999.0,16.418,24.0,
1912,21.391,2.022,14.047,4.854,2.465,14.0,-999.0,18.106,20.451,1.589,8.192,7.858,6.136,6.988,11.513,20.018,13.442,12.0,11.276,7.329,3.592,20.491,11.667,1.672,4.639,0.5,7.0,13.68,1.616,6.354,11.917,4.08,7.538,8.446,6.884,6.292,21.0,14.701,3.414,15.939,8.301,1.402,5.789,10.539,5.753,8.203,7.269,0.736,-999.0,11.235,30.0,
1913,15.993,1.81,16.564,5.887,1.848,13.0,-999.0,11.414,12.933,1.14,8.729,9.684,7.02,5.073,12.862,21.294,8.448,7.0,12.194,4.08,6.612,19.239,9.991,1.725,5.446,0.656,5.0,10.539,1.302,8.945,15.161,1.851,8.831,9.402,5.754,9.011,12.0,16.071,3.416,13.872,11.601,1.141,7.587,11.168,4.507,12.485,8.651,1.365,-999.0,14.992,26.0,
1914,13.228,2.113,12.667,8.353,2.481,7.0,-999.0,14.032,14.183,0.537,5.488,7.229,8.393,5.91,9.874,15.113,7.696,9.0,10.6,6.23,7.004,14.97,9.575,1.876,5.283,0.322,6.0,6.942,2.568,7.243,11.667,4.405,7.699,6.749,4.962,5.225,15.0,11.81,4.295,11.316,11.958,3.024,5.571,7.872,4.575,6.874,7.677,0.305,-999.0,16.203,37.0,
1915,18.432,2.808,18.488,9.011,2.314,13.0,-999.0,17.825,16.613,0.722,9.326,9.425,9.449,11.292,16.726,18.497,10.262,8.0,14.409,4.875,6.095,19.134,14.324,1.957,10.057,0.0,4.0,10.39,2.986,8.94,14.294,3.399,7.766,14.033,5.022,5.888,16.0,15.125,5.781,16.343,9.817,2.538,6.305,10.923,5.346,8.836,6.67,3.502,-999.0,21.803,27.0,
1916,14.84,3.405,14.574,9.175,1.725,13.0,-999.0,13.866,13.385,1.452,8.928,9.289,7.058,5.475,13.086,17.188,10.983,6.0,10.902,5.924,5.687,15.125,10.651,2.274,4.675,0.322,6.0,5.419,3.061,6.936,11.534,4.315,6.588,9.421,6.983,5.928,-999.0,11.376,3.836,15.156,8.617,1.997,3.843,7.63,6.469,9.811,7.746,0.222,-999.0,34.03,16.0,
1917,17.249,2.247,12.063,4.17,1.278,14.0,-999.0,11.034,15.042,0.813,8.415,8.304,6.211,4.653,13.152,10.419,11.456,9.0,10.116,4.477,3.297,14.669,8.623,1.046,5.027,1.0,2.0,7.442,0.661,7.258,13.206,0.932,7.547,5.959,5.573,6.295,-999.0,11.142,2.873,14.704,4.699,0.479,4.229,7.461,5.624,9.032,4.4,1.179,-999.0,10.596,20.0,
1918,18.858,2.032,13.43,5.686,1.926,9.0,-999.0,15.748,15.807,0.821,10.579,9.792,7.396,7.417,9.764,17.407,9.242,11.0,8.538,5.101,5.153,16.325,10.448,1.341,4.923,0.25,3.0,7.508,1.531,8.301,13.366,3.164,4.908,11.308,4.76,6.381,14.0,13.212,4.323,12.064,9.929,0.958,7.077,12.641,4.867,11.27,6.215,1.631,-999.0,28.823,27.0,
1919,23.117,3.047,18.026,5.647,2.265,8.0,-999.0,15.285,16.13,0.408,9.435,9.534,9.564,6.083,16.271,23.84,6.498,9.0,11.027,5.735,5.182,22.324,12.671,0.494,5.79,0.0,6.0,9.584,2.621,6.99,12.512,2.578,8.061,9.155,7.023,6.771,23.0,13.464,4.103,14.421,15.436,0.949,5.681,10.251,5.121,12.736,7.118,0.719,-999.0,6.98,23.0,
1920,20.442,2.302,17.995,4.769,1.907,-999.0,-999.0,15.907,20.314,0.675,6.634,8.783,7.514,6.044,14.017,21.038,17.002,4.0,14.322,4.294,5.163,18.474,10.327,0.903,6.188,0.322,9.0,13.18,1.382,8.633,16.023,2.829,7.081,11.619,5.515,5.6,15.0,15.676,5.507,15.981,11.073,1.525,10.972,9.653,5.89,10.124,6.652,1.244,-999.0,9.606,23.0,
1921,14.692,2.823,15.568,4.932,2.236,-999.0,-999.0,12.662,12.27,1.316,10.42,12.255,8.16,5.456,11.754,15.373,5.03,13.0,6.676,6.595,3.995,14.401,12.62,1.138,5.234,0.5,2.0,10.227,1.943,5.139,10.457,3.356,7.099,9.86,7.272,6.894,13.0,10.779,4.901,12.929,9.262,1.748,3.89,7.783,5.768,10.306,6.515,0.577,-999.0,17.027,24.0,
1922,19.303,2.491,13.802,7.683,1.173,13.0,-999.0,15.638,17.798,0.848,8.051,9.949,7.543,7.914,11.421,21.793,11.374,9.0,11.491,6.735,3.737,18.099,11.627,1.32,5.522,0.5,7.0,8.174,0.838,7.671,16.432,3.206,6.942,10.193,6.091,5.972,16.0,18.583,3.674,14.118,9.945,0.648,3.771,11.248,3.872,8.952,6.774,1.799,-999.0,13.164,29.0,
1923,19.605,2.631,18.817,2.373,3.034,15.0,-999.0,13.242,17.463,1.754,8.574,10.417,6.204,9.01,16.063,23.662,8.931,10.0,11.544,5.629,4.712,23.385,11.452,2.144,8.001,0.5,11.0,10.15,2.51,5.453,11.092,4.677,7.879,15.222,5.65,4.691,15.0,12.698,4.284,17.592,13.639,0.96,5.947,9.191,5.557,9.36,4.946,2.961,-999.0,16.822,19.0,
1924,15.046,1.137,10.588,3.981,1.466,9.0,-999.0,17.63,16.773,0.193,7.725,8.881,7.151,5.834,10.242,11.213,9.951,-999.0,8.484,4.884,5.732,12.988,11.392,0.962,4.229,0.25,7.0,11.965,1.011,9.689,15.114,3.593,7.826,6.688,5.459,7.082,12.0,17.893,3.342,13.311,7.953,1.099,6.957,13.416,4.692,9.959,6.262,0.598,-999.0,13.823,-999.0,
1925,14.051,1.649,11.818,4.965,1.756,9.0,-999.0,15.215,11.243,0.995,7.809,8.265,6.321,6.652,11.769,15.601,10.964,8.0,11.535,3.85,4.969,15.301,11.178,1.376,4.378,0.656,9.0,10.345,1.485,8.193,9.034,3.186,5.582,7.728,3.79,4.865,12.0,11.394,3.251,10.369,7.708,0.996,8.842,4.558,4.693,8.403,6.204,1.365,-999.0,7.855,36.0,
1926,19.727,2.244,15.221,8.811,1.608,11.0,-999.0,17.464,15.295,1.348,9.707,9.015,7.717,5.489,15.431,21.11,8.883,9.0,7.846,6.289,4.997,17.548,12.226,1.297,4.91,0.25,4.0,8.885,2.171,7.402,12.0,1.601,8.484,13.304,6.294,7.342,-999.0,11.91,4.054,15.851,12.615,0.885,5.452,8.229,5.762,10.454,8.002,1.244,-999.0,6.66,23.0,
1927,14.446,3.271,19.834,6.917,2.188,11.0,-999.0,10.986,12.406,2.001,13.585,14.591,6.334,8.76,16.442,18.886,12.65,8.0,8.721,5.552,3.137,17.147,18.205,2.555,6.232,0.0,-999.0,14.287,1.367,8.661,12.855,3.651,8.287,11.808,7.374,7.359,-999.0,10.54,3.347,17.568,8.729,2.034,6.324,10.592,6.645,10.214,6.169,0.819,-999.0,19.613,26.0,
1928,16.604,1.882,16.411,4.898,2.179,5.0,-999.0,18.456,16.661,0.465,8.229,8.971,8.361,9.355,11.299,18.842,7.399,5.0,11.077,5.064,5.947,17.122,12.711,1.171,5.19,0.0,-999.0,12.181,1.285,6.479,14.291,4.975,6.449,10.631,5.309,6.335,-999.0,16.786,3.376,13.866,9.682,1.026,3.504,8.967,4.709,8.014,7.42,1.255,-999.0,11.362,30.0,
1929,25.249,1.616,12.997,2.949,2.128,8.0,-999.0,15.831,21.304,0.996,10.419,12.88,5.556,6.884,11.654,18.456,8.518,7.0,9.495,4.569,3.578,18.658,14.105,1.07,4.885,0.25,-999.0,11.468,2.491,6.883,18.416,2.178,9.425,12.061,5.262,7.232,-999.0,18.422,4.296,14.7,10.393,0.972,3.201,10.276,3.451,9.885,4.82,0.577,-999.0,20.612,24.0,
1930,11.991,2.277,14.957,3.848,3.065,6.0,-999.0,19.059,16.221,0.944,5.947,6.592,5.528,7.403,4.134,18.863,8.245,4.0,6.881,2.397,4.863,14.526,8.179,1.138,7.012,0.75,-999.0,7.997,1.649,4.505,8.286,1.431,3.884,8.554,3.162,4.369,-999.0,10.232,4.036,9.369,9.622,0.746,5.653,4.633,4.324,2.067,4.433,1.66,-999.0,18.758,23.0,
1931,13.722,3.427,13.909,7.056,0.77,9.0,-999.0,11.054,11.656,0.648,8.931,9.346,8.695,5.751,10.838,15.829,11.472,9.0,10.983,4.928,4.082,19.044,9.812,0.853,4.809,0.0,-999.0,8.792,2.625,5.312,12.379,2.983,7.491,8.401,5.682,6.186,-999.0,8.194,2.173,11.343,8.186,0.51,4.69,8.056,5.894,6.352,6.384,1.361,-999.0,14.564,26.0,
1932,20.325,1.751,16.503,2.867,1.473,13.0,-999.0,12.602,18.233,1.093,7.937,9.959,7.001,5.544,12.598,19.684,9.709,11.0,12.564,5.168,4.033,21.883,10.169,1.614,4.965,0.25,-999.0,11.059,1.289,8.483,13.723,3.542,6.463,10.582,5.283,4.705,-999.0,14.614,3.066,16.991,10.763,1.534,8.896,13.468,6.348,10.815,5.565,0.515,-999.0,17.254,30.0,
1933,15.094,2.113,15.34,5.339,2.17,11.0,-999.0,15.998,12.6,1.608,7.735,10.352,5.461,6.557,16.422,17.788,8.438,10.0,10.84,4.495,4.636,16.864,8.898,1.378,4.918,0.25,-999.0,12.434,1.648,5.802,8.773,1.336,7.483,8.903,6.015,5.498,-999.0,10.542,2.589,14.953,8.229,0.805,4.376,7.975,7.559,11.01,5.28,0.94,-999.0,13.95,27.0,
1934,17.523,1.285,12.922,4.844,1.058,11.0,-999.0,13.749,14.084,1.364,7.807,6.419,6.468,4.249,10.068,18.345,9.487,10.0,7.786,3.338,4.699,14.946,9.62,1.179,2.82,0.0,-999.0,14.088,0.801,5.893,14.445,1.356,5.231,9.223,6.587,5.312,-999.0,11.919,2.855,12.412,8.803,0.341,5.195,11.903,5.406,7.959,7.29,0.09,-999.0,12.355,34.0,
1935,15.283,2.119,19.003,5.5,1.541,4.0,-999.0,13.658,12.259,0.429,10.628,7.553,7.943,7.328,18.582,19.164,9.976,9.0,7.971,3.968,5.019,15.917,12.645,0.706,6.419,0.0,7.0,10.333,1.738,6.888,11.047,2.793,6.733,10.419,3.357,6.179,-999.0,12.601,2.427,11.894,12.974,0.797,5.267,10.484,4.533,9.59,6.444,1.89,-999.0,16.165,35.0,
1936,17.861,2.109,9.533,8.173,1.838,20.0,-999.0,17.017,19.596,1.049,7.975,6.993,5.631,4.486,9.633,12.43,11.021,7.0,15.753,4.19,2.957,12.569,7.936,0.66,3.101,0.0,6.0,13.758,1.133,6.07,18.81,0.835,6.115,8.022,5.298,8.079,-999.0,16.366,1.821,13.102,9.547,1.411,7.133,10.897,5.245,7.644,4.332,0.311,-999.0,20.562,29.0,
1937,18.526,1.861,18.875,9.472,1.041,19.0,-999.0,15.341,16.434,1.714,8.922,12.229,4.903,5.091,12.853,16.402,12.263,10.0,12.701,6.226,5.098,15.489,9.601,1.493,4.249,0.0,10.0,11.843,2.748,8.232,12.905,3.952,10.958,8.059,8.535,10.393,-999.0,13.467,3.278,15.17,7.535,1.507,9.805,14.681,6.749,11.804,5.972,0.819,-999.0,19.95,27.0,
1938,15.492,2.129,14.927,7.687,2.579,17.0,-999.0,11.886,12.828,0.903,10.008,10.345,9.775,7.55,11.548,15.636,9.798,6.0,15.04,5.508,5.525,14.759,12.708,2.631,5.68,0.25,11.0,11.787,1.722,6.833,11.994,2.448,8.178,9.788,6.367,5.275,-999.0,11.161,3.519,12.921,8.308,1.606,12.029,8.454,4.644,6.512,9.971,0.957,-999.0,16.39,28.0,
1939,18.508,2.31,16.359,3.219,0.944,15.0,-999.0,15.405,13.915,0.433,8.727,10.117,5.164,4.611,14.842,13.767,3.766,9.0,7.163,4.579,3.755,17.799,9.57,0.544,3.577,0.25,3.0,12.577,1.29,5.082,12.801,1.869,7.694,7.081,3.837,5.083,-999.0,12.449,3.247,13.194,7.234,1.356,5.377,8.135,3.892,7.805,5.008,0.615,-999.0,14.478,26.0,
1940,17.119,2.991,13.789,10.36,1.511,11.0,-999.0,14.638,11.509,1.766,6.0,6.277,6.259,5.365,8.822,26.302,10.02,8.0,11.319,5.22,4.551,18.908,7.551,1.472,3.452,0.0,6.0,13.271,1.493,6.955,9.109,2.566,7.775,11.378,6.141,6.226,-999.0,10.695,2.605,10.361,11.991,1.944,8.949,10.795,5.475,6.507,7.185,0.836,-999.0,9.228,31.0,
1941,14.065,2.923,13.945,9.791,2.639,12.0,-999.0,19.075,11.594,0.855,9.421,7.621,8.751,9.041,8.012,19.531,4.55,13.0,9.448,5.751,6.101,13.774,12.49,2.131,5.129,0.322,7.0,9.796,3.973,4.742,10.672,4.569,5.793,13.665,6.189,5.522,-999.0,13.003,4.186,9.056,13.105,1.737,5.286,6.472,4.802,7.139,8.185,2.16,-999.0,10.654,42.0,
1942,16.024,1.054,15.062,6.142,2.933,9.0,-999.0,15.376,15.287,1.169,9.679,9.207,7.416,8.746,12.418,18.263,12.14,8.0,12.6,8.033,6.723,14.524,13.036,1.446,6.502,0.25,5.0,12.35,1.467,9.277,14.669,3.62,7.322,12.985,7.503,8.637,-999.0,13.361,4.555,12.458,10.257,0.416,7.953,11.925,5.072,9.87,7.848,1.161,-999.0,18.246,35.0,
1943,15.865,1.652,9.724,6.667,1.236,5.0,-999.0,15.578,17.381,0.517,7.743,8.605,7.09,5.321,9.756,16.335,10.659,7.0,6.459,5.176,6.488,13.227,11.819,1.361,3.61,0.5,9.0,9.383,1.708,6.417,12.576,3.346,6.443,8.001,5.44,4.567,-999.0,13.309,3.954,10.75,7.254,0.893,9.153,8.329,4.298,7.754,6.551,0.802,-999.0,10.88,30.0,
1944,18.243,1.697,17.833,6.108,2.443,10.0,-999.0,14.846,15.441,0.991,7.686,6.948,8.471,9.62,11.596,22.081,10.659,11.0,10.162,3.413,6.525,19.633,10.849,2.449,7.405,0.25,7.0,13.942,1.895,4.847,16.439,5.362,4.259,10.638,2.791,5.84,-999.0,14.011,6.41,15.496,11.237,0.589,5.624,9.964,3.119,6.929,5.109,1.002,-999.0,10.445,19.0,
1945,18.432,1.157,21.855,6.828,1.496,7.0,-999.0,17.0,15.764,1.456,11.154,12.994,7.815,7.174,12.888,18.526,14.166,13.0,11.62,7.228,5.796,19.905,14.085,0.594,5.615,0.25,11.0,11.18,1.593,9.475,14.175,1.757,9.181,13.832,6.267,8.224,-999.0,16.153,2.915,17.593,10.135,0.519,10.611,8.843,5.343,11.771,7.727,1.769,-999.0,10.825,30.0,
1946,20.68,2.678,18.933,4.327,1.807,11.0,-999.0,14.046,14.554,1.412,9.669,8.556,7.729,7.801,15.235,27.585,8.024,6.0,9.094,3.96,5.907,24.598,11.367,1.469,6.71,1.0,7.0,9.54,0.977,6.355,12.17,2.272,6.803,10.603,5.888,7.485,-999.0,12.452,6.836,15.895,12.293,0.857,6.589,7.739,4.877,4.407,6.303,2.261,-999.0,10.981,30.0,
1947,17.832,1.91,12.083,2.981,2.078,10.0,-999.0,20.591,19.265,0.839,8.499,10.427,8.165,6.673,10.52,18.972,11.142,6.0,10.91,4.939,4.547,20.749,11.2,1.491,5.606,0.0,3.0,11.445,1.273,8.442,13.507,3.047,8.668,9.485,5.375,5.156,-999.0,16.39,2.731,10.757,7.279,1.497,5.13,8.935,4.985,4.311,7.13,2.381,-999.0,9.863,22.0,
1948,19.976,1.917,15.431,4.227,1.582,8.0,-999.0,16.083,19.132,2.157,8.039,11.083,6.116,8.312,15.54,17.235,9.085,13.0,8.643,3.995,4.93,21.979,9.988,1.561,5.176,0.0,5.0,13.845,1.286,6.856,15.079,2.745,8.784,7.629,7.54,7.878,-999.0,19.459,4.234,16.855,6.972,0.317,6.589,13.966,7.282,10.709,3.941,1.769,-999.0,14.436,28.0,
1949,16.721,2.238,17.194,3.325,1.802,3.0,-999.0,15.207,13.353,1.498,11.034,11.171,5.986,7.675,12.756,18.174,5.789,10.0,5.608,5.5,5.345,18.129,12.795,0.948,6.549,0.0,4.0,9.039,1.262,5.475,12.943,2.791,6.174,9.971,5.255,3.565,7.0,11.771,3.653,15.057,10.846,1.183,3.88,9.57,4.289,6.191,5.235,1.365,-999.0,8.869,27.0,
1950,14.981,0.872,19.366,7.66,0.947,9.0,-999.0,14.08,12.48,0.77,12.024,16.025,7.025,7.67,18.634,18.501,8.245,5.0,8.6,5.962,4.529,19.932,10.795,1.436,5.46,1.0,4.0,10.075,1.135,8.499,9.18,3.762,11.516,9.169,9.159,7.462,7.0,9.132,3.257,19.124,8.898,0.769,3.86,8.201,6.189,8.348,6.33,0.311,-999.0,14.614,20.0,
1951,14.877,2.452,17.998,6.676,2.267,14.0,-999.0,14.229,13.125,1.504,9.541,10.409,10.484,11.358,15.753,15.267,15.274,6.0,12.015,6.456,5.348,17.089,13.109,1.196,7.908,0.5,9.0,15.921,0.959,6.704,8.949,3.044,6.102,9.424,7.148,5.238,12.0,10.493,4.263,16.211,7.653,1.259,9.034,8.473,6.054,7.35,7.355,1.482,-999.0,17.353,-999.0,
1952,13.853,2.095,13.312,9.352,1.44,17.0,-999.0,13.221,13.291,1.037,8.084,9.195,6.498,2.848,8.023,16.194,8.277,7.0,10.541,4.699,5.613,13.415,7.151,0.985,3.776,0.0,8.0,16.707,1.052,7.453,14.68,2.463,5.925,5.571,3.672,8.034,9.0,11.863,2.428,11.055,8.28,0.756,9.219,10.788,3.618,5.452,5.046,1.261,-999.0,10.551,31.0,
1953,18.06,1.143,13.441,3.527,1.344,17.0,-999.0,21.318,19.112,1.875,4.962,5.078,5.586,4.609,8.392,19.889,14.518,4.0,17.901,4.112,8.771,18.917,5.791,2.614,4.856,0.0,6.0,12.921,1.289,8.012,11.571,3.409,3.501,10.296,7.932,5.123,18.0,13.016,5.705,12.771,9.272,1.383,6.957,7.135,6.146,3.951,4.823,0.498,-999.0,4.096,25.0,
1954,8.315,2.228,12.665,6.857,0.761,9.0,-999.0,11.745,9.063,1.376,8.572,8.512,7.922,5.211,10.962,12.926,14.957,10.0,10.074,6.564,4.63,13.089,9.599,0.933,4.901,0.0,11.0,9.807,1.701,7.323,10.595,2.911,5.97,7.257,6.101,7.458,13.0,8.05,3.283,14.074,5.793,0.88,7.105,8.746,5.821,9.742,9.037,0.923,-999.0,17.863,38.0,
1955,14.201,2.706,13.262,6.281,1.224,17.0,-999.0,11.965,11.96,1.037,8.698,10.81,4.326,6.022,11.623,17.751,7.762,11.0,12.566,3.945,4.592,15.118,8.917,1.391,3.47,0.0,8.0,10.282,1.027,7.061,11.532,2.434,6.947,9.858,6.826,6.623,12.0,12.244,3.037,15.065,8.155,0.496,5.075,8.961,6.64,8.077,4.127,0.515,-999.0,15.956,22.0,
1956,15.162,0.444,11.603,4.708,1.092,8.0,-999.0,11.894,14.599,1.301,7.365,8.929,5.231,3.063,14.291,16.648,6.006,13.0,9.135,4.057,4.455,14.931,7.485,1.182,3.121,0.0,4.0,8.832,0.537,4.788,12.749,1.923,7.602,5.116,6.431,8.379,9.0,11.009,3.108,12.864,5.048,0.341,5.038,5.897,5.174,9.877,5.797,0.736,-999.0,13.267,25.0,
1957,16.253,2.153,21.707,5.798,3.035,6.0,-999.0,18.498,16.802,1.29,11.237,14.779,6.75,8.314,15.002,22.806,6.003,8.0,6.1,5.506,6.62,17.548,12.134,1.302,6.781,0.0,4.0,5.352,1.358,4.704,14.2,3.226,8.29,15.082,5.504,5.326,7.0,13.46,4.233,20.509,14.123,1.484,4.762,9.038,4.303,6.417,5.332,1.361,-999.0,13.242,24.0,
1958,14.104,2.715,16.907,8.322,1.58,12.0,-999.0,16.247,13.898,1.005,8.983,11.297,5.835,8.791,8.485,16.586,9.703,7.0,12.666,3.897,3.521,18.178,12.066,1.376,5.277,0.25,5.0,16.569,2.862,6.484,14.484,1.962,8.198,6.974,7.058,6.57,17.0,13.557,2.072,10.486,10.072,0.514,7.886,9.546,5.663,7.149,4.742,1.04,-999.0,16.799,20.0,
1959,16.244,1.36,14.793,4.58,1.483,13.0,-999.0,21.478,16.352,1.103,8.622,10.367,9.306,7.136,11.576,18.724,10.024,4.0,12.804,7.132,6.123,14.636,9.519,1.027,6.246,0.25,7.0,12.165,1.482,6.759,14.55,3.158,7.924,12.419,4.695,7.117,15.0,16.723,3.0,12.453,10.998,0.335,6.553,9.19,5.882,6.003,8.797,1.023,-999.0,12.123,43.0,
1960,14.658,1.288,13.223,5.417,1.938,16.0,-999.0,18.461,14.075,0.907,7.387,7.776,9.117,5.723,9.906,14.339,16.316,7.0,13.171,5.378,5.621,13.909,8.616,0.52,5.18,0.0,6.0,11.945,2.068,5.588,14.405,2.321,3.464,9.833,5.813,5.025,12.0,15.32,5.023,10.088,10.767,0.168,7.381,8.775,4.903,7.188,9.098,1.023,-999.0,10.22,30.0,
1961,20.267,1.696,17.07,3.77,2.034,5.0,-999.0,13.388,17.386,0.856,9.833,8.664,9.662,9.282,11.575,25.627,6.743,4.0,11.78,5.481,4.239,23.43,12.482,0.8,5.036,0.0,7.0,10.943,1.735,5.823,13.003,1.886,7.148,10.723,6.559,4.663,15.0,15.966,3.513,15.166,10.255,0.626,3.485,9.619,4.908,8.086,7.466,1.144,-999.0,11.893,28.0,
1962,15.152,1.443,14.278,8.1,1.408,7.0,-999.0,14.246,14.542,0.807,7.437,9.626,6.095,6.822,13.023,12.679,9.792,10.0,8.226,3.34,5.986,14.376,8.502,1.72,6.289,0.0,9.0,13.105,1.048,5.978,13.389,4.371,6.095,9.014,4.868,5.204,21.0,14.614,5.635,15.497,8.665,0.85,5.819,7.7,4.837,7.253,4.196,1.344,-999.0,10.671,30.0,
1963,17.011,2.174,9.283,8.168,1.316,7.0,-999.0,15.818,15.876,1.484,6.818,5.526,6.28,5.018,6.187,13.733,8.474,12.0,6.591,3.831,4.996,12.193,7.21,1.045,4.945,0.25,2.0,9.179,0.942,3.982,10.06,2.57,3.642,5.329,5.477,4.591,13.0,14.268,3.486,10.884,7.073,0.414,2.043,6.37,4.736,9.331,3.936,1.531,-999.0,17.707,21.0,
1964,20.319,1.533,15.701,4.779,0.997,6.0,-999.0,18.263,22.152,2.371,7.763,9.313,8.339,5.809,13.634,19.457,8.226,5.0,6.045,4.396,5.547,20.721,9.169,2.562,5.063,0.0,7.0,8.668,0.779,4.204,15.004,4.093,6.932,10.713,8.203,6.703,8.0,20.956,4.474,16.585,8.676,0.693,5.157,7.438,5.346,5.204,4.988,1.04,-999.0,18.398,26.0,
1965,15.874,3.924,13.218,5.822,3.167,5.0,-999.0,15.365,13.338,0.818,10.793,8.188,9.748,9.083,10.926,14.378,4.513,3.0,4.651,5.512,6.898,14.312,11.95,1.902,7.516,0.0,3.0,5.365,1.627,2.827,11.253,3.177,7.022,8.028,5.201,3.989,7.0,13.711,3.996,14.89,10.43,1.092,2.704,7.002,5.147,4.352,7.106,1.907,-999.0,19.283,38.0,
1966,19.363,1.963,13.887,5.785,1.513,8.0,-999.0,16.496,17.604,0.829,9.477,9.228,5.842,4.259,13.329,19.381,9.233,6.0,9.591,4.246,5.781,17.213,8.284,1.185,4.319,0.0,6.0,11.085,1.952,5.332,11.937,3.27,6.704,6.186,6.917,4.916,9.0,13.661,3.876,13.363,8.942,0.966,6.076,8.721,4.815,5.593,4.417,0.515,-999.0,12.327,27.0,
1967,16.346,2.666,13.84,6.07,1.666,13.0,-999.0,12.34,17.02,0.913,8.682,7.786,6.623,8.426,14.762,18.237,8.296,9.0,10.866,5.572,3.726,15.429,11.963,1.727,5.811,0.25,9.0,11.082,1.63,7.352,12.924,2.049,5.969,9.257,5.052,6.184,14.0,12.539,3.485,15.11,8.93,0.876,4.872,9.273,5.211,8.301,6.4,0.819,-999.0,17.152,21.0,
1968,11.898,1.1,18.606,4.844,1.285,15.0,-999.0,18.262,10.474,1.417,8.892,9.95,7.533,7.136,10.771,17.249,9.249,5.0,11.58,4.571,6.538,15.821,11.913,1.802,5.789,0.25,4.0,11.645,1.135,6.003,10.037,2.969,6.865,11.733,6.279,5.917,10.0,11.214,5.24,10.927,11.49,1.239,6.728,8.139,5.851,6.262,7.747,1.344,-999.0,18.191,26.0,
1969,17.339,1.315,14.009,10.957,2.831,16.0,-999.0,20.048,15.988,0.587,10.583,11.366,7.593,8.018,10.355,17.157,14.213,2.0,11.693,4.947,4.834,16.98,12.293,2.153,5.393,0.0,10.0,13.001,1.901,6.718,14.687,2.447,6.932,9.92,5.607,4.554,18.0,14.346,4.532,13.97,11.736,1.485,8.629,9.151,4.783,6.429,5.111,0.515,-999.0,25.418,26.0,
1970,14.057,1.718,15.297,9.112,1.549,10.0,-999.0,16.945,14.711,0.753,10.412,8.264,7.507,6.159,12.665,15.642,10.5,9.0,9.719,5.144,5.865,16.58,12.348,1.108,4.886,0.5,6.0,10.329,1.149,4.356,10.537,3.24,7.348,7.803,6.326,6.487,15.0,13.575,4.006,13.995,8.082,1.09,4.219,7.28,5.023,8.993,7.041,1.348,-999.0,17.834,18.0,
1971,19.869,2.101,10.704,3.119,1.806,12.0,-999.0,13.06,17.954,1.089,8.016,9.341,7.357,7.422,11.872,16.553,8.035,8.0,7.645,4.457,6.664,18.383,9.666,1.339,5.186,0.5,7.0,15.659,1.268,6.415,14.76,3.823,6.459,10.25,6.386,5.47,14.0,17.284,4.819,12.858,9.529,0.795,6.314,10.9,5.985,7.402,5.504,1.244,-999.0,13.872,25.0,
1972,16.793,3.574,14.727,3.491,1.043,-999.0,-999.0,14.825,14.052,1.024,10.185,11.765,8.347,6.901,15.423,20.215,10.929,9.0,16.303,6.288,5.583,20.551,9.992,1.041,5.426,0.25,5.0,17.426,2.278,8.874,13.182,2.067,7.934,8.546,6.237,6.468,20.0,14.304,4.368,15.36,8.868,1.513,6.113,14.187,5.778,9.669,8.006,0.09,-999.0,16.312,21.0,
1973,20.271,0.871,23.008,8.872,1.202,14.0,-999.0,15.332,17.811,1.676,11.705,10.026,11.43,11.052,12.055,22.66,16.818,10.0,13.709,4.61,6.692,23.43,16.81,1.639,7.475,0.0,7.0,16.364,1.659,9.064,14.334,3.055,6.849,14.313,6.569,7.095,18.0,15.027,3.458,17.824,13.279,0.791,10.154,9.923,4.854,9.323,8.242,1.144,-999.0,14.667,19.0,
1974,16.164,1.581,17.378,6.045,1.389,16.0,-999.0,14.584,15.929,1.081,9.648,8.51,6.811,6.391,12.744,22.688,12.396,8.0,10.173,4.618,4.828,21.376,12.156,2.231,2.958,0.25,7.0,11.504,1.552,6.281,13.535,1.808,7.173,12.224,6.931,7.347,13.0,13.484,1.805,16.515,11.242,0.69,7.105,8.343,5.402,9.893,4.89,1.04,-999.0,16.084,26.0,
1975,22.748,1.056,15.354,4.652,1.258,16.0,-999.0,13.595,19.62,1.083,9.837,11.541,6.088,6.757,16.898,22.514,9.484,10.0,17.562,5.887,5.508,22.191,10.434,2.841,5.082,0.0,8.0,16.677,1.553,9.49,18.109,3.828,7.879,10.957,5.821,7.203,16.0,16.905,3.338,16.905,9.39,0.546,10.792,12.783,6.309,8.616,5.556,1.04,-999.0,14.203,31.0,
1976,17.509,1.758,12.098,3.707,0.97,16.0,-999.0,14.35,17.514,1.039,6.836,8.522,5.244,5.455,11.024,16.251,14.474,5.0,8.407,3.7,2.92,16.226,7.356,1.286,4.343,0.0,12.0,10.343,0.969,8.883,12.867,1.207,5.366,7.495,3.353,6.348,10.0,14.838,1.943,10.681,11.227,0.49,12.001,11.161,3.882,6.796,3.92,0.294,-999.0,13.09,21.0,
1977,19.547,1.93,14.267,4.728,1.701,19.0,-999.0,11.642,14.769,0.772,10.517,11.837,8.77,8.826,12.653,18.694,12.638,5.0,17.043,3.739,7.462,18.935,12.473,0.539,8.457,0.75,9.0,12.569,1.744,11.242,12.586,3.631,7.219,8.691,5.501,8.274,17.0,12.897,5.837,16.551,7.306,0.6,7.647,6.526,5.332,6.145,5.569,0.515,-999.0,14.336,26.0,
1978,14.046,2.931,15.424,9.154,1.755,12.0,-999.0,13.976,11.677,0.574,7.857,9.862,8.919,5.396,15.974,17.341,5.984,11.0,10.767,4.992,5.623,14.358,11.019,2.202,4.705,0.25,9.0,13.431,2.36,6.964,15.339,3.955,5.983,8.946,4.531,7.116,19.0,11.516,3.989,13.371,8.25,1.873,4.652,10.259,3.884,11.466,9.032,1.14,-999.0,18.755,34.0,
1979,20.363,1.865,19.917,7.817,1.979,20.0,-999.0,19.596,17.986,1.079,9.554,13.128,8.017,8.483,17.939,23.145,12.492,5.0,16.565,4.514,6.118,25.203,10.24,0.859,6.484,0.0,-999.0,17.694,1.817,8.194,16.843,1.472,8.068,9.993,5.357,7.303,19.0,17.294,4.564,19.779,11.591,0.912,7.381,14.397,4.841,9.786,6.03,0.719,-999.0,16.646,31.0,
1980,17.542,2.869,13.811,6.954,1.769,12.0,-999.0,13.633,14.395,1.543,7.68,7.393,6.819,5.997,8.659,18.33,6.787,11.0,8.421,4.834,3.672,20.601,7.115,2.06,3.768,0.5,-999.0,8.46,2.33,5.573,10.806,2.552,7.102,8.077,7.14,6.531,12.0,12.664,3.238,10.955,8.371,0.845,2.365,6.357,5.126,8.394,7.625,0.09,-999.0,18.858,37.0,
1981,15.496,1.665,11.698,7.773,1.9,14.0,-999.0,13.946,11.59,0.623,11.062,8.933,7.918,7.816,11.582,13.784,9.519,9.0,11.077,5.735,5.984,13.07,13.64,1.916,6.37,0.25,7.0,9.634,1.509,5.752,9.924,2.413,8.161,10.551,6.99,6.61,11.0,11.15,3.131,11.408,11.463,0.593,8.996,5.771,5.353,6.66,6.548,0.719,-999.0,13.772,-999.0,
1982,19.556,2.354,17.803,10.219,2.004,14.0,-999.0,19.864,17.93,2.11,11.908,11.21,10.474,6.767,12.144,19.876,8.248,6.0,14.288,6.126,6.833,21.459,13.102,1.855,8.056,0.25,3.0,11.572,1.252,5.971,13.692,4.12,6.028,11.233,7.65,5.34,12.0,14.454,6.208,14.754,9.767,2.358,6.691,10.491,6.483,6.315,7.62,1.261,-999.0,26.932,-999.0,
1983,24.861,3.689,14.153,13.254,1.765,21.0,-999.0,22.186,19.505,1.403,10.488,11.135,8.026,5.424,13.068,21.871,18.52,-999.0,19.489,6.47,6.798,24.6,11.512,1.554,6.531,0.0,14.0,22.11,1.511,9.314,15.665,2.181,7.758,9.996,7.863,7.078,23.0,15.242,4.062,16.83,8.841,1.397,11.753,13.351,6.586,7.907,6.635,0.748,-999.0,8.568,16.0,
1984,15.983,2.864,19.585,3.399,1.565,18.0,-999.0,14.629,15.22,0.907,10.371,8.622,8.396,7.021,15.959,18.266,9.242,10.0,15.101,4.245,7.412,18.146,12.418,0.814,6.87,0.0,7.0,12.401,2.037,6.934,14.691,2.244,6.183,9.049,5.438,7.087,18.0,15.062,5.246,16.533,8.606,0.618,9.291,11.446,5.436,10.015,7.951,2.97,-999.0,15.804,23.0,
1985,14.192,1.829,14.23,4.556,1.409,11.0,-999.0,14.854,14.282,0.922,11.755,13.049,6.515,8.819,9.862,22.044,5.488,10.0,9.065,8.085,7.341,18.842,17.103,1.233,6.055,0.25,6.0,9.91,2.235,5.215,14.263,2.516,8.38,13.827,3.709,7.348,11.0,13.669,3.967,10.673,11.695,0.932,3.88,9.69,3.681,8.556,8.291,0.819,-999.0,13.903,19.0,
1986,14.877,2.03,13.906,7.868,1.827,13.0,-999.0,16.278,11.568,1.047,9.189,9.616,9.299,8.219,10.407,16.688,7.229,5.0,12.242,6.457,7.97,16.468,12.77,1.719,6.642,0.0,6.0,12.692,3.806,6.816,8.33,3.341,8.829,13.767,5.27,5.648,13.0,11.931,5.187,12.577,12.482,1.431,8.272,7.282,5.249,7.6,7.384,1.548,-999.0,14.716,24.0,
1987,14.887,2.383,16.765,4.737,1.228,15.0,-999.0,16.749,13.206,0.78,7.568,7.964,7.428,8.64,10.449,19.072,9.267,8.0,13.477,5.179,4.395,17.041,10.39,1.861,7.133,0.25,7.0,14.679,2.173,7.174,12.829,2.566,5.371,15.179,6.076,6.798,11.0,13.373,2.695,10.823,10.453,1.212,6.59,10.815,4.759,6.186,4.66,0.498,-999.0,18.425,19.0,
1988,16.294,1.888,14.449,3.549,1.442,13.0,-999.0,16.411,13.165,1.176,6.581,8.022,4.489,5.294,12.104,18.254,8.016,6.0,10.653,5.225,4.318,16.257,10.671,0.86,5.79,0.5,5.0,9.451,2.551,5.849,8.483,1.811,5.871,8.276,4.938,4.622,16.0,11.306,3.275,11.391,6.5,0.836,5.7,7.073,4.497,5.79,4.638,1.04,-999.0,15.703,24.0,
1989,20.801,2.449,15.671,3.107,1.232,17.0,-999.0,11.957,19.524,1.011,8.582,12.075,5.828,7.417,17.085,18.787,7.0,7.0,15.036,4.448,4.62,21.029,7.852,1.556,4.086,0.5,7.0,15.447,1.194,8.488,18.277,1.922,8.037,12.817,4.709,6.979,18.0,15.471,3.245,19.885,9.541,0.528,9.906,12.527,4.438,12.737,4.342,0.736,-999.0,26.907,19.0,
1990,17.665,2.389,21.822,3.28,1.707,14.0,-999.0,12.777,14.465,1.083,14.199,15.194,9.598,6.717,16.497,20.304,11.291,10.0,13.384,8.02,6.084,21.164,15.316,0.82,4.588,0.25,11.0,13.915,1.207,9.235,13.844,2.613,11.901,12.286,5.071,9.329,12.0,12.422,3.966,18.965,11.4,0.481,12.929,11.396,6.475,9.551,7.486,1.756,-999.0,18.478,20.0,
1991,20.035,1.789,21.091,6.718,1.447,19.0,-999.0,19.479,16.673,0.93,7.961,8.038,9.461,5.469,10.898,29.113,9.538,5.0,14.52,6.81,8.409,25.224,9.879,1.578,5.014,0.0,6.0,12.178,3.019,5.507,13.555,3.89,4.85,11.51,5.026,4.897,11.0,15.676,4.907,18.414,14.387,1.088,5.562,9.86,4.606,7.065,9.06,2.398,-999.0,15.959,20.0,
1992,18.082,3.805,14.77,7.188,1.834,11.0,-999.0,15.043,20.865,1.459,8.323,10.28,8.809,8.481,10.317,23.015,8.296,-999.0,10.695,4.799,4.877,16.604,10.783,1.58,6.522,0.0,3.0,10.595,1.794,7.644,15.141,2.152,7.732,12.527,4.633,5.68,14.0,18.253,4.163,13.411,12.752,0.385,4.69,8.847,4.835,6.885,6.374,0.615,-999.0,13.623,-999.0,
1993,14.559,3.393,16.809,8.575,1.53,11.0,-999.0,13.598,13.399,0.829,13.093,12.002,12.046,9.72,9.039,18.176,8.502,8.0,11.724,5.971,7.099,18.529,15.85,2.519,7.254,0.0,7.0,14.504,2.013,6.225,12.942,4.023,6.597,10.596,4.294,7.559,15.0,12.897,6.467,11.979,9.214,1.381,4.165,9.971,4.068,8.328,7.963,2.478,-999.0,10.499,17.0,
1994,20.088,3.128,17.683,4.509,1.573,16.0,-999.0,18.429,19.639,1.232,8.519,8.858,5.801,6.799,15.656,16.221,8.511,14.0,16.616,5.818,5.867,19.705,13.861,1.434,5.579,0.25,8.0,14.999,2.592,7.869,13.978,3.479,6.633,10.929,5.206,8.68,11.0,16.958,3.397,20.254,11.819,0.899,4.047,9.476,5.657,11.05,6.364,1.123,-999.0,16.292,20.0,
1995,19.884,2.171,13.108,11.77,1.89,-999.0,-999.0,19.127,15.556,2.044,9.762,9.334,7.349,7.907,14.669,19.575,10.713,5.0,11.128,5.17,6.452,19.184,12.686,2.331,6.242,0.5,7.0,13.144,1.26,7.378,15.807,3.946,7.801,12.967,8.058,5.001,15.0,15.416,6.847,16.033,10.968,0.79,6.424,10.712,6.019,7.073,7.749,1.244,-999.0,8.542,24.0,
1996,19.353,1.116,15.844,10.28,2.035,10.0,-999.0,16.548,15.68,2.495,9.45,14.62,7.68,9.527,15.058,17.764,12.501,13.0,17.767,4.971,5.577,18.601,12.975,1.364,6.916,0.0,10.0,19.261,1.853,10.244,13.5,2.345,10.717,10.681,11.714,11.09,14.0,11.742,4.367,16.584,8.443,1.429,11.246,14.572,7.326,15.198,6.719,0.515,-999.0,19.538,24.0,
1997,18.17,1.771,14.663,6.652,2.64,4.0,-999.0,18.018,19.147,1.95,7.274,9.314,7.052,8.881,11.501,21.527,6.505,9.0,7.836,4.453,4.976,21.094,9.816,1.871,5.768,0.75,9.0,9.641,2.774,4.769,11.574,3.204,6.48,12.765,5.727,6.342,16.0,15.871,5.481,15.711,13.576,0.567,8.353,5.906,5.591,8.482,5.934,1.465,-999.0,15.323,14.0,
1998,16.422,2.007,13.902,10.878,1.827,-999.0,-999.0,18.342,17.605,2.055,11.778,11.501,9.432,8.929,12.297,21.021,11.545,7.0,16.191,5.583,7.581,18.834,14.31,1.17,6.186,0.75,6.0,10.713,2.149,7.5,14.867,5.734,9.611,11.309,8.481,7.152,22.0,16.391,6.59,16.788,11.436,1.115,6.424,11.628,5.794,10.699,7.989,1.327,-999.0,10.702,29.0,
1999,15.718,2.481,14.064,3.674,2.41,-999.0,-999.0,15.189,12.134,1.552,8.983,8.252,7.711,8.75,7.785,14.975,12.53,6.0,14.258,5.303,7.932,16.016,12.638,0.957,6.624,0.0,5.0,12.763,2.137,6.664,14.525,3.831,5.246,13.259,6.36,7.871,15.0,13.33,5.105,12.186,8.517,0.638,8.658,9.818,6.139,7.278,7.51,1.444,-999.0,12.782,22.0,
2000,13.556,2.701,14.564,6.153,1.618,-999.0,-999.0,11.208,10.365,0.992,10.594,11.135,6.552,6.435,12.186,17.118,10.265,11.0,14.316,6.76,5.6,13.447,9.464,1.173,4.739,0.0,5.0,13.572,2.201,7.787,10.201,3.385,8.714,12.368,4.333,6.77,15.0,12.841,3.99,12.85,10.862,0.44,7.876,9.548,3.777,8.581,8.409,1.144,-999.0,8.517,19.0,
2001,19.748,1.131,18.283,6.534,1.632,-999.0,-999.0,16.515,13.049,0.298,9.972,11.476,7.904,7.481,11.009,22.981,6.476,5.0,11.5,5.711,6.926,22.315,12.726,1.067,6.924,0.25,6.0,8.742,1.255,5.404,10.064,3.702,6.548,10.063,3.362,6.178,13.0,9.239,4.587,15.845,11.314,0.219,5.195,8.444,4.951,6.927,6.728,1.569,-999.0,9.583,27.0,
2002,17.465,1.181,17.211,5.895,0.841,13.0,-999.0,17.241,14.64,1.127,10.186,11.954,6.851,5.421,15.326,21.801,7.282,12.0,13.264,4.752,6.596,21.921,11.733,2.118,3.446,0.0,6.0,13.163,1.634,8.731,13.637,2.41,7.02,13.109,5.683,7.096,15.0,13.775,3.663,17.374,13.184,0.974,9.539,7.509,4.745,10.245,7.09,0.598,-999.0,12.046,28.0,
2003,20.576,1.799,13.633,5.86,1.71,12.0,-999.0,18.541,18.313,0.736,9.912,12.397,6.191,6.535,15.093,15.827,15.719,15.0,17.251,5.012,4.013,18.504,9.928,0.54,4.7,0.25,9.0,17.958,0.875,11.068,18.935,2.053,10.654,7.734,4.684,10.343,15.0,15.949,3.905,17.656,9.024,0.797,11.201,16.251,5.499,12.538,5.187,1.953,-999.0,11.511,33.0,
2004,17.053,2.597,17.468,6.741,2.275,13.0,-999.0,18.183,14.05,1.051,9.862,10.417,9.407,7.744,16.163,22.307,9.499,11.0,10.307,4.938,7.271,21.838,12.741,1.377,5.264,0.0,4.0,11.879,2.889,9.205,12.696,2.837,9.832,12.704,3.989,9.542,11.0,11.817,5.02,19.3,14.88,1.358,7.371,11.549,5.022,12.079,7.16,1.382,-999.0,24.085,20.0,
2005,17.07,3.204,9.239,8.535,1.595,10.0,-999.0,20.44,14.969,1.729,7.085,10.963,6.962,7.875,9.13,13.15,21.042,-999.0,13.047,4.356,7.191,15.137,10.312,1.717,6.515,0.25,12.0,17.314,1.817,11.25,12.23,4.809,9.007,9.085,7.026,8.509,19.0,13.615,4.766,11.134,7.214,1.881,10.282,8.291,5.862,7.458,4.918,2.703,-999.0,15.654,27.0,
2006,14.655,1.412,17.041,6.465,1.63,14.0,-999.0,13.875,10.057,1.73,10.577,14.891,7.702,6.817,14.184,17.688,14.556,6.0,14.085,6.854,4.551,18.26,11.169,1.931,5.905,0.299,16.0,16.953,2.858,11.126,14.259,1.72,8.978,8.772,8.339,8.873,19.0,11.892,3.572,14.877,9.006,1.089,12.738,12.635,6.356,8.061,6.349,1.023,-999.0,19.691,26.0,
2007,10.186,2.412,14.56,3.091,1.743,10.0,-999.0,12.664,10.421,0.705,8.527,11.067,11.672,9.45,9.115,14.595,13.511,-999.0,8.496,5.027,7.121,11.675,11.055,1.818,8.718,0.0,10.0,13.276,0.97,9.078,10.478,3.922,11.068,15.958,5.675,6.803,12.0,10.105,6.061,10.884,13.567,1.069,8.639,10.012,4.914,8.524,7.669,2.074,-999.0,12.147,26.0,
2008,16.217,3.031,19.032,4.298,1.736,14.0,-999.0,14.502,14.022,1.11,13.395,15.005,10.351,9.7,12.669,15.653,15.474,11.0,16.889,6.042,5.761,18.452,17.846,1.767,8.405,0.0,15.0,13.759,2.087,8.449,11.581,3.938,9.34,10.989,3.594,6.151,10.0,14.916,5.111,13.279,8.769,1.311,10.109,6.703,3.601,7.263,7.207,1.882,-999.0,10.979,17.0,
2009,23.938,1.086,24.667,5.201,1.974,11.0,-999.0,13.864,21.13,1.385,14.631,11.943,9.06,7.845,15.187,23.292,15.299,5.0,14.431,5.742,4.435,24.025,15.621,1.037,5.046,0.0,13.0,13.767,1.237,6.941,14.864,3.311,5.651,12.165,4.427,5.344,17.0,16.217,4.015,16.956,10.817,0.257,6.471,13.407,5.232,7.957,6.858,0.459,-999.0,14.97,26.0,
2010,16.069,3.114,10.631,8.433,1.702,16.0,-999.0,14.465,13.77,1.584,9.819,10.395,11.69,8.417,11.09,12.985,14.791,12.0,16.969,6.229,8.017,14.698,12.277,1.342,7.866,0.965,10.0,13.404,1.865,9.914,12.789,4.478,7.69,10.218,7.127,8.349,19.0,12.222,6.024,13.869,9.9,1.617,10.091,10.328,5.921,7.673,10.315,2.744,-999.0,9.505,23.0,
2011,15.308,1.769,17.892,4.72,1.497,21.0,-999.0,17.274,11.641,1.483,12.128,16.566,7.309,5.783,19.563,12.144,12.777,7.0,17.933,6.935,5.048,16.541,12.92,2.05,6.895,0.0,-999.0,17.208,0.846,12.487,12.954,4.035,12.905,5.623,4.422,12.012,18.0,10.169,3.943,20.579,5.627,1.589,9.705,12.358,4.948,10.982,6.702,2.149,-999.0,13.139,32.0,
2012,16.571,1.889,12.264,6.42,1.105,9.0,-999.0,14.269,10.888,2.324,6.442,7.79,5.49,4.832,10.833,20.671,12.235,6.0,10.987,4.613,6.683,19.897,8.789,0.494,2.854,0.25,-999.0,9.96,0.655,6.559,11.886,1.747,6.143,6.982,7.868,8.513,9.0,12.512,2.36,11.037,8.924,0.546,6.452,9.312,5.9,6.98,5.965,0.182,-999.0,5.848,20.0,
2013,20.654,2.249,17.063,1.862,1.559,12.0,-999.0,16.598,22.467,0.691,10.911,13.021,8.609,7.576,17.698,19.582,11.269,14.0,12.892,7.683,5.629,20.405,14.108,2.529,6.307,0.25,-999.0,13.575,1.886,9.858,16.577,5.652,9.83,11.097,2.869,7.518,13.0,18.242,6.055,19.057,8.603,0.995,6.553,12.771,4.442,9.902,7.753,1.548,-999.0,13.469,29.0,
2014,15.723,3.025,15.149,6.602,1.69,10.0,-999.0,17.343,17.202,2.349,10.658,11.564,10.837,6.961,12.445,17.706,14.988,10.0,13.23,6.832,5.827,18.679,11.112,1.609,6.807,0.0,-999.0,14.287,1.343,9.025,12.331,3.502,6.864,7.204,6.333,6.619,11.0,14.022,4.186,16.697,8.724,1.142,6.869,10.89,5.475,7.127,8.256,2.482,-999.0,14.946,18.0,
2015,17.35,2.432,21.855,3.089,2.636,13.0,-999.0,16.995,17.813,2.425,14.329,13.248,11.881,9.646,14.77,22.824,7.743,10.0,11.429,5.922,7.409,17.992,17.168,1.472,7.101,1.0,-999.0,10.683,3.431,8.604,14.826,3.521,8.977,16.392,6.268,7.243,9.0,17.768,5.453,18.157,15.613,1.595,10.229,10.317,7.005,9.291,9.25,3.394,-999.0,18.527,19.0,
2016,14.245,2.29,15.804,6.897,1.38,9.0,-999.0,16.416,11.89,2.356,9.346,10.627,10.011,9.01,12.541,22.728,11.996,7.0,8.802,4.699,8.041,17.113,11.539,1.262,7.043,0.5,-999.0,7.469,2.221,8.132,12.058,5.151,5.967,9.433,5.999,6.012,11.0,12.36,4.103,15.159,11.827,1.152,5.698,9.939,5.405,9.242,9.057,1.449,-999.0,12.33,25.0,
2017,22.177,1.596,15.069,8.95,2.022,15.0,-999.0,16.548,15.571,1.83,10.116,12.539,7.778,8.853,10.953,19.12,12.275,16.0,12.773,7.933,6.301,18.929,11.982,1.594,7.332,0.0,-999.0,12.991,2.418,10.185,14.354,2.113,9.554,13.446,5.853,9.677,15.0,14.704,4.448,15.087,11.307,0.636,6.29,8.672,6.509,8.581,7.106,0.94,-999.0,12.731,31.0,
2018,20.995,1.161,20.973,5.86,1.771,14.0,-999.0,15.84,18.488,1.298,12.797,13.652,12.836,8.999,15.359,20.502,11.51,15.0,17.263,7.579,6.87,20.736,11.999,1.779,7.892,0.632,-999.0,21.159,1.762,10.581,19.903,3.168,10.561,12.29,4.295,14.152,20.0,16.936,5.102,19.163,13.368,0.296,6.841,16.513,4.752,15.108,10.506,1.603,-999.0,15.96,20.0,
2019,18.028,2.743,21.686,8.519,1.456,15.0,-999.0,15.685,17.11,1.914,12.821,12.423,10.293,10.067,19.618,20.519,12.002,8.0,11.452,7.495,8.997,21.088,16.83,1.659,8.275,0.299,-999.0,15.063,2.11,9.221,13.984,5.569,10.18,14.689,4.667,10.404,19.0,12.63,7.256,21.563,10.368,0.271,12.572,9.407,4.406,7.171,10.883,2.322,-999.0,13.257,22.0,
2020,19.419,0.548,18.762,2.451,1.279,10.0,-999.0,16.889,20.935,1.357,11.633,11.003,7.007,6.785,12.935,23.687,11.758,8.0,11.025,7.109,6.411,20.611,12.687,0.94,4.128,0.0,-999.0,11.869,0.948,7.266,19.905,2.508,7.58,10.096,3.425,7.608,10.0,18.96,2.948,19.054,9.646,0.197,4.583,15.468,5.605,9.039,8.479,0.61,-999.0,8.913,25.0,
