Year,AK,AL,AR,AZ,CA,CO,CT,DE,FL,GA,HI,IA,ID,IL,IN,KS,KY,LA,MA,MD,ME,MI,MN,MO,MS,MT,NC,ND,NE,NH,NJ,NM,NV,NY,OH,OK,OR,PA,RI,SC,SD,TN,TX,UT,VA,VT,WA,WI,WV,WY
1895,-999.0,0.0,4.0,6.0,98.0,371.0,63.0,0.0,0.0,0.0,-999.0,67.0,337.0,30.0,21.0,31.0,0.0,0.0,92.0,5.0,254.0,91.0,230.0,22.0,0.0,692.0,1.0,376.0,87.0,189.0,22.0,70.0,56.0,66.0,30.0,0.0,427.0,44.0,79.0,0.0,243.0,0.0,0.0,373.0,6.0,251.0,424.0,129.0,26.0,586.0
1896,-999.0,0.0,1.0,1.0,51.0,190.0,92.0,12.0,0.0,0.0,-999.0,68.0,207.0,44.0,35.0,18.0,8.0,0.0,112.0,11.0,295.0,109.0,189.0,17.0,0.0,476.0,3.0,267.0,83.0,194.0,37.0,20.0,33.0,80.0,47.0,0.0,338.0,60.0,102.0,0.0,165.0,3.0,0.0,252.0,9.0,258.0,373.0,114.0,25.0,372.0
1897,-999.0,0.0,3.0,4.0,71.0,253.0,143.0,26.0,0.0,0.0,-999.0,98.0,275.0,66.0,54.0,17.0,7.0,0.0,191.0,27.0,408.0,197.0,274.0,21.0,0.0,555.0,1.0,315.0,96.0,304.0,72.0,46.0,58.0,144.0,88.0,0.0,387.0,105.0,178.0,0.0,226.0,0.0,0.0,349.0,9.0,338.0,407.0,211.0,35.0,438.0
1898,-999.0,0.0,3.0,1.0,72.0,189.0,44.0,2.0,0.0,0.0,-999.0,56.0,213.0,34.0,19.0,16.0,0.0,0.0,86.0,0.0,261.0,94.0,210.0,11.0,0.0,502.0,1.0,285.0,59.0,158.0,17.0,36.0,40.0,45.0,20.0,0.0,342.0,25.0,77.0,0.0,152.0,0.0,0.0,233.0,3.0,196.0,347.0,128.0,14.0,339.0
1899,-999.0,0.0,2.0,2.0,115.0,245.0,51.0,0.0,0.0,0.0,-999.0,51.0,390.0,30.0,13.0,18.0,0.0,0.0,70.0,0.0,269.0,92.0,177.0,10.0,0.0,668.0,1.0,289.0,65.0,172.0,11.0,36.0,78.0,43.0,20.0,0.0,554.0,27.0,61.0,0.0,180.0,0.0,0.0,367.0,1.0,210.0,541.0,111.0,12.0,487.0
1900,-999.0,0.0,2.0,1.0,82.0,181.0,41.0,0.0,0.0,3.0,-999.0,50.0,238.0,44.0,24.0,13.0,3.0,0.0,62.0,4.0,215.0,109.0,148.0,11.0,0.0,493.0,2.0,161.0,43.0,142.0,13.0,27.0,48.0,38.0,29.0,0.0,377.0,23.0,61.0,0.0,103.0,0.0,0.0,238.0,4.0,195.0,404.0,122.0,14.0,284.0
1901,-999.0,0.0,0.0,3.0,80.0,188.0,45.0,6.0,0.0,0.0,-999.0,31.0,344.0,25.0,14.0,3.0,1.0,0.0,64.0,5.0,214.0,85.0,151.0,0.0,0.0,602.0,2.0,244.0,37.0,123.0,17.0,32.0,61.0,40.0,24.0,0.0,485.0,31.0,65.0,0.0,133.0,0.0,0.0,277.0,6.0,165.0,534.0,91.0,17.0,395.0
1902,-999.0,0.0,1.0,1.0,91.0,238.0,137.0,13.0,0.0,0.0,-999.0,152.0,355.0,114.0,68.0,36.0,8.0,0.0,208.0,14.0,467.0,229.0,305.0,35.0,0.0,728.0,2.0,400.0,135.0,382.0,61.0,31.0,55.0,147.0,92.0,1.0,460.0,92.0,184.0,0.0,259.0,0.0,0.0,303.0,13.0,460.0,467.0,249.0,53.0,479.0
1903,-999.0,5.0,23.0,3.0,96.0,345.0,269.0,56.0,0.0,6.0,-999.0,161.0,252.0,138.0,102.0,77.0,33.0,0.0,324.0,54.0,549.0,260.0,350.0,68.0,2.0,599.0,16.0,350.0,149.0,499.0,137.0,75.0,56.0,251.0,121.0,17.0,428.0,146.0,304.0,3.0,236.0,22.0,1.0,267.0,40.0,541.0,436.0,270.0,79.0,461.0
1904,-999.0,0.0,7.0,3.0,74.0,375.0,109.0,12.0,0.0,0.0,-999.0,134.0,298.0,112.0,72.0,48.0,7.0,0.0,166.0,16.0,359.0,200.0,334.0,47.0,0.0,582.0,4.0,406.0,133.0,271.0,49.0,63.0,48.0,107.0,81.0,3.0,370.0,76.0,166.0,0.0,254.0,2.0,0.0,340.0,13.0,330.0,416.0,241.0,44.0,519.0
1905,-999.0,0.0,4.0,4.0,119.0,240.0,109.0,8.0,0.0,0.0,-999.0,68.0,295.0,58.0,34.0,17.0,2.0,0.0,152.0,13.0,387.0,143.0,251.0,21.0,0.0,582.0,3.0,329.0,82.0,289.0,43.0,45.0,55.0,105.0,45.0,0.0,381.0,56.0,146.0,0.0,235.0,0.0,0.0,274.0,6.0,346.0,409.0,182.0,28.0,449.0
1906,-999.0,0.0,8.0,6.0,100.0,360.0,55.0,0.0,0.0,0.0,-999.0,86.0,336.0,56.0,36.0,39.0,3.0,0.0,90.0,3.0,270.0,112.0,222.0,30.0,0.0,594.0,3.0,277.0,112.0,180.0,16.0,64.0,61.0,50.0,32.0,3.0,369.0,30.0,91.0,0.0,238.0,0.0,0.0,374.0,3.0,219.0,379.0,150.0,20.0,533.0
1907,-999.0,0.0,3.0,8.0,157.0,333.0,139.0,63.0,0.0,0.0,-999.0,114.0,439.0,95.0,88.0,25.0,24.0,0.0,168.0,70.0,373.0,199.0,258.0,31.0,0.0,778.0,19.0,320.0,89.0,278.0,105.0,82.0,94.0,145.0,111.0,1.0,439.0,145.0,177.0,0.0,220.0,9.0,0.0,462.0,58.0,340.0,474.0,214.0,94.0,552.0
1908,-999.0,0.0,3.0,5.0,140.0,329.0,49.0,4.0,0.0,0.0,-999.0,110.0,384.0,68.0,39.0,33.0,7.0,0.0,85.0,13.0,234.0,128.0,261.0,28.0,0.0,657.0,3.0,327.0,114.0,192.0,27.0,65.0,66.0,64.0,48.0,1.0,406.0,52.0,80.0,0.0,245.0,2.0,0.0,445.0,14.0,245.0,407.0,173.0,38.0,555.0
1909,-999.0,0.0,2.0,2.0,118.0,213.0,77.0,2.0,0.0,0.0,-999.0,63.0,280.0,59.0,37.0,16.0,3.0,0.0,115.0,9.0,321.0,118.0,163.0,15.0,0.0,561.0,2.0,214.0,62.0,260.0,42.0,32.0,41.0,89.0,48.0,0.0,482.0,66.0,113.0,0.0,137.0,0.0,0.0,239.0,7.0,327.0,522.0,137.0,33.0,333.0
1910,-999.0,1.0,6.0,2.0,126.0,200.0,107.0,22.0,0.0,3.0,-999.0,62.0,303.0,56.0,67.0,30.0,27.0,0.0,151.0,27.0,334.0,132.0,168.0,33.0,0.0,545.0,13.0,227.0,77.0,278.0,66.0,24.0,40.0,116.0,84.0,0.0,502.0,92.0,136.0,1.0,163.0,12.0,0.0,224.0,27.0,334.0,537.0,110.0,67.0,346.0
1911,-999.0,0.0,2.0,4.0,140.0,242.0,79.0,6.0,0.0,0.0,-999.0,36.0,312.0,31.0,27.0,7.0,1.0,0.0,125.0,4.0,261.0,85.0,192.0,7.0,0.0,644.0,1.0,294.0,42.0,239.0,32.0,47.0,48.0,79.0,28.0,0.0,430.0,43.0,112.0,0.0,147.0,0.0,0.0,293.0,4.0,264.0,459.0,111.0,22.0,405.0
1912,-999.0,1.0,8.0,3.0,138.0,364.0,106.0,12.0,0.0,3.0,-999.0,110.0,357.0,97.0,75.0,41.0,21.0,0.0,137.0,22.0,428.0,204.0,309.0,39.0,0.0,664.0,9.0,346.0,112.0,319.0,57.0,61.0,61.0,138.0,94.0,4.0,425.0,106.0,133.0,0.0,228.0,9.0,0.0,339.0,18.0,414.0,411.0,235.0,69.0,527.0
1913,-999.0,0.0,1.0,5.0,119.0,231.0,64.0,7.0,0.0,0.0,-999.0,31.0,295.0,27.0,17.0,9.0,3.0,0.0,108.0,6.0,325.0,88.0,162.0,3.0,0.0,550.0,2.0,210.0,32.0,236.0,29.0,55.0,65.0,85.0,36.0,0.0,377.0,52.0,114.0,0.0,104.0,0.0,0.0,304.0,8.0,299.0,382.0,119.0,29.0,378.0
1914,-999.0,0.0,2.0,3.0,113.0,230.0,102.0,0.0,0.0,0.0,-999.0,38.0,310.0,35.0,16.0,3.0,0.0,0.0,143.0,0.0,392.0,117.0,207.0,1.0,0.0,557.0,0.0,258.0,36.0,296.0,42.0,46.0,52.0,102.0,31.0,0.0,402.0,50.0,141.0,0.0,129.0,0.0,0.0,315.0,0.0,343.0,420.0,154.0,22.0,408.0
1915,-999.0,0.0,16.0,4.0,81.0,450.0,116.0,18.0,0.0,0.0,-999.0,217.0,338.0,183.0,121.0,89.0,23.0,0.0,173.0,25.0,349.0,291.0,426.0,76.0,0.0,740.0,9.0,490.0,213.0,308.0,66.0,65.0,52.0,135.0,124.0,15.0,362.0,103.0,165.0,0.0,402.0,4.0,0.0,347.0,24.0,335.0,348.0,379.0,74.0,656.0
1916,-999.0,0.0,3.0,3.0,131.0,280.0,133.0,34.0,0.0,0.0,-999.0,115.0,364.0,106.0,70.0,29.0,22.0,0.0,183.0,35.0,292.0,171.0,247.0,31.0,0.0,656.0,7.0,322.0,105.0,282.0,86.0,47.0,66.0,134.0,99.0,2.0,496.0,103.0,155.0,0.0,230.0,7.0,0.0,332.0,26.0,285.0,492.0,202.0,73.0,480.0
1917,-999.0,0.0,7.0,3.0,59.0,320.0,56.0,6.0,0.0,0.0,-999.0,129.0,318.0,115.0,74.0,35.0,16.0,0.0,83.0,8.0,284.0,217.0,322.0,36.0,0.0,555.0,6.0,313.0,107.0,184.0,27.0,44.0,41.0,82.0,80.0,2.0,360.0,58.0,77.0,0.0,232.0,8.0,0.0,316.0,12.0,221.0,472.0,266.0,56.0,507.0
1918,-999.0,0.0,0.0,0.0,42.0,188.0,110.0,17.0,0.0,0.0,-999.0,52.0,219.0,48.0,33.0,2.0,9.0,0.0,152.0,16.0,371.0,125.0,206.0,0.0,0.0,471.0,5.0,289.0,27.0,303.0,58.0,27.0,23.0,125.0,49.0,0.0,310.0,66.0,138.0,0.0,143.0,0.0,0.0,201.0,20.0,334.0,363.0,161.0,56.0,337.0
1919,-999.0,0.0,3.0,2.0,76.0,199.0,72.0,4.0,0.0,0.0,-999.0,45.0,207.0,27.0,19.0,20.0,1.0,0.0,107.0,8.0,246.0,66.0,153.0,14.0,0.0,337.0,2.0,144.0,53.0,178.0,37.0,60.0,35.0,65.0,25.0,1.0,429.0,44.0,104.0,0.0,114.0,0.0,1.0,171.0,8.0,219.0,506.0,92.0,26.0,256.0
1920,-999.0,0.0,9.0,4.0,92.0,326.0,96.0,9.0,0.0,0.0,-999.0,89.0,289.0,59.0,53.0,39.0,18.0,0.0,124.0,13.0,224.0,151.0,224.0,30.0,0.0,539.0,5.0,229.0,88.0,208.0,41.0,66.0,49.0,97.0,73.0,8.0,390.0,70.0,126.0,0.0,200.0,6.0,0.0,283.0,16.0,250.0,422.0,181.0,59.0,465.0
1921,-999.0,0.0,1.0,2.0,75.0,236.0,73.0,4.0,0.0,0.0,-999.0,31.0,216.0,21.0,15.0,12.0,0.0,0.0,105.0,6.0,245.0,60.0,98.0,5.0,0.0,420.0,1.0,141.0,34.0,206.0,34.0,61.0,34.0,73.0,31.0,1.0,369.0,56.0,107.0,0.0,85.0,0.0,0.0,235.0,7.0,238.0,464.0,65.0,27.0,321.0
1922,-999.0,0.0,2.0,2.0,64.0,167.0,58.0,0.0,0.0,0.0,-999.0,55.0,168.0,40.0,26.0,14.0,2.0,0.0,87.0,4.0,218.0,109.0,167.0,6.0,0.0,401.0,3.0,215.0,43.0,187.0,23.0,23.0,28.0,73.0,49.0,0.0,301.0,51.0,86.0,0.0,137.0,0.0,0.0,193.0,9.0,224.0,368.0,132.0,40.0,315.0
1923,-999.0,0.0,1.0,8.0,174.0,297.0,72.0,0.0,0.0,0.0,-999.0,60.0,313.0,36.0,31.0,16.0,5.0,0.0,124.0,1.0,361.0,107.0,167.0,15.0,0.0,515.0,2.0,234.0,73.0,275.0,27.0,48.0,78.0,84.0,48.0,0.0,362.0,49.0,126.0,0.0,164.0,0.0,0.0,354.0,6.0,334.0,347.0,121.0,32.0,408.0
1924,-999.0,0.0,2.0,1.0,78.0,245.0,97.0,17.0,0.0,0.0,-999.0,133.0,274.0,106.0,63.0,21.0,7.0,0.0,136.0,14.0,313.0,199.0,322.0,30.0,0.0,637.0,2.0,402.0,112.0,262.0,63.0,28.0,37.0,122.0,80.0,0.0,373.0,94.0,138.0,0.0,247.0,0.0,0.0,254.0,11.0,325.0,421.0,270.0,48.0,454.0
1925,-999.0,0.0,2.0,5.0,70.0,250.0,35.0,0.0,0.0,0.0,-999.0,62.0,267.0,34.0,20.0,5.0,0.0,0.0,66.0,4.0,261.0,94.0,199.0,8.0,0.0,512.0,0.0,278.0,48.0,194.0,19.0,42.0,46.0,54.0,34.0,0.0,351.0,44.0,61.0,0.0,161.0,0.0,0.0,337.0,5.0,246.0,384.0,132.0,21.0,429.0
1926,-999.0,0.0,4.0,2.0,41.0,250.0,128.0,28.0,0.0,0.0,-999.0,109.0,192.0,104.0,72.0,16.0,21.0,0.0,190.0,28.0,383.0,198.0,275.0,24.0,0.0,492.0,3.0,295.0,66.0,335.0,89.0,44.0,17.0,150.0,86.0,0.0,252.0,104.0,187.0,0.0,164.0,5.0,0.0,222.0,22.0,402.0,300.0,234.0,66.0,375.0
1927,-999.0,0.0,8.0,3.0,92.0,370.0,168.0,52.0,0.0,0.0,-999.0,157.0,255.0,148.0,141.0,57.0,42.0,0.0,207.0,55.0,415.0,268.0,344.0,61.0,0.0,594.0,9.0,353.0,129.0,370.0,123.0,55.0,42.0,196.0,185.0,4.0,318.0,171.0,201.0,0.0,266.0,6.0,0.0,288.0,48.0,452.0,328.0,282.0,126.0,509.0
1928,-999.0,0.0,10.0,3.0,88.0,395.0,89.0,13.0,0.0,2.0,-999.0,132.0,329.0,109.0,94.0,59.0,27.0,0.0,116.0,16.0,293.0,193.0,298.0,58.0,0.0,687.0,5.0,373.0,133.0,220.0,48.0,54.0,47.0,108.0,99.0,4.0,380.0,76.0,117.0,0.0,254.0,10.0,0.0,347.0,16.0,267.0,389.0,230.0,59.0,587.0
1929,-999.0,0.0,3.0,3.0,71.0,221.0,71.0,10.0,0.0,0.0,-999.0,97.0,267.0,99.0,71.0,20.0,18.0,0.0,106.0,12.0,305.0,191.0,219.0,26.0,0.0,462.0,6.0,229.0,71.0,236.0,38.0,44.0,47.0,101.0,109.0,0.0,371.0,86.0,108.0,0.0,162.0,3.0,0.0,273.0,18.0,326.0,420.0,209.0,69.0,360.0
1930,-999.0,0.0,3.0,2.0,72.0,218.0,36.0,0.0,0.0,0.0,-999.0,55.0,259.0,40.0,33.0,16.0,7.0,0.0,56.0,2.0,192.0,86.0,136.0,15.0,0.0,430.0,5.0,170.0,61.0,168.0,16.0,39.0,38.0,55.0,43.0,0.0,405.0,45.0,38.0,0.0,134.0,3.0,0.0,249.0,8.0,216.0,428.0,108.0,42.0,380.0
1931,-999.0,0.0,4.0,2.0,61.0,144.0,46.0,7.0,0.0,0.0,-999.0,28.0,179.0,24.0,17.0,11.0,1.0,0.0,74.0,5.0,227.0,69.0,118.0,10.0,0.0,361.0,2.0,151.0,22.0,173.0,22.0,36.0,28.0,58.0,34.0,2.0,322.0,41.0,75.0,0.0,58.0,0.0,0.0,160.0,6.0,231.0,395.0,80.0,30.0,250.0
1932,-999.0,0.0,1.0,4.0,88.0,222.0,65.0,6.0,0.0,0.0,-999.0,43.0,274.0,29.0,22.0,14.0,3.0,0.0,99.0,5.0,256.0,80.0,114.0,11.0,0.0,469.0,2.0,148.0,42.0,217.0,23.0,56.0,43.0,82.0,38.0,0.0,364.0,47.0,109.0,0.0,107.0,0.0,0.0,296.0,5.0,303.0,440.0,86.0,25.0,356.0
1933,-999.0,0.0,2.0,2.0,104.0,148.0,39.0,0.0,0.0,0.0,-999.0,36.0,187.0,20.0,15.0,7.0,0.0,0.0,72.0,0.0,254.0,56.0,96.0,9.0,0.0,373.0,1.0,99.0,31.0,172.0,14.0,35.0,31.0,42.0,17.0,0.0,349.0,27.0,78.0,0.0,71.0,0.0,0.0,179.0,3.0,194.0,450.0,78.0,24.0,262.0
1934,-999.0,0.0,0.0,5.0,108.0,133.0,54.0,0.0,0.0,0.0,-999.0,24.0,222.0,18.0,10.0,0.0,0.0,0.0,94.0,3.0,313.0,74.0,164.0,0.0,0.0,461.0,1.0,191.0,6.0,223.0,24.0,27.0,45.0,67.0,18.0,0.0,322.0,38.0,92.0,0.0,85.0,0.0,0.0,230.0,3.0,262.0,392.0,100.0,12.0,297.0
1935,-999.0,0.0,6.0,2.0,68.0,197.0,62.0,7.0,0.0,0.0,-999.0,101.0,264.0,86.0,54.0,28.0,20.0,0.0,91.0,6.0,195.0,139.0,224.0,36.0,0.0,534.0,3.0,262.0,83.0,168.0,28.0,40.0,34.0,73.0,63.0,3.0,324.0,50.0,95.0,0.0,167.0,7.0,0.0,216.0,9.0,214.0,428.0,188.0,39.0,341.0
1936,-999.0,0.0,0.0,1.0,48.0,118.0,53.0,7.0,0.0,0.0,-999.0,40.0,172.0,45.0,22.0,2.0,0.0,0.0,97.0,5.0,291.0,111.0,157.0,4.0,0.0,319.0,1.0,117.0,18.0,216.0,26.0,25.0,30.0,62.0,30.0,0.0,284.0,37.0,98.0,0.0,56.0,0.0,0.0,166.0,5.0,268.0,342.0,134.0,20.0,209.0
1937,-999.0,0.0,0.0,3.0,62.0,207.0,33.0,0.0,0.0,0.0,-999.0,50.0,275.0,47.0,35.0,9.0,3.0,0.0,62.0,0.0,144.0,96.0,147.0,9.0,0.0,484.0,1.0,166.0,41.0,126.0,13.0,38.0,39.0,46.0,34.0,0.0,330.0,29.0,60.0,0.0,133.0,0.0,0.0,254.0,3.0,157.0,395.0,118.0,21.0,356.0
1938,-999.0,0.0,2.0,2.0,78.0,198.0,48.0,8.0,0.0,3.0,-999.0,54.0,240.0,57.0,38.0,13.0,13.0,0.0,68.0,8.0,140.0,97.0,152.0,16.0,0.0,479.0,7.0,184.0,32.0,126.0,28.0,39.0,42.0,55.0,49.0,0.0,308.0,48.0,81.0,0.0,101.0,7.0,0.0,239.0,13.0,157.0,380.0,134.0,44.0,345.0
1939,-999.0,0.0,2.0,2.0,75.0,207.0,46.0,0.0,0.0,0.0,-999.0,58.0,300.0,34.0,24.0,13.0,0.0,0.0,80.0,0.0,204.0,74.0,155.0,18.0,0.0,569.0,0.0,233.0,42.0,147.0,9.0,38.0,39.0,47.0,26.0,0.0,362.0,31.0,82.0,0.0,132.0,0.0,0.0,283.0,1.0,199.0,431.0,105.0,19.0,405.0
1940,-999.0,0.0,4.0,1.0,56.0,162.0,112.0,8.0,0.0,0.0,-999.0,57.0,154.0,37.0,20.0,20.0,6.0,0.0,150.0,10.0,286.0,111.0,211.0,19.0,0.0,360.0,2.0,212.0,43.0,247.0,55.0,41.0,17.0,111.0,35.0,1.0,239.0,73.0,154.0,0.0,118.0,1.0,0.0,150.0,10.0,304.0,323.0,153.0,32.0,247.0
1941,-999.0,0.0,3.0,6.0,109.0,284.0,59.0,9.0,0.0,0.0,-999.0,51.0,267.0,35.0,24.0,20.0,3.0,0.0,91.0,7.0,229.0,86.0,148.0,9.0,0.0,453.0,2.0,182.0,57.0,198.0,30.0,94.0,62.0,69.0,39.0,1.0,319.0,59.0,92.0,0.0,129.0,0.0,0.0,320.0,6.0,258.0,329.0,110.0,26.0,379.0
1942,-999.0,0.0,2.0,3.0,89.0,253.0,54.0,0.0,0.0,0.0,-999.0,68.0,319.0,46.0,31.0,22.0,4.0,0.0,90.0,4.0,209.0,109.0,229.0,22.0,0.0,609.0,1.0,317.0,65.0,188.0,27.0,47.0,52.0,69.0,39.0,0.0,339.0,52.0,86.0,0.0,190.0,0.0,0.0,284.0,7.0,238.0,347.0,156.0,21.0,412.0
1943,-999.0,0.0,0.0,4.0,136.0,201.0,18.0,0.0,0.0,0.0,-999.0,42.0,368.0,20.0,11.0,5.0,0.0,0.0,40.0,0.0,234.0,65.0,135.0,5.0,0.0,629.0,0.0,255.0,40.0,158.0,4.0,35.0,79.0,30.0,18.0,0.0,445.0,19.0,34.0,0.0,136.0,0.0,0.0,308.0,0.0,198.0,480.0,84.0,7.0,392.0
1944,-999.0,0.0,1.0,7.0,168.0,242.0,34.0,0.0,0.0,0.0,-999.0,59.0,370.0,25.0,10.0,12.0,0.0,0.0,59.0,0.0,194.0,60.0,178.0,11.0,0.0,673.0,1.0,283.0,59.0,144.0,11.0,47.0,92.0,42.0,16.0,0.0,391.0,27.0,55.0,0.0,195.0,0.0,0.0,374.0,2.0,176.0,405.0,99.0,18.0,491.0
1945,-999.0,0.0,6.0,6.0,85.0,339.0,59.0,0.0,0.0,0.0,-999.0,150.0,338.0,105.0,67.0,51.0,13.0,0.0,100.0,5.0,268.0,183.0,318.0,53.0,0.0,589.0,2.0,354.0,155.0,202.0,33.0,56.0,62.0,87.0,73.0,3.0,340.0,64.0,90.0,0.0,285.0,4.0,0.0,396.0,7.0,247.0,415.0,256.0,43.0,536.0
1946,-999.0,0.0,3.0,1.0,79.0,187.0,112.0,21.0,0.0,0.0,-999.0,102.0,256.0,72.0,63.0,11.0,23.0,0.0,140.0,24.0,293.0,161.0,229.0,25.0,0.0,535.0,4.0,241.0,53.0,253.0,60.0,24.0,45.0,126.0,97.0,0.0,378.0,110.0,135.0,0.0,167.0,5.0,0.0,213.0,19.0,326.0,431.0,188.0,69.0,357.0
1947,-999.0,0.0,1.0,4.0,94.0,280.0,82.0,13.0,0.0,0.0,-999.0,97.0,341.0,76.0,58.0,22.0,19.0,0.0,110.0,14.0,237.0,131.0,197.0,25.0,0.0,590.0,5.0,244.0,90.0,177.0,39.0,45.0,69.0,78.0,68.0,0.0,454.0,64.0,120.0,0.0,188.0,4.0,0.0,360.0,16.0,192.0,442.0,170.0,50.0,477.0
1948,-999.0,0.0,3.0,4.0,114.0,223.0,70.0,7.0,0.0,0.0,-999.0,71.0,258.0,53.0,32.0,20.0,4.0,0.0,123.0,6.0,285.0,115.0,175.0,20.0,0.0,555.0,2.0,221.0,63.0,206.0,29.0,41.0,59.0,79.0,46.0,0.0,359.0,56.0,107.0,0.0,175.0,0.0,0.0,272.0,7.0,254.0,402.0,137.0,31.0,362.0
1949,-999.0,0.0,3.0,4.0,77.0,252.0,14.0,0.0,0.0,0.0,-999.0,37.0,261.0,21.0,16.0,16.0,0.0,0.0,19.0,1.0,124.0,46.0,97.0,16.0,0.0,509.0,2.0,179.0,55.0,69.0,4.0,52.0,46.0,16.0,15.0,2.0,375.0,16.0,24.0,0.0,107.0,0.0,0.0,308.0,5.0,92.0,483.0,70.0,13.0,388.0
1950,-999.0,0.0,11.0,3.0,100.0,304.0,73.0,10.0,0.0,0.0,-999.0,151.0,322.0,95.0,69.0,52.0,24.0,0.0,88.0,9.0,252.0,165.0,270.0,60.0,0.0,675.0,4.0,334.0,122.0,170.0,41.0,49.0,47.0,92.0,84.0,9.0,317.0,84.0,96.0,0.0,239.0,6.0,0.0,356.0,11.0,247.0,375.0,251.0,56.0,546.0
1951,-999.0,0.0,3.0,5.0,93.0,351.0,74.0,8.0,0.0,0.0,-999.0,149.0,349.0,108.0,56.0,48.0,6.0,0.0,115.0,7.0,281.0,167.0,306.0,39.0,0.0,729.0,2.0,387.0,153.0,236.0,32.0,42.0,43.0,87.0,51.0,2.0,299.0,59.0,95.0,0.0,307.0,0.0,0.0,360.0,6.0,284.0,367.0,265.0,30.0,584.0
1952,-999.0,0.0,0.0,4.0,142.0,143.0,32.0,0.0,0.0,0.0,-999.0,59.0,283.0,29.0,15.0,4.0,0.0,0.0,45.0,0.0,143.0,69.0,172.0,9.0,0.0,559.0,0.0,215.0,34.0,122.0,12.0,23.0,62.0,41.0,20.0,0.0,388.0,27.0,39.0,0.0,107.0,0.0,0.0,271.0,1.0,176.0,453.0,127.0,10.0,333.0
1953,-999.0,0.0,1.0,2.0,136.0,171.0,46.0,2.0,0.0,0.0,-999.0,43.0,340.0,20.0,11.0,4.0,0.0,0.0,66.0,4.0,228.0,65.0,138.0,3.0,0.0,546.0,1.0,221.0,29.0,167.0,17.0,24.0,75.0,52.0,24.0,0.0,489.0,42.0,55.0,0.0,118.0,0.0,0.0,259.0,3.0,212.0,485.0,101.0,14.0,308.0
1954,-999.0,0.0,0.0,3.0,116.0,153.0,76.0,0.0,0.0,0.0,-999.0,44.0,380.0,26.0,18.0,2.0,1.0,0.0,123.0,4.0,322.0,98.0,168.0,2.0,0.0,643.0,2.0,265.0,33.0,256.0,23.0,32.0,70.0,78.0,36.0,0.0,573.0,58.0,103.0,0.0,138.0,0.0,0.0,296.0,4.0,322.0,628.0,129.0,27.0,348.0
1955,-999.0,5.0,9.0,5.0,117.0,250.0,63.0,20.0,0.0,8.0,-999.0,74.0,277.0,62.0,57.0,29.0,39.0,0.0,79.0,26.0,177.0,77.0,114.0,34.0,1.0,542.0,19.0,190.0,76.0,115.0,38.0,56.0,42.0,54.0,66.0,5.0,461.0,68.0,79.0,3.0,146.0,23.0,0.0,287.0,36.0,144.0,542.0,111.0,84.0,389.0
1956,-999.0,0.0,2.0,1.0,89.0,184.0,56.0,2.0,0.0,0.0,-999.0,45.0,291.0,36.0,31.0,3.0,10.0,0.0,83.0,6.0,339.0,110.0,182.0,7.0,0.0,520.0,3.0,207.0,30.0,230.0,26.0,27.0,50.0,76.0,51.0,0.0,403.0,70.0,72.0,0.0,111.0,3.0,0.0,254.0,9.0,303.0,435.0,139.0,44.0,337.0
1957,-999.0,0.0,4.0,2.0,41.0,241.0,52.0,0.0,0.0,0.0,-999.0,65.0,277.0,43.0,30.0,17.0,2.0,0.0,74.0,1.0,276.0,115.0,192.0,15.0,0.0,522.0,2.0,248.0,63.0,206.0,14.0,40.0,41.0,60.0,42.0,1.0,401.0,48.0,57.0,0.0,170.0,0.0,0.0,269.0,4.0,264.0,458.0,142.0,25.0,388.0
1958,-999.0,0.0,3.0,1.0,71.0,199.0,141.0,22.0,0.0,0.0,-999.0,135.0,196.0,118.0,87.0,25.0,20.0,0.0,167.0,25.0,386.0,206.0,321.0,33.0,0.0,543.0,3.0,352.0,95.0,312.0,65.0,22.0,42.0,143.0,106.0,0.0,180.0,118.0,156.0,0.0,231.0,0.0,0.0,211.0,19.0,380.0,168.0,242.0,64.0,398.0
1959,-999.0,0.0,4.0,1.0,41.0,157.0,55.0,0.0,0.0,0.0,-999.0,48.0,241.0,23.0,16.0,15.0,9.0,0.0,96.0,1.0,284.0,60.0,112.0,15.0,0.0,513.0,3.0,142.0,38.0,158.0,10.0,29.0,28.0,44.0,30.0,0.0,330.0,32.0,84.0,0.0,79.0,6.0,0.0,201.0,7.0,162.0,411.0,97.0,34.0,292.0
1960,-999.0,0.0,3.0,1.0,33.0,189.0,60.0,4.0,0.0,0.0,-999.0,98.0,247.0,74.0,53.0,23.0,11.0,0.0,83.0,8.0,212.0,154.0,194.0,24.0,0.0,498.0,3.0,222.0,85.0,201.0,26.0,31.0,24.0,80.0,64.0,0.0,318.0,66.0,72.0,0.0,161.0,3.0,0.0,216.0,9.0,285.0,406.0,191.0,43.0,327.0
1961,-999.0,4.0,10.0,1.0,33.0,206.0,48.0,7.0,0.0,5.0,-999.0,77.0,112.0,56.0,58.0,30.0,23.0,0.0,71.0,7.0,244.0,128.0,134.0,36.0,1.0,273.0,11.0,115.0,60.0,183.0,21.0,34.0,14.0,70.0,71.0,6.0,189.0,57.0,67.0,0.0,109.0,11.0,0.0,147.0,17.0,251.0,228.0,135.0,62.0,256.0
1962,-999.0,0.0,3.0,4.0,94.0,270.0,85.0,2.0,0.0,0.0,-999.0,92.0,317.0,56.0,40.0,23.0,8.0,0.0,118.0,6.0,325.0,130.0,233.0,19.0,0.0,615.0,4.0,251.0,78.0,230.0,27.0,48.0,45.0,84.0,46.0,1.0,415.0,61.0,117.0,0.0,201.0,3.0,0.0,305.0,14.0,304.0,475.0,186.0,47.0,463.0
1963,-999.0,0.0,0.0,5.0,120.0,175.0,71.0,6.0,0.0,3.0,-999.0,56.0,315.0,51.0,59.0,3.0,17.0,0.0,87.0,10.0,230.0,127.0,141.0,10.0,0.0,528.0,8.0,147.0,30.0,193.0,30.0,39.0,75.0,90.0,75.0,0.0,468.0,82.0,75.0,0.0,100.0,4.0,0.0,301.0,14.0,272.0,466.0,134.0,72.0,331.0
1964,-999.0,0.0,3.0,5.0,101.0,254.0,107.0,4.0,0.0,0.0,-999.0,81.0,360.0,42.0,31.0,23.0,4.0,0.0,153.0,6.0,345.0,129.0,197.0,23.0,0.0,604.0,4.0,271.0,79.0,283.0,38.0,41.0,62.0,101.0,56.0,0.0,448.0,78.0,134.0,0.0,157.0,0.0,0.0,336.0,6.0,345.0,517.0,150.0,44.0,439.0
1965,-999.0,0.0,4.0,10.0,148.0,309.0,78.0,10.0,0.0,4.0,-999.0,92.0,319.0,67.0,57.0,22.0,10.0,0.0,103.0,11.0,241.0,179.0,245.0,26.0,0.0,596.0,11.0,271.0,78.0,237.0,33.0,74.0,68.0,102.0,73.0,0.0,349.0,82.0,89.0,0.0,175.0,4.0,0.0,375.0,20.0,339.0,364.0,208.0,59.0,473.0
1966,-999.0,0.0,8.0,3.0,71.0,220.0,38.0,2.0,0.0,4.0,-999.0,90.0,296.0,53.0,39.0,27.0,18.0,0.0,63.0,4.0,223.0,93.0,178.0,35.0,0.0,568.0,11.0,239.0,73.0,172.0,13.0,41.0,42.0,53.0,43.0,3.0,376.0,40.0,53.0,1.0,153.0,7.0,0.0,252.0,10.0,238.0,481.0,136.0,46.0,379.0
1967,-999.0,1.0,10.0,6.0,106.0,339.0,44.0,4.0,0.0,5.0,-999.0,127.0,236.0,93.0,62.0,42.0,31.0,0.0,64.0,5.0,177.0,139.0,253.0,49.0,0.0,492.0,17.0,265.0,113.0,118.0,15.0,63.0,50.0,51.0,63.0,3.0,199.0,53.0,72.0,2.0,218.0,12.0,0.0,325.0,20.0,167.0,243.0,220.0,61.0,472.0
1968,-999.0,0.0,2.0,3.0,69.0,249.0,71.0,6.0,0.0,2.0,-999.0,60.0,326.0,38.0,26.0,18.0,9.0,0.0,113.0,6.0,323.0,114.0,207.0,18.0,0.0,638.0,4.0,323.0,50.0,239.0,28.0,54.0,49.0,84.0,41.0,0.0,347.0,54.0,92.0,0.0,164.0,3.0,0.0,347.0,8.0,300.0,415.0,152.0,34.0,481.0
1969,-999.0,0.0,5.0,4.0,93.0,278.0,48.0,0.0,0.0,0.0,-999.0,128.0,274.0,94.0,57.0,33.0,9.0,0.0,63.0,2.0,211.0,167.0,288.0,34.0,0.0,572.0,3.0,339.0,105.0,161.0,15.0,46.0,44.0,65.0,61.0,2.0,330.0,47.0,53.0,0.0,227.0,0.0,0.0,297.0,3.0,220.0,372.0,250.0,32.0,448.0
1970,-999.0,0.0,2.0,3.0,61.0,210.0,57.0,6.0,0.0,3.0,-999.0,62.0,201.0,44.0,40.0,16.0,11.0,0.0,76.0,5.0,185.0,95.0,117.0,20.0,0.0,379.0,3.0,134.0,42.0,150.0,24.0,50.0,37.0,67.0,41.0,0.0,261.0,55.0,74.0,0.0,97.0,6.0,0.0,246.0,6.0,202.0,339.0,111.0,36.0,326.0
1971,-999.0,0.0,4.0,3.0,88.0,191.0,45.0,0.0,0.0,0.0,-999.0,69.0,287.0,44.0,41.0,18.0,12.0,0.0,62.0,1.0,202.0,99.0,201.0,17.0,0.0,504.0,3.0,228.0,50.0,163.0,14.0,46.0,47.0,66.0,46.0,2.0,388.0,55.0,46.0,0.0,128.0,0.0,0.0,243.0,7.0,249.0,441.0,153.0,39.0,345.0
1972,-999.0,2.0,2.0,3.0,48.0,219.0,95.0,24.0,0.0,8.0,-999.0,90.0,251.0,87.0,83.0,22.0,37.0,0.0,118.0,31.0,280.0,186.0,217.0,21.0,0.0,515.0,21.0,245.0,66.0,222.0,57.0,47.0,29.0,115.0,114.0,0.0,272.0,110.0,105.0,3.0,173.0,15.0,0.0,243.0,37.0,288.0,388.0,203.0,107.0,401.0
1973,-999.0,0.0,3.0,3.0,45.0,233.0,16.0,0.0,0.0,0.0,-999.0,48.0,248.0,27.0,19.0,12.0,4.0,0.0,25.0,0.0,136.0,64.0,139.0,14.0,0.0,469.0,2.0,187.0,45.0,91.0,4.0,61.0,33.0,25.0,24.0,0.0,356.0,23.0,17.0,0.0,115.0,0.0,0.0,278.0,2.0,126.0,478.0,91.0,18.0,375.0
1974,-999.0,5.0,14.0,1.0,53.0,232.0,66.0,18.0,0.0,9.0,-999.0,119.0,208.0,92.0,68.0,35.0,38.0,0.0,94.0,23.0,234.0,138.0,217.0,49.0,1.0,477.0,17.0,252.0,89.0,186.0,42.0,43.0,27.0,83.0,77.0,6.0,311.0,85.0,83.0,2.0,164.0,21.0,0.0,218.0,32.0,226.0,405.0,208.0,83.0,367.0
1975,-999.0,0.0,3.0,4.0,107.0,276.0,53.0,2.0,0.0,3.0,-999.0,55.0,348.0,36.0,25.0,15.0,8.0,0.0,74.0,5.0,190.0,89.0,158.0,9.0,0.0,632.0,4.0,230.0,61.0,159.0,18.0,61.0,59.0,57.0,29.0,0.0,432.0,44.0,65.0,0.0,143.0,3.0,0.0,381.0,8.0,191.0,486.0,124.0,29.0,471.0
1976,-999.0,1.0,11.0,3.0,76.0,239.0,36.0,0.0,0.0,5.0,-999.0,69.0,375.0,54.0,53.0,19.0,26.0,0.0,52.0,5.0,175.0,100.0,107.0,29.0,0.0,598.0,11.0,151.0,51.0,146.0,14.0,53.0,69.0,63.0,70.0,3.0,481.0,62.0,48.0,0.0,101.0,7.0,0.0,324.0,15.0,219.0,552.0,112.0,66.0,412.0
1977,-999.0,0.0,1.0,2.0,49.0,137.0,74.0,15.0,0.0,0.0,-999.0,74.0,187.0,69.0,49.0,14.0,12.0,0.0,100.0,15.0,292.0,165.0,225.0,13.0,0.0,505.0,5.0,288.0,48.0,221.0,38.0,24.0,20.0,95.0,71.0,0.0,275.0,80.0,75.0,0.0,142.0,3.0,0.0,179.0,18.0,296.0,346.0,201.0,65.0,307.0
1978,-999.0,0.0,3.0,2.0,59.0,212.0,63.0,6.0,0.0,0.0,-999.0,66.0,315.0,45.0,33.0,9.0,7.0,0.0,81.0,5.0,219.0,124.0,190.0,17.0,0.0,596.0,2.0,231.0,53.0,175.0,24.0,34.0,52.0,71.0,44.0,0.0,286.0,59.0,67.0,0.0,155.0,3.0,0.0,282.0,7.0,239.0,314.0,163.0,35.0,434.0
1979,-999.0,0.0,5.0,4.0,58.0,259.0,68.0,25.0,0.0,4.0,-999.0,76.0,237.0,54.0,47.0,24.0,17.0,0.0,87.0,22.0,220.0,145.0,230.0,23.0,0.0,474.0,17.0,245.0,69.0,179.0,47.0,66.0,41.0,90.0,68.0,1.0,320.0,82.0,83.0,2.0,173.0,8.0,0.0,260.0,28.0,230.0,356.0,186.0,72.0,383.0
1980,-999.0,0.0,0.0,3.0,105.0,147.0,75.0,13.0,0.0,0.0,-999.0,49.0,372.0,52.0,41.0,2.0,13.0,0.0,101.0,16.0,234.0,145.0,168.0,6.0,0.0,635.0,5.0,243.0,28.0,209.0,35.0,22.0,66.0,91.0,66.0,0.0,482.0,75.0,88.0,0.0,115.0,3.0,0.0,277.0,14.0,270.0,506.0,150.0,58.0,360.0
1981,-999.0,0.0,3.0,1.0,19.0,169.0,40.0,0.0,0.0,0.0,-999.0,73.0,292.0,46.0,30.0,17.0,6.0,0.0,59.0,2.0,202.0,106.0,188.0,20.0,0.0,566.0,2.0,237.0,54.0,174.0,16.0,27.0,27.0,57.0,43.0,1.0,349.0,56.0,47.0,0.0,141.0,0.0,0.0,203.0,5.0,235.0,423.0,139.0,37.0,335.0
1982,-999.0,1.0,7.0,5.0,116.0,272.0,120.0,18.0,0.0,2.0,-999.0,136.0,268.0,117.0,92.0,47.0,35.0,0.0,179.0,22.0,342.0,207.0,272.0,52.0,0.0,548.0,5.0,316.0,117.0,309.0,65.0,48.0,50.0,141.0,111.0,9.0,328.0,118.0,147.0,0.0,215.0,7.0,0.0,288.0,20.0,359.0,350.0,262.0,78.0,416.0
1983,-999.0,1.0,5.0,5.0,80.0,250.0,27.0,2.0,0.0,5.0,-999.0,33.0,309.0,20.0,16.0,23.0,11.0,0.0,44.0,4.0,157.0,72.0,123.0,14.0,0.0,506.0,8.0,156.0,52.0,118.0,13.0,59.0,62.0,42.0,29.0,7.0,429.0,38.0,32.0,0.0,129.0,7.0,0.0,296.0,9.0,180.0,426.0,89.0,35.0,365.0
1984,-999.0,0.0,2.0,3.0,58.0,213.0,28.0,0.0,0.0,0.0,-999.0,52.0,307.0,29.0,26.0,11.0,2.0,0.0,42.0,1.0,172.0,70.0,136.0,10.0,0.0,487.0,3.0,176.0,41.0,118.0,8.0,47.0,53.0,45.0,35.0,0.0,407.0,47.0,30.0,0.0,133.0,0.0,0.0,312.0,4.0,169.0,425.0,108.0,32.0,362.0
1985,-999.0,0.0,4.0,1.0,33.0,193.0,108.0,11.0,0.0,0.0,-999.0,129.0,245.0,91.0,65.0,37.0,17.0,0.0,140.0,13.0,292.0,192.0,314.0,44.0,0.0,516.0,4.0,389.0,105.0,257.0,47.0,35.0,27.0,126.0,95.0,2.0,274.0,97.0,114.0,0.0,227.0,3.0,0.0,213.0,15.0,342.0,331.0,217.0,68.0,370.0
1986,-999.0,0.0,4.0,2.0,48.0,177.0,85.0,0.0,0.0,0.0,-999.0,88.0,193.0,69.0,46.0,18.0,9.0,0.0,139.0,2.0,347.0,162.0,202.0,22.0,0.0,438.0,2.0,230.0,60.0,282.0,26.0,46.0,25.0,99.0,56.0,2.0,262.0,70.0,109.0,0.0,140.0,0.0,0.0,182.0,6.0,348.0,334.0,193.0,40.0,306.0
1987,-999.0,0.0,1.0,1.0,72.0,203.0,44.0,0.0,0.0,0.0,-999.0,43.0,255.0,22.0,17.0,12.0,1.0,0.0,79.0,0.0,249.0,58.0,118.0,6.0,0.0,558.0,2.0,200.0,47.0,203.0,14.0,51.0,36.0,57.0,24.0,0.0,291.0,30.0,57.0,0.0,120.0,0.0,0.0,257.0,2.0,245.0,338.0,83.0,16.0,386.0
1988,-999.0,0.0,1.0,2.0,70.0,111.0,42.0,3.0,0.0,0.0,-999.0,17.0,172.0,12.0,11.0,4.0,7.0,0.0,66.0,1.0,172.0,52.0,62.0,3.0,0.0,319.0,4.0,71.0,24.0,144.0,17.0,41.0,26.0,59.0,31.0,0.0,338.0,43.0,56.0,0.0,45.0,3.0,0.0,136.0,10.0,218.0,412.0,47.0,40.0,168.0
1989,-999.0,0.0,8.0,2.0,66.0,250.0,40.0,0.0,0.0,2.0,-999.0,79.0,244.0,54.0,38.0,39.0,11.0,0.0,66.0,2.0,216.0,118.0,161.0,31.0,0.0,490.0,3.0,194.0,82.0,170.0,12.0,45.0,43.0,55.0,48.0,8.0,373.0,48.0,44.0,0.0,142.0,6.0,0.0,259.0,3.0,220.0,367.0,157.0,31.0,363.0
1990,-999.0,0.0,2.0,1.0,43.0,173.0,34.0,0.0,0.0,0.0,-999.0,62.0,237.0,50.0,47.0,10.0,10.0,0.0,58.0,5.0,170.0,118.0,161.0,17.0,0.0,478.0,3.0,199.0,46.0,131.0,19.0,36.0,39.0,57.0,63.0,0.0,274.0,55.0,40.0,0.0,128.0,2.0,0.0,207.0,7.0,188.0,306.0,146.0,41.0,329.0
1991,-999.0,0.0,1.0,6.0,111.0,188.0,22.0,0.0,0.0,0.0,-999.0,39.0,278.0,17.0,13.0,5.0,1.0,0.0,45.0,0.0,150.0,55.0,110.0,6.0,0.0,457.0,3.0,147.0,36.0,134.0,5.0,59.0,51.0,34.0,17.0,0.0,384.0,22.0,33.0,0.0,92.0,2.0,0.0,240.0,3.0,189.0,407.0,84.0,19.0,306.0
1992,-999.0,3.0,17.0,4.0,53.0,324.0,95.0,21.0,0.0,6.0,-999.0,176.0,210.0,136.0,115.0,71.0,40.0,0.0,121.0,24.0,282.0,260.0,380.0,66.0,0.0,571.0,15.0,438.0,169.0,264.0,56.0,67.0,34.0,131.0,128.0,18.0,189.0,117.0,99.0,0.0,339.0,17.0,0.0,253.0,34.0,366.0,242.0,306.0,93.0,467.0
1993,-999.0,0.0,2.0,3.0,63.0,283.0,34.0,0.0,0.0,0.0,-999.0,97.0,536.0,52.0,38.0,20.0,9.0,0.0,56.0,4.0,197.0,116.0,252.0,16.0,0.0,879.0,2.0,428.0,98.0,150.0,14.0,45.0,84.0,60.0,41.0,0.0,482.0,42.0,41.0,0.0,276.0,1.0,0.0,447.0,7.0,232.0,468.0,176.0,31.0,636.0
1994,-999.0,0.0,4.0,1.0,38.0,104.0,26.0,0.0,0.0,0.0,-999.0,91.0,192.0,59.0,45.0,15.0,5.0,0.0,42.0,4.0,143.0,125.0,213.0,21.0,0.0,424.0,2.0,276.0,65.0,115.0,12.0,14.0,26.0,51.0,41.0,2.0,325.0,43.0,36.0,0.0,166.0,0.0,0.0,130.0,5.0,185.0,343.0,165.0,28.0,265.0
1995,-999.0,1.0,5.0,5.0,89.0,255.0,30.0,2.0,0.0,4.0,-999.0,38.0,353.0,15.0,14.0,23.0,8.0,0.0,55.0,4.0,134.0,40.0,94.0,15.0,0.0,586.0,7.0,166.0,56.0,115.0,12.0,51.0,69.0,35.0,16.0,6.0,351.0,23.0,44.0,0.0,137.0,7.0,0.0,343.0,7.0,152.0,383.0,51.0,21.0,423.0
1996,-999.0,0.0,4.0,1.0,37.0,163.0,36.0,0.0,0.0,0.0,-999.0,86.0,223.0,58.0,38.0,22.0,7.0,0.0,60.0,0.0,217.0,106.0,183.0,26.0,0.0,420.0,3.0,200.0,71.0,144.0,17.0,24.0,30.0,53.0,41.0,0.0,263.0,45.0,51.0,0.0,148.0,3.0,0.0,157.0,4.0,206.0,344.0,171.0,38.0,282.0
1997,-999.0,3.0,7.0,3.0,60.0,197.0,50.0,11.0,0.0,8.0,-999.0,73.0,264.0,67.0,59.0,24.0,22.0,0.0,74.0,11.0,200.0,137.0,178.0,27.0,0.0,509.0,14.0,170.0,56.0,170.0,32.0,43.0,48.0,68.0,68.0,4.0,318.0,70.0,54.0,2.0,137.0,9.0,0.0,240.0,19.0,246.0,344.0,180.0,57.0,337.0
1998,-999.0,0.0,0.0,6.0,100.0,241.0,48.0,4.0,0.0,0.0,-999.0,79.0,272.0,36.0,29.0,13.0,4.0,0.0,73.0,5.0,226.0,83.0,182.0,12.0,0.0,509.0,1.0,240.0,77.0,155.0,21.0,37.0,62.0,65.0,36.0,0.0,250.0,51.0,60.0,0.0,199.0,0.0,0.0,324.0,5.0,208.0,265.0,123.0,31.0,448.0
1999,-999.0,0.0,2.0,3.0,92.0,218.0,18.0,2.0,0.0,2.0,-999.0,69.0,291.0,43.0,30.0,25.0,3.0,0.0,30.0,1.0,109.0,80.0,159.0,19.0,0.0,552.0,3.0,231.0,74.0,95.0,5.0,50.0,48.0,34.0,34.0,2.0,386.0,36.0,22.0,0.0,151.0,0.0,0.0,255.0,6.0,145.0,442.0,122.0,25.0,366.0
2000,-999.0,0.0,4.0,1.0,36.0,134.0,69.0,0.0,0.0,0.0,-999.0,81.0,207.0,60.0,44.0,19.0,4.0,0.0,95.0,2.0,269.0,121.0,209.0,22.0,0.0,433.0,2.0,258.0,53.0,231.0,23.0,20.0,24.0,90.0,58.0,5.0,290.0,69.0,67.0,0.0,144.0,0.0,0.0,156.0,4.0,305.0,384.0,160.0,38.0,278.0
2001,-999.0,0.0,2.0,1.0,35.0,127.0,28.0,0.0,0.0,3.0,-999.0,65.0,218.0,49.0,40.0,15.0,12.0,0.0,37.0,2.0,131.0,82.0,122.0,20.0,0.0,430.0,3.0,188.0,46.0,121.0,11.0,25.0,29.0,48.0,41.0,0.0,380.0,45.0,28.0,0.0,116.0,7.0,0.0,161.0,6.0,179.0,448.0,114.0,41.0,240.0
2002,-999.0,0.0,2.0,1.0,40.0,90.0,43.0,0.0,0.0,0.0,-999.0,43.0,220.0,24.0,13.0,5.0,1.0,0.0,70.0,0.0,215.0,56.0,120.0,9.0,0.0,501.0,2.0,177.0,20.0,146.0,8.0,12.0,29.0,41.0,15.0,0.0,259.0,24.0,59.0,0.0,80.0,0.0,0.0,155.0,2.0,195.0,318.0,89.0,16.0,269.0
2003,-999.0,1.0,7.0,1.0,46.0,201.0,57.0,10.0,0.0,4.0,-999.0,78.0,155.0,75.0,62.0,26.0,27.0,0.0,72.0,11.0,161.0,124.0,151.0,32.0,0.0,351.0,7.0,192.0,68.0,120.0,32.0,30.0,20.0,70.0,73.0,6.0,176.0,68.0,66.0,0.0,149.0,11.0,0.0,180.0,17.0,168.0,240.0,148.0,63.0,314.0
2004,-999.0,0.0,9.0,2.0,46.0,298.0,58.0,4.0,0.0,0.0,-999.0,155.0,220.0,106.0,75.0,48.0,19.0,0.0,90.0,6.0,286.0,173.0,336.0,58.0,0.0,553.0,3.0,421.0,124.0,202.0,21.0,43.0,28.0,85.0,74.0,8.0,202.0,69.0,73.0,0.0,264.0,5.0,0.0,249.0,9.0,270.0,214.0,256.0,48.0,467.0
2005,-999.0,0.0,1.0,3.0,85.0,205.0,8.0,0.0,0.0,2.0,-999.0,41.0,294.0,14.0,10.0,10.0,1.0,0.0,19.0,0.0,131.0,32.0,109.0,6.0,0.0,523.0,3.0,203.0,39.0,63.0,0.0,40.0,55.0,11.0,9.0,0.0,316.0,12.0,17.0,0.0,107.0,0.0,0.0,297.0,3.0,77.0,340.0,61.0,14.0,367.0
2006,-999.0,0.0,2.0,0.0,20.0,112.0,30.0,0.0,0.0,0.0,-999.0,51.0,165.0,44.0,35.0,6.0,12.0,0.0,49.0,1.0,170.0,81.0,115.0,10.0,0.0,348.0,3.0,142.0,31.0,128.0,8.0,23.0,22.0,46.0,46.0,0.0,218.0,41.0,36.0,0.0,83.0,3.0,0.0,164.0,7.0,177.0,287.0,112.0,42.0,217.0
2007,-999.0,0.0,2.0,1.0,41.0,132.0,35.0,0.0,0.0,0.0,-999.0,45.0,167.0,31.0,23.0,16.0,3.0,0.0,57.0,1.0,207.0,60.0,114.0,12.0,0.0,342.0,3.0,184.0,41.0,152.0,9.0,25.0,24.0,45.0,30.0,1.0,303.0,34.0,39.0,0.0,94.0,0.0,0.0,134.0,3.0,206.0,360.0,93.0,28.0,215.0
2008,-999.0,0.0,3.0,1.0,29.0,198.0,31.0,0.0,0.0,0.0,-999.0,78.0,253.0,43.0,35.0,20.0,3.0,0.0,48.0,1.0,192.0,85.0,187.0,22.0,0.0,513.0,1.0,254.0,64.0,141.0,7.0,30.0,31.0,45.0,33.0,0.0,352.0,43.0,31.0,0.0,167.0,0.0,0.0,227.0,5.0,188.0,435.0,134.0,37.0,368.0
2009,-999.0,0.0,4.0,4.0,70.0,276.0,77.0,6.0,0.0,0.0,-999.0,131.0,259.0,87.0,60.0,28.0,12.0,0.0,114.0,6.0,276.0,167.0,292.0,35.0,0.0,555.0,2.0,361.0,106.0,216.0,31.0,42.0,45.0,94.0,67.0,2.0,235.0,71.0,90.0,0.0,254.0,0.0,0.0,313.0,8.0,251.0,249.0,229.0,48.0,489.0
2010,-999.0,0.0,0.0,2.0,70.0,146.0,14.0,0.0,0.0,0.0,-999.0,38.0,307.0,19.0,9.0,2.0,0.0,0.0,26.0,0.0,153.0,46.0,129.0,0.0,0.0,581.0,0.0,204.0,40.0,105.0,0.0,20.0,43.0,30.0,10.0,0.0,391.0,18.0,19.0,0.0,129.0,0.0,0.0,250.0,0.0,163.0,427.0,81.0,7.0,372.0
2011,-999.0,0.0,0.0,2.0,87.0,142.0,28.0,0.0,0.0,0.0,-999.0,50.0,317.0,31.0,21.0,2.0,3.0,0.0,55.0,0.0,193.0,67.0,147.0,6.0,0.0,521.0,1.0,202.0,46.0,131.0,5.0,14.0,53.0,38.0,26.0,0.0,413.0,26.0,42.0,0.0,133.0,0.0,0.0,271.0,2.0,162.0,461.0,112.0,18.0,341.0
2012,-999.0,0.0,0.0,0.0,55.0,65.0,31.0,0.0,0.0,2.0,-999.0,44.0,218.0,28.0,28.0,6.0,7.0,0.0,56.0,1.0,169.0,58.0,107.0,8.0,0.0,380.0,4.0,155.0,27.0,115.0,8.0,10.0,31.0,40.0,29.0,0.0,368.0,37.0,43.0,0.0,67.0,2.0,0.0,144.0,10.0,144.0,423.0,78.0,35.0,184.0
2013,-999.0,0.0,3.0,0.0,24.0,117.0,32.0,0.0,0.0,0.0,-999.0,70.0,162.0,55.0,42.0,19.0,6.0,0.0,43.0,2.0,168.0,98.0,166.0,24.0,0.0,376.0,3.0,208.0,57.0,123.0,10.0,16.0,23.0,53.0,43.0,0.0,211.0,42.0,32.0,0.0,149.0,0.0,0.0,145.0,5.0,182.0,266.0,143.0,34.0,235.0
2014,-999.0,0.0,3.0,1.0,27.0,206.0,42.0,0.0,0.0,0.0,-999.0,85.0,237.0,56.0,48.0,19.0,6.0,0.0,66.0,4.0,169.0,111.0,171.0,26.0,0.0,495.0,3.0,259.0,75.0,158.0,12.0,29.0,30.0,56.0,47.0,0.0,222.0,54.0,52.0,0.0,198.0,0.0,0.0,250.0,7.0,207.0,257.0,150.0,36.0,407.0
2015,-999.0,0.0,3.0,1.0,15.0,141.0,45.0,0.0,0.0,0.0,-999.0,91.0,116.0,65.0,46.0,16.0,8.0,0.0,77.0,1.0,260.0,114.0,174.0,21.0,0.0,318.0,1.0,180.0,65.0,170.0,9.0,24.0,15.0,60.0,44.0,2.0,98.0,40.0,61.0,0.0,137.0,0.0,0.0,158.0,2.0,217.0,143.0,171.0,21.0,278.0
2016,-999.0,0.0,1.0,0.0,15.0,129.0,20.0,0.0,0.0,0.0,-999.0,42.0,182.0,20.0,11.0,5.0,1.0,0.0,35.0,1.0,162.0,53.0,132.0,4.0,0.0,410.0,1.0,173.0,35.0,103.0,6.0,24.0,20.0,34.0,14.0,0.0,231.0,21.0,28.0,0.0,85.0,0.0,0.0,128.0,2.0,144.0,286.0,88.0,17.0,242.0
2017,-999.0,0.0,6.0,0.0,17.0,155.0,33.0,0.0,0.0,2.0,-999.0,82.0,161.0,52.0,44.0,25.0,13.0,0.0,57.0,2.0,198.0,91.0,206.0,29.0,0.0,347.0,3.0,207.0,61.0,165.0,12.0,21.0,20.0,58.0,38.0,2.0,188.0,51.0,40.0,0.0,140.0,3.0,0.0,138.0,6.0,242.0,254.0,150.0,43.0,290.0
2018,-999.0,0.0,1.0,0.0,32.0,116.0,30.0,0.0,0.0,0.0,-999.0,43.0,210.0,26.0,16.0,6.0,0.0,0.0,51.0,3.0,170.0,54.0,121.0,2.0,0.0,465.0,1.0,153.0,43.0,110.0,8.0,11.0,25.0,44.0,13.0,0.0,214.0,30.0,40.0,0.0,116.0,0.0,0.0,135.0,1.0,170.0,266.0,97.0,18.0,286.0
2019,-999.0,0.0,3.0,2.0,35.0,192.0,33.0,0.0,0.0,0.0,-999.0,74.0,228.0,52.0,36.0,19.0,9.0,0.0,50.0,1.0,196.0,105.0,176.0,20.0,0.0,487.0,3.0,233.0,61.0,139.0,8.0,31.0,37.0,57.0,38.0,1.0,239.0,45.0,38.0,0.0,162.0,3.0,0.0,235.0,6.0,206.0,292.0,155.0,34.0,358.0
2020,-999.0,0.0,3.0,1.0,34.0,97.0,15.0,0.0,0.0,0.0,-999.0,36.0,244.0,23.0,24.0,9.0,7.0,0.0,22.0,1.0,117.0,50.0,93.0,13.0,0.0,451.0,3.0,133.0,27.0,82.0,4.0,13.0,30.0,28.0,24.0,1.0,265.0,25.0,17.0,0.0,77.0,3.0,0.0,199.0,4.0,138.0,347.0,81.0,27.0,262.0
2021,-999.0,0.0,1.0,0.0,13.0,99.0,10.0,0.0,0.0,0.0,-999.0,34.0,100.0,20.0,15.0,6.0,4.0,0.0,15.0,0.0,106.0,38.0,68.0,6.0,0.0,268.0,2.0,95.0,28.0,74.0,4.0,16.0,9.0,20.0,13.0,0.0,109.0,18.0,8.0,0.0,61.0,0.0,0.0,103.0,3.0,109.0,177.0,62.0,21.0,185.0
