Year,AL,AZ,AR,CA,CO,CT,DE,FL,GA,ID,IL,IN,IA,KS,KY,LA,ME,MD,MA,MI,MN,MS,MO,MT,NE,NV,NH,NJ,NM,NY,NC,ND,OH,OK,OR,PA,RI,SC,SD,TN,TX,UT,VT,VA,WA,WV,WI,WY,AK,HI,PR,VI
1900,5.944,0.079,3.394,1.631,0.57,3.0,-999.0,4.061,3.839,0.367,1.072,1.125,1.864,1.346,2.113,6.1,4.741,-999.0,4.288,0.848,1.662,6.747,2.22,0.511,2.049,0.0,0.0,1.785,0.462,1.775,2.557,1.181,0.469,2.695,0.21,0.789,2.0,2.324,1.232,2.79,4.939,0.022,0.695,2.659,0.52,0.068,2.03,0.08,-999.0,-999.0,-999.0,
1901,4.886,0.367,2.358,2.023,0.42,5.0,-999.0,5.566,5.079,0.117,0.804,1.245,0.922,0.357,1.347,3.411,1.866,-999.0,4.281,0.619,1.185,5.347,1.304,0.125,0.988,0.0,0.0,2.986,0.101,0.881,7.216,0.713,0.655,1.561,0.957,1.746,5.0,3.659,0.889,3.234,1.552,0.39,0.695,4.193,1.014,1.736,0.437,0.08,-999.0,-999.0,-999.0,
1902,4.084,0.0,5.476,1.788,0.685,2.0,-999.0,4.955,3.576,0.29,2.13,1.277,2.725,2.332,2.559,3.359,2.345,-999.0,1.7,0.894,1.355,4.7,2.458,0.036,2.077,0.002,0.0,2.054,1.306,1.918,1.898,0.147,0.789,4.738,0.775,0.372,1.0,3.083,0.639,3.233,3.27,0.015,0.164,0.938,1.414,0.472,1.27,0.004,-999.0,-999.0,-999.0,
1903,3.31,0.127,3.003,1.121,0.149,2.0,-999.0,4.5,4.51,0.0,1.473,1.31,1.893,1.59,1.397,3.353,0.95,-999.0,3.078,0.655,1.686,3.283,2.656,0.114,1.848,0.0,1.0,3.024,0.306,1.648,3.254,0.499,0.889,1.821,1.459,0.372,3.0,2.851,0.858,2.587,2.969,0.0,0.67,2.031,1.11,0.82,1.346,0.08,-999.0,-999.0,-999.0,
1904,1.604,0.261,3.586,2.291,0.421,1.0,-999.0,3.589,1.212,0.162,1.851,1.645,0.904,1.702,1.017,2.725,2.157,0.0,2.051,0.586,0.891,2.193,3.245,0.014,0.992,0.002,1.0,2.384,2.306,0.962,2.325,0.203,0.776,2.319,1.0,0.727,5.0,1.755,0.819,1.041,2.126,0.015,0.968,0.42,0.952,0.512,0.838,0.08,-999.0,-999.0,-999.0,
1905,4.949,0.817,4.641,1.207,0.323,1.0,-999.0,4.22,2.89,0.0,2.047,2.187,1.655,1.783,2.281,8.08,1.853,1.0,1.24,1.339,0.911,4.653,3.194,0.081,1.777,0.011,2.0,1.978,0.674,0.749,3.658,0.465,0.995,1.829,0.1,0.321,3.0,2.233,0.667,3.062,3.794,0.111,0.912,1.371,0.565,1.626,0.95,0.004,-999.0,3.955,5.0,
1906,4.872,0.758,6.659,2.348,0.358,0.0,-999.0,5.519,3.88,0.161,1.481,1.862,1.309,1.114,2.055,5.22,1.319,0.0,1.77,0.374,0.876,5.058,2.18,0.534,1.357,0.011,1.0,1.771,0.26,0.923,3.353,0.23,0.941,2.129,0.493,0.546,6.0,3.066,1.182,3.199,2.477,0.61,0.506,1.303,0.732,0.752,1.101,0.002,-999.0,6.057,-999.0,
1907,3.376,0.005,4.449,1.579,0.265,1.0,-999.0,3.09,2.724,0.001,1.586,1.81,1.429,1.103,1.103,6.762,0.915,1.0,2.174,0.04,1.084,4.591,1.995,0.299,0.673,0.011,0.0,1.861,0.411,0.612,2.903,0.128,0.704,2.471,1.256,0.26,5.0,3.26,0.61,2.545,2.746,0.005,1.4,1.869,0.896,0.252,1.682,0.0,-999.0,8.947,8.0,
1908,3.823,0.615,3.092,0.654,0.274,3.0,-999.0,3.269,4.799,0.001,1.041,0.739,1.054,1.777,1.658,4.82,0.611,0.0,0.783,0.487,0.96,3.955,2.523,0.354,1.171,0.005,0.0,2.556,0.159,0.593,3.686,0.184,0.408,5.548,0.426,0.26,4.0,4.226,1.361,1.365,3.044,0.171,0.0,2.638,0.704,0.336,0.901,0.002,-999.0,4.939,3.0,
1909,4.411,0.025,3.372,2.858,0.364,3.0,-999.0,3.711,3.174,0.001,1.64,1.76,2.172,1.816,3.38,4.828,2.526,0.0,1.08,0.912,1.309,5.825,3.879,0.236,0.883,0.002,0.0,3.026,0.088,0.689,2.732,0.377,0.956,2.249,0.962,1.188,2.0,2.212,1.012,2.916,1.674,0.327,0.017,1.706,1.108,0.41,0.883,0.004,-999.0,5.214,-999.0,
1910,2.687,0.544,3.279,0.552,0.357,3.0,-999.0,4.54,2.855,0.0,1.138,2.004,0.428,1.048,1.381,3.859,0.84,0.0,0.415,0.362,0.344,3.487,3.006,0.073,0.746,0.0,1.0,1.494,0.015,0.611,1.92,0.125,1.259,0.761,0.623,0.938,1.0,2.519,0.194,2.248,1.637,0.493,0.726,0.548,1.321,0.843,0.684,0.004,-999.0,4.87,8.0,
1911,2.866,0.262,3.072,2.479,0.128,1.0,-999.0,2.809,2.924,0.142,1.342,0.914,0.99,1.177,1.563,6.498,0.611,2.0,1.594,0.539,1.128,5.395,2.272,0.267,1.288,0.005,1.0,2.559,0.47,0.823,1.862,0.059,1.291,1.829,0.738,1.133,2.0,1.586,0.651,2.29,2.102,0.004,0.67,1.06,0.533,1.241,1.182,0.004,-999.0,4.14,1.0,
1912,5.103,0.352,3.359,0.992,0.05,1.0,-999.0,5.139,5.39,0.0,1.293,1.198,1.163,1.069,2.105,6.204,1.548,1.0,0.444,0.895,0.363,5.624,2.28,0.1,0.497,0.0,0.0,1.318,0.114,0.786,2.882,0.438,1.385,1.829,0.696,0.662,1.0,3.362,0.491,3.303,2.24,0.045,0.422,1.904,0.922,1.091,1.345,0.25,-999.0,1.677,9.0,
1913,4.102,0.0,4.787,1.497,0.205,2.0,-999.0,2.072,2.77,0.139,1.078,2.351,0.925,0.758,4.3,6.106,1.09,0.0,1.344,0.122,1.042,4.35,2.056,0.167,0.425,0.003,0.0,1.371,0.177,1.878,3.319,0.0,2.194,2.559,0.531,0.245,3.0,2.973,0.609,2.977,3.553,0.004,1.287,2.117,0.502,1.684,0.866,0.25,-999.0,4.066,6.0,
1914,2.232,0.276,2.581,2.187,0.4,1.0,-999.0,2.955,3.085,0.0,0.812,0.857,1.888,1.268,2.043,4.88,1.699,0.0,1.624,0.764,1.211,3.299,1.944,0.112,1.048,0.003,0.0,0.901,0.673,1.121,1.822,0.94,0.559,1.008,0.353,0.149,3.0,1.7,0.881,2.025,3.861,0.02,0.372,0.816,0.696,0.478,1.394,0.026,-999.0,7.516,6.0,
1915,4.746,0.286,4.679,2.343,0.323,2.0,-999.0,4.422,4.756,0.0,1.616,1.428,1.82,2.126,3.144,6.73,1.319,1.0,2.882,0.476,1.138,5.23,3.347,0.29,1.972,0.003,1.0,0.887,0.427,1.208,2.696,0.562,0.893,2.778,0.603,0.792,4.0,2.647,0.854,3.249,3.102,0.0,0.614,2.294,0.855,1.244,1.031,0.5,-999.0,9.232,5.0,
1916,4.919,0.359,2.202,2.003,0.195,2.0,-999.0,3.577,3.122,0.0,1.389,1.185,1.021,1.314,0.847,5.297,2.103,1.0,1.167,0.735,0.69,4.575,2.445,0.326,0.488,0.003,0.0,0.487,0.864,1.027,2.701,0.565,0.459,2.544,0.524,0.812,-999.0,3.063,0.405,2.735,2.48,0.011,0.726,0.818,0.837,0.328,0.85,0.024,-999.0,9.947,2.0,
1917,4.077,0.143,2.036,1.12,0.314,0.0,-999.0,2.087,3.154,0.0,1.312,1.304,0.956,0.793,1.992,2.228,1.494,0.0,1.73,0.382,0.355,2.793,1.693,0.006,1.041,0.0,0.0,1.067,0.052,0.768,2.172,0.188,0.677,0.828,0.84,1.017,-999.0,2.042,0.261,2.223,1.092,0.0,0.67,0.821,0.767,1.282,0.576,0.004,-999.0,4.371,4.0,
1918,5.028,0.502,3.512,1.042,0.247,1.0,-999.0,3.185,3.052,0.0,1.599,1.654,1.396,1.446,1.403,4.178,1.494,0.0,1.815,0.429,0.672,3.73,2.382,0.0,1.013,0.0,0.0,0.385,0.0,0.674,3.155,0.188,0.608,2.103,0.249,0.438,2.0,2.716,0.408,2.17,2.31,0.0,0.017,1.19,0.652,1.811,0.784,0.0,-999.0,11.923,5.0,
1919,5.713,0.827,5.604,1.488,0.318,2.0,-999.0,3.609,3.658,0.0,1.564,1.209,1.774,1.293,4.785,5.497,0.232,0.0,1.815,0.382,0.477,6.898,2.931,0.0,1.268,0.003,1.0,1.574,0.831,0.992,2.012,0.311,1.351,1.65,1.105,1.125,4.0,3.137,0.71,3.772,4.041,0.198,0.614,0.894,0.811,1.318,0.873,0.0,-999.0,1.649,8.0,
1920,5.067,0.095,4.435,0.786,0.262,-999.0,-999.0,4.495,5.138,0.0,0.792,0.887,0.898,1.264,3.924,7.16,2.886,0.0,3.132,0.644,0.806,5.595,2.198,0.0,1.02,0.003,2.0,2.729,0.051,1.775,2.402,0.168,1.233,2.808,0.543,0.875,3.0,2.605,0.889,3.322,2.881,0.029,1.322,2.032,0.73,0.806,0.672,0.0,-999.0,5.108,4.0,
1921,2.559,0.238,4.386,1.101,0.475,-999.0,-999.0,3.959,1.788,0.0,1.298,1.846,1.622,0.848,2.291,3.968,0.786,2.0,2.847,0.978,0.694,4.62,2.318,0.133,0.98,0.0,0.0,0.701,0.491,0.467,2.08,0.382,1.18,1.712,1.461,0.257,1.0,1.623,0.835,2.516,2.545,0.024,0.67,1.127,1.588,2.163,0.965,0.026,-999.0,5.834,8.0,
1922,4.407,0.095,2.668,1.129,0.274,1.0,-999.0,4.271,4.307,0.0,1.309,1.604,1.419,1.148,2.54,6.042,2.168,1.0,3.284,0.679,0.279,4.904,2.357,0.084,1.087,0.0,0.0,0.964,0.0,0.964,2.922,0.735,1.241,2.094,0.4,0.625,4.0,3.322,0.606,2.294,2.807,0.0,0.017,1.264,0.575,0.913,0.746,0.026,-999.0,4.88,8.0,
1923,3.833,0.286,4.048,0.309,0.48,4.0,-999.0,2.94,2.71,0.0,1.074,1.878,0.695,1.604,2.13,6.581,1.015,0.0,0.937,0.771,0.604,5.55,1.969,0.322,1.112,0.0,1.0,1.302,0.177,0.879,1.114,0.664,0.509,4.5,0.839,0.375,5.0,2.191,0.881,2.203,2.978,0.008,0.968,1.228,0.622,0.426,0.631,0.75,-999.0,8.496,7.0,
1924,3.549,0.048,1.7,0.806,0.081,2.0,-999.0,4.059,2.662,0.0,1.367,1.478,1.188,1.202,1.975,2.303,1.265,-999.0,1.185,0.309,1.051,2.78,2.058,0.132,0.73,0.0,4.0,2.5,0.0,1.663,3.559,0.521,0.664,1.166,0.78,1.188,6.0,4.124,0.267,2.701,1.477,0.0,1.322,2.608,0.71,1.732,1.319,0.25,-999.0,4.816,-999.0,
1925,4.415,0.095,2.339,0.86,0.248,2.0,-999.0,3.872,2.855,0.07,1.202,1.233,1.455,1.169,0.668,5.042,0.786,0.0,1.341,0.532,0.956,4.103,2.696,0.084,0.76,0.336,1.0,1.53,0.114,0.58,1.3,0.235,0.858,1.395,0.175,0.438,2.0,1.339,0.47,2.063,2.079,0.2,1.266,0.239,0.615,0.996,0.939,0.25,-999.0,2.709,8.0,
1926,5.184,0.262,3.462,1.855,0.119,1.0,-999.0,4.257,3.685,0.003,2.493,1.169,2.134,1.339,2.946,6.705,2.297,1.0,1.607,0.769,0.668,4.396,2.081,0.029,0.879,0.0,2.0,1.648,0.177,1.053,1.575,0.235,1.236,3.275,1.047,1.062,-999.0,2.719,0.759,3.589,3.155,0.0,1.434,1.085,0.643,1.269,1.138,0.0,-999.0,1.414,4.0,
1927,3.239,0.381,5.829,1.396,0.308,1.0,-999.0,2.251,1.923,0.0,2.253,2.425,0.663,1.83,2.191,5.56,0.492,0.0,1.482,0.464,0.493,5.513,4.685,0.382,0.444,0.0,-999.0,3.454,0.03,1.055,2.69,0.372,0.833,3.349,0.852,0.625,-999.0,2.198,0.236,2.968,2.363,0.16,2.981,1.233,1.015,0.484,0.867,0.0,-999.0,12.326,7.0,
1928,4.03,0.143,4.844,0.917,0.1,1.0,-999.0,5.178,3.922,0.0,1.314,1.242,1.762,1.727,1.692,5.605,0.0,0.0,1.813,0.33,0.808,5.467,3.669,0.0,0.766,0.0,-999.0,1.698,0.244,0.57,4.314,0.598,0.388,1.892,0.479,0.75,-999.0,4.911,0.414,2.646,2.18,0.207,0.372,1.35,0.561,0.511,0.931,0.026,-999.0,2.417,4.0,
1929,7.841,0.048,2.484,0.871,0.276,0.0,-999.0,4.054,7.059,0.0,1.502,1.685,0.635,1.332,1.568,5.43,0.232,2.0,0.474,0.662,0.44,4.527,2.849,0.167,1.02,0.0,-999.0,1.616,0.042,0.833,4.131,0.093,1.191,3.283,0.739,1.188,-999.0,4.338,0.786,2.75,2.819,0.0,0.422,2.341,0.411,0.982,0.778,0.026,-999.0,9.944,5.0,
1930,2.631,0.19,4.17,0.53,0.536,0.0,-999.0,4.701,2.571,0.0,0.843,0.538,1.203,1.683,0.342,5.205,1.798,0.0,0.713,0.296,0.527,2.966,1.445,0.074,0.786,0.0,-999.0,2.466,0.399,0.374,0.906,0.164,0.132,1.781,0.205,0.438,-999.0,1.266,0.328,1.874,2.822,0.007,0.372,0.604,0.419,0.171,0.573,0.026,-999.0,8.615,5.0,
1931,2.281,0.381,3.606,1.369,0.077,1.0,-999.0,2.776,2.166,0.0,1.7,1.685,1.832,1.359,1.237,4.915,0.003,0.0,2.265,0.532,0.898,3.766,2.546,0.023,0.554,0.0,-999.0,0.648,0.052,0.612,2.847,0.122,0.959,1.968,0.568,0.812,-999.0,1.788,0.198,1.531,1.949,0.0,1.21,0.926,1.01,0.877,0.747,0.0,-999.0,4.856,9.0,
1932,4.476,0.19,3.655,0.661,0.192,6.0,-999.0,2.435,4.7,0.0,0.926,2.41,1.346,1.055,2.747,5.848,2.507,0.0,3.137,0.667,0.371,7.276,1.61,0.133,0.774,0.0,-999.0,4.562,0.364,1.937,3.541,0.809,0.519,3.384,0.586,0.312,-999.0,4.042,0.472,3.341,3.305,0.333,0.968,1.717,1.284,0.678,0.749,0.0,-999.0,6.769,7.0,
1933,2.971,0.0,4.118,1.048,0.154,2.0,-999.0,6.332,2.468,0.0,1.252,1.712,1.362,1.276,2.802,5.976,2.168,1.0,1.165,0.317,0.436,4.24,1.877,0.356,0.836,0.0,-999.0,2.804,0.052,1.008,1.186,0.25,1.006,2.407,1.214,0.562,-999.0,2.33,0.526,4.03,2.063,0.0,0.67,0.891,1.621,1.411,0.823,0.25,-999.0,5.658,11.0,
1934,4.091,0.0,3.279,0.618,0.051,2.0,-999.0,3.504,3.957,0.0,0.884,1.18,0.861,0.69,2.217,5.909,2.332,3.0,1.145,0.341,0.37,4.401,1.86,0.044,0.543,0.0,-999.0,2.006,0.114,0.717,3.582,0.188,0.551,1.72,0.383,0.562,-999.0,2.095,0.36,2.582,1.945,0.167,0.912,2.885,1.001,0.911,1.049,0.0,-999.0,4.56,7.0,
1935,3.0,0.143,4.378,0.617,0.105,2.0,-999.0,3.219,1.922,0.0,1.519,1.379,1.373,1.823,3.984,4.775,0.711,0.0,2.202,0.318,0.615,4.876,2.195,0.1,0.962,0.0,0.0,3.428,0.0,1.344,2.221,0.812,1.28,2.065,0.256,1.0,-999.0,2.975,0.283,2.757,3.947,0.0,0.67,1.366,1.015,0.201,0.931,0.25,-999.0,6.37,10.0,
1936,5.255,0.0,3.085,1.498,0.269,6.0,-999.0,4.022,5.624,0.0,1.383,1.023,1.059,1.005,1.838,3.119,2.432,2.0,1.851,0.295,0.553,3.449,2.07,0.0,0.374,0.0,0.0,3.421,0.177,0.709,4.289,0.0,0.665,1.962,0.829,1.125,-999.0,3.818,0.424,3.053,2.706,0.007,0.315,2.409,1.139,1.602,0.567,0.0,-999.0,7.666,9.0,
1937,4.963,0.081,4.842,2.385,0.0,5.0,-999.0,5.04,2.899,0.062,1.378,2.919,0.914,0.952,2.27,4.479,3.748,1.0,1.773,0.745,0.7,2.475,2.08,0.3,0.628,0.0,2.0,1.764,0.364,1.323,2.017,0.188,2.083,1.129,1.73,1.75,-999.0,2.355,0.471,3.341,1.784,0.0,0.614,3.554,1.569,1.033,0.634,0.25,-999.0,9.286,9.0,
1938,4.289,0.359,4.636,1.443,0.256,5.0,-999.0,3.598,3.442,0.0,1.685,1.792,1.928,2.212,1.674,4.469,1.015,1.0,3.391,0.547,0.533,3.543,2.142,0.167,0.925,0.0,1.0,4.507,0.326,1.012,1.668,0.188,0.952,3.288,1.178,0.312,-999.0,2.407,0.508,2.299,2.568,0.0,1.676,1.396,0.498,0.678,1.931,0.0,-999.0,5.556,4.0,
1939,3.712,0.318,3.992,0.551,0.0,3.0,-999.0,3.628,2.863,0.0,1.559,1.721,0.886,0.884,2.219,3.433,0.711,2.0,1.509,0.16,0.47,4.777,1.502,0.068,0.485,0.0,0.0,1.493,0.0,0.272,2.213,0.438,0.692,1.144,0.623,0.625,-999.0,2.474,0.531,2.404,1.621,0.0,0.017,1.122,0.575,0.492,0.562,0.0,-999.0,5.575,4.0,
1940,4.061,0.476,2.291,2.785,0.026,2.0,-999.0,3.427,2.821,0.0,0.414,0.339,1.337,1.223,1.141,9.105,0.765,2.0,2.087,0.735,0.702,4.273,1.003,0.218,0.513,0.0,1.0,2.458,0.0,0.736,2.603,0.25,0.764,2.343,0.543,0.807,-999.0,2.578,0.367,1.331,3.429,0.0,0.017,1.72,0.468,1.663,1.31,0.0,-999.0,4.968,5.0,
1941,4.162,0.19,2.859,1.798,0.351,1.0,-999.0,5.054,3.412,0.0,1.894,0.823,1.844,2.484,1.043,5.368,0.092,1.0,1.348,0.901,0.992,2.474,3.072,0.322,0.991,0.003,1.0,1.202,0.828,0.828,2.277,0.875,0.939,3.52,1.068,0.745,-999.0,3.668,0.662,1.486,3.542,0.0,0.372,1.454,0.647,0.677,1.613,0.5,-999.0,3.713,7.0,
1942,3.231,0.0,4.168,1.235,0.439,3.0,-999.0,3.601,4.129,0.0,1.746,1.097,1.023,1.777,3.337,6.278,2.075,0.0,1.072,1.041,1.755,3.795,3.069,0.211,1.596,0.0,0.0,2.093,0.177,1.314,2.526,0.312,0.343,2.202,1.096,0.688,-999.0,2.63,1.054,2.526,3.198,0.0,0.506,3.333,0.777,0.297,1.464,0.0,-999.0,8.731,4.0,
1943,3.814,0.119,1.935,2.009,0.043,0.0,-999.0,4.137,3.982,0.0,1.7,2.509,1.392,1.038,1.177,5.442,2.834,0.0,0.401,0.443,0.988,3.174,3.03,0.2,0.68,0.0,0.0,1.013,0.177,0.588,2.537,0.125,0.663,2.436,0.971,0.312,-999.0,3.337,0.49,1.87,1.859,0.011,0.0,1.01,0.499,0.819,1.175,0.0,-999.0,4.807,6.0,
1944,4.181,0.048,4.248,0.884,0.308,4.0,-999.0,3.954,4.18,0.125,1.035,1.084,1.319,1.974,0.869,6.109,2.226,0.0,2.206,0.318,1.239,4.776,2.331,0.322,0.874,0.0,0.0,2.636,0.302,0.773,3.939,0.938,0.491,2.037,0.123,0.82,-999.0,3.322,1.18,3.315,3.426,0.0,0.422,2.479,0.35,1.084,0.697,0.5,-999.0,2.154,5.0,
1945,4.163,0.0,6.261,1.564,0.27,1.0,-999.0,5.547,2.774,0.0,1.639,2.173,1.335,1.727,1.443,6.233,0.701,2.0,1.491,0.746,0.645,3.942,3.435,0.0,0.666,0.0,0.0,2.209,0.254,1.619,3.4,0.188,1.126,3.991,1.034,0.32,-999.0,5.294,0.345,2.997,3.162,0.0,0.953,1.491,0.905,1.307,0.915,0.25,-999.0,4.154,8.0,
1946,5.568,0.571,4.816,0.962,0.36,2.0,-999.0,3.104,3.616,0.062,1.535,0.946,1.106,2.075,1.203,8.267,0.092,0.0,1.904,0.277,1.265,6.188,2.793,0.089,1.296,0.0,0.0,2.993,0.115,0.567,2.386,0.312,0.761,2.976,0.871,1.375,-999.0,3.2,0.843,2.833,3.802,0.0,0.0,1.132,0.835,0.816,0.862,0.0,-999.0,5.255,6.0,
1947,4.111,0.054,2.214,0.465,0.102,3.0,-999.0,6.566,4.25,0.0,1.66,0.833,1.721,0.986,1.33,4.89,0.092,0.0,1.83,0.807,0.789,5.267,2.682,0.105,1.017,0.0,0.0,1.592,0.017,1.081,2.658,0.688,0.807,1.276,0.662,0.688,-999.0,3.056,0.594,1.28,1.562,0.0,0.953,1.763,0.55,0.426,1.325,0.25,-999.0,3.079,3.0,
1948,6.188,0.548,3.244,0.661,0.039,0.0,-999.0,5.132,4.424,0.0,1.23,1.912,0.827,1.619,4.46,5.186,1.009,2.0,0.758,0.357,0.828,6.833,2.01,0.168,0.812,0.0,0.0,2.38,0.175,0.8,2.155,0.517,1.006,2.07,1.203,0.375,-999.0,3.864,0.542,3.707,1.426,0.0,0.953,1.998,0.7,1.522,0.184,0.0,-999.0,3.931,4.0,
1949,3.531,0.381,4.616,0.613,0.38,0.0,-999.0,5.555,2.884,0.0,1.882,2.264,0.995,1.648,2.866,4.646,0.003,1.0,0.146,0.535,1.059,4.494,2.167,0.062,0.937,0.0,0.0,0.872,0.045,1.263,2.976,0.438,0.907,1.828,0.818,0.25,0.0,2.437,0.37,2.927,3.081,0.0,1.024,2.254,0.997,0.58,0.696,0.0,-999.0,5.103,3.0,
1950,3.047,0.143,5.278,1.82,0.143,1.0,-999.0,4.42,2.585,0.0,2.723,3.18,1.895,1.678,2.418,5.712,1.669,0.0,2.034,0.698,0.718,5.383,2.282,0.067,1.148,0.0,1.0,1.872,0.126,0.817,1.802,0.625,1.367,2.987,1.621,1.125,1.0,2.326,0.681,2.713,2.132,0.0,0.953,1.137,0.794,0.701,1.393,0.0,-999.0,5.065,3.0,
1951,3.567,0.945,3.546,1.303,0.518,2.0,-999.0,4.07,2.287,0.062,2.084,1.249,1.699,3.013,2.879,3.622,2.89,1.0,1.037,0.679,1.041,5.222,2.185,0.0,1.07,0.0,0.0,1.928,0.0,0.439,1.502,0.312,0.488,2.472,0.764,0.25,1.0,1.736,0.701,3.483,1.614,0.167,0.67,1.039,0.669,0.474,0.89,0.0,-999.0,7.39,-999.0,
1952,2.253,0.001,3.247,1.796,0.156,4.0,-999.0,4.469,2.612,0.125,0.958,1.557,1.56,0.311,1.749,5.465,1.265,0.0,2.856,0.363,1.063,1.644,1.036,0.2,1.18,0.0,2.0,4.691,0.0,1.143,2.566,0.382,0.492,1.127,0.159,0.312,1.0,3.142,0.221,2.179,2.226,0.0,3.279,1.493,0.323,0.38,1.255,0.0,-999.0,3.079,3.0,
1953,3.561,0.048,3.474,0.829,0.073,3.0,-999.0,6.222,3.543,0.0,0.493,0.325,0.677,0.819,1.492,6.67,1.169,0.0,2.315,0.547,1.779,5.474,0.839,0.733,0.628,0.0,0.0,1.737,0.0,0.926,1.89,0.375,0.327,2.38,1.088,0.875,5.0,2.989,1.106,2.1,2.614,0.0,1.024,1.07,0.579,0.667,1.0,0.25,-999.0,1.784,7.0,
1954,1.433,0.405,2.304,1.307,0.064,3.0,-999.0,3.222,1.086,0.125,1.6,0.703,1.635,0.893,1.632,3.277,2.278,1.0,2.848,1.166,0.83,3.251,1.738,0.067,0.884,0.0,2.0,2.07,0.114,0.839,2.87,0.5,0.737,1.386,0.855,1.688,4.0,2.209,0.811,3.251,1.405,0.011,0.315,1.604,0.578,2.025,1.324,0.0,-999.0,4.996,12.0,
1955,3.886,0.381,2.654,2.256,0.346,4.0,-999.0,2.883,2.523,0.062,1.655,1.657,0.623,1.434,2.675,7.007,0.711,3.0,3.523,0.549,0.99,4.594,1.882,0.156,0.484,0.0,1.0,3.486,0.239,1.446,3.116,0.375,0.803,2.236,1.34,1.062,4.0,2.832,0.222,2.456,1.722,0.194,0.315,1.746,1.103,1.02,0.731,0.0,-999.0,9.57,3.0,
1956,2.943,0.0,2.469,0.957,0.128,0.0,-999.0,3.289,3.024,0.125,0.879,1.659,0.569,0.355,2.533,4.55,0.003,2.0,0.641,0.346,0.744,4.132,1.477,0.167,0.469,0.0,0.0,0.883,0.052,0.502,2.067,0.438,0.967,0.415,1.161,0.688,1.0,2.791,0.27,3.117,1.543,0.0,0.372,1.172,0.829,1.084,0.702,0.0,-999.0,4.996,6.0,
1957,4.674,0.19,6.339,0.895,0.482,1.0,-999.0,4.128,3.644,0.0,1.678,3.028,0.804,1.22,4.111,6.08,0.003,1.0,0.389,0.237,1.246,4.521,2.423,0.244,1.031,0.0,0.0,0.314,0.0,0.377,2.197,1.25,0.856,4.056,0.771,0.312,0.0,2.381,0.44,5.223,4.283,0.211,0.017,1.36,0.432,0.747,0.682,0.0,-999.0,7.172,7.0,
1958,2.536,0.335,4.586,2.027,0.301,2.0,-999.0,3.465,2.726,0.0,1.92,1.862,1.419,1.575,1.224,4.121,0.232,0.0,1.244,0.421,0.616,3.557,3.321,0.044,1.03,0.0,0.0,2.395,0.177,0.733,2.693,0.25,0.958,1.247,0.818,0.688,2.0,2.836,0.214,1.478,2.429,0.211,0.017,1.302,0.508,0.589,0.735,0.0,-999.0,8.32,6.0,
1959,2.245,0.071,2.315,1.094,0.03,5.0,-999.0,5.606,2.7,0.188,1.463,2.443,1.762,1.513,1.882,4.407,0.711,0.0,1.475,1.148,1.374,2.816,1.689,0.122,0.893,0.0,2.0,2.015,0.114,1.181,2.696,0.375,1.534,3.084,0.729,0.688,0.0,5.079,0.33,1.942,3.123,0.0,1.024,1.904,0.884,0.936,1.813,0.25,-999.0,4.297,18.0,
1960,3.155,0.048,2.838,1.115,0.038,3.0,-999.0,5.332,2.658,0.0,0.999,1.6,1.411,1.042,2.001,2.22,1.744,1.0,1.132,0.791,0.916,2.536,1.458,0.0,0.971,0.0,1.0,2.53,0.5,0.824,2.566,0.375,0.358,1.707,1.11,0.25,2.0,3.096,0.776,1.818,2.904,0.0,1.266,1.394,0.686,0.595,1.117,0.0,-999.0,3.556,3.0,
1961,6.784,0.0,4.801,0.642,0.333,0.0,-999.0,3.637,5.359,0.0,2.77,1.607,2.234,2.271,1.491,6.649,0.765,1.0,1.43,0.59,0.58,6.895,2.955,0.033,0.742,0.0,0.0,1.312,0.111,0.343,1.79,0.0,0.778,2.939,1.218,0.188,3.0,3.099,0.576,2.3,2.737,0.0,0.315,1.627,0.596,1.068,1.298,0.0,-999.0,2.524,10.0,
1962,3.956,0.0,2.265,2.486,0.158,1.0,-999.0,2.993,3.071,0.0,1.108,1.418,1.381,1.191,1.978,2.986,0.711,1.0,2.751,0.177,1.111,2.668,1.515,0.3,1.153,0.0,1.0,1.525,0.167,0.784,2.616,0.75,0.478,1.641,0.801,0.625,2.0,2.804,0.687,3.386,2.29,0.0,0.726,1.454,0.532,0.253,0.601,0.0,-999.0,2.562,9.0,
1963,4.077,0.262,2.398,1.781,0.167,0.0,-999.0,4.131,4.536,0.0,1.146,0.977,0.95,0.925,1.177,3.438,1.648,1.0,0.924,0.238,0.787,2.4,1.717,0.178,1.116,0.0,0.0,1.303,0.222,0.531,2.566,0.5,0.413,1.012,0.186,0.0,2.0,3.477,0.6,2.768,1.258,0.0,0.017,1.403,0.471,1.676,0.322,0.25,-999.0,7.094,7.0,
1964,5.487,0.19,4.353,1.178,0.228,1.0,-999.0,5.904,6.79,0.14,1.287,1.987,1.787,1.131,4.069,5.825,0.765,0.0,0.32,0.205,0.818,6.055,2.247,0.189,0.612,0.0,0.0,1.337,0.0,0.364,4.762,1.062,0.993,2.695,1.7,0.688,1.0,8.217,0.966,3.624,2.121,0.083,0.017,0.977,0.886,0.426,0.644,0.25,-999.0,5.746,3.0,
1965,3.672,0.786,3.494,1.169,0.549,1.0,-999.0,3.135,2.039,0.0,2.298,1.116,1.546,1.964,1.532,3.903,0.482,0.0,0.513,0.421,0.654,3.54,2.565,0.331,1.212,0.0,0.0,1.335,0.389,0.116,2.372,0.75,0.882,1.704,0.738,0.5,1.0,2.415,0.582,2.272,3.287,0.0,0.372,0.642,0.66,0.171,0.7,0.0,-999.0,7.76,6.0,
1966,3.417,0.144,4.26,1.629,0.282,0.0,-999.0,3.693,4.205,0.0,1.315,0.934,0.884,0.715,1.249,4.91,2.103,0.0,1.894,0.343,0.928,4.716,1.733,0.0,0.778,0.0,0.0,2.507,0.389,0.784,2.256,0.562,0.499,1.071,0.952,0.0,2.0,2.777,0.545,2.112,2.506,0.083,0.315,1.886,0.841,0.256,0.7,0.0,-999.0,4.038,2.0,
1967,2.616,0.429,3.288,1.563,0.167,2.0,-999.0,2.539,3.593,0.0,1.51,1.1,1.045,1.951,2.314,6.287,1.723,2.0,2.554,0.668,0.618,4.261,1.984,0.089,1.167,0.0,0.0,2.489,0.0,0.909,2.189,0.125,0.484,2.518,0.341,1.0,3.0,2.652,0.798,2.802,2.458,0.0,0.315,1.561,0.7,1.575,0.555,0.0,-999.0,6.399,4.0,
1968,2.04,0.001,4.976,1.147,0.022,2.0,-999.0,4.422,1.879,0.0,1.46,1.763,1.483,1.797,2.477,4.491,1.744,0.0,1.396,0.745,1.254,4.392,2.697,0.322,1.27,0.0,1.0,3.149,0.111,0.667,2.047,0.562,0.698,2.86,0.736,0.5,0.0,3.355,0.961,2.68,3.056,0.167,1.322,1.721,0.669,0.508,1.045,0.0,-999.0,6.612,3.0,
1969,5.07,0.048,3.881,2.84,0.436,4.0,-999.0,6.298,3.656,0.0,2.349,1.873,1.573,1.858,1.685,4.3,2.965,0.0,3.371,0.374,0.744,4.367,3.252,0.267,0.909,0.0,1.0,2.779,0.278,0.822,2.613,0.75,1.027,1.865,0.913,0.25,4.0,3.456,0.521,3.538,2.993,0.0,1.08,0.843,0.539,0.665,0.774,0.0,-999.0,9.344,6.0,
1970,3.622,0.405,3.277,1.899,0.218,0.0,-999.0,4.714,3.61,0.0,2.675,1.27,1.377,1.138,3.015,4.156,1.973,2.0,1.637,0.588,0.747,3.611,3.335,0.067,0.573,0.25,0.0,1.436,0.056,0.644,1.809,0.625,1.17,2.0,0.713,0.625,3.0,2.771,0.303,2.698,1.843,0.0,0.315,1.066,0.511,0.917,0.97,0.5,-999.0,3.823,9.0,
1971,4.46,0.19,1.923,0.529,0.077,2.0,-999.0,2.898,4.742,0.0,1.184,1.066,0.94,1.585,2.435,4.247,0.482,0.0,1.57,0.272,1.173,4.541,1.533,0.4,0.588,0.0,2.0,5.227,0.278,1.064,2.254,0.688,0.905,2.234,0.715,0.375,3.0,3.594,0.909,1.793,2.808,0.0,1.024,1.98,0.672,1.006,0.52,0.5,-999.0,4.552,2.0,
1972,4.926,0.524,3.509,0.537,0.128,-999.0,-999.0,5.049,3.811,0.126,1.554,0.983,1.801,1.388,2.924,4.745,2.168,1.0,2.867,0.915,0.928,5.198,2.117,0.067,0.992,0.25,0.0,3.223,0.5,1.784,2.117,0.312,0.882,2.529,1.187,1.795,6.0,2.526,0.578,3.708,2.149,0.0,0.614,2.631,1.228,1.197,1.67,0.0,-999.0,5.001,4.0,
1973,5.346,0.0,6.592,1.47,0.171,2.0,-999.0,3.602,4.886,0.001,1.811,1.243,1.781,2.359,2.5,7.837,3.605,0.0,2.98,0.257,0.841,7.252,3.281,0.178,1.475,0.0,2.0,2.958,0.0,0.935,3.113,0.75,0.639,3.112,0.885,0.581,3.0,3.72,0.59,4.935,3.823,0.0,1.974,1.226,0.6,0.916,0.811,0.5,-999.0,3.311,6.0,
1974,3.752,0.143,5.364,1.306,0.14,4.0,-999.0,4.544,2.783,0.001,1.346,1.155,1.482,1.292,2.722,5.914,1.689,1.0,1.184,0.284,0.729,6.256,2.628,0.2,0.66,0.0,0.0,1.971,0.278,0.663,2.722,0.375,0.884,3.538,1.466,0.864,0.0,2.079,0.243,2.962,3.245,0.167,0.315,0.868,0.65,0.848,0.73,0.0,-999.0,5.58,7.0,
1975,5.44,0.143,2.913,0.791,0.282,5.0,-999.0,3.87,3.442,0.0,1.662,1.22,1.115,1.628,4.272,5.794,0.461,2.0,4.501,0.79,0.962,6.455,2.012,0.309,1.028,0.0,1.0,3.628,0.056,1.237,3.007,0.805,1.068,2.922,0.64,0.614,4.0,2.986,0.372,3.761,2.163,0.0,1.255,1.745,1.047,0.763,0.848,0.0,-999.0,6.909,9.0,
1976,5.308,0.286,2.694,0.425,0.134,0.0,-999.0,3.094,4.435,0.125,0.724,1.082,0.743,0.922,1.859,3.492,2.181,1.0,0.606,0.234,0.286,2.776,1.393,0.133,0.646,0.0,1.0,1.46,0.056,0.999,1.868,0.188,0.405,1.083,0.347,0.295,3.0,3.66,0.42,2.339,2.478,0.0,1.62,1.434,0.455,0.819,0.628,0.0,-999.0,5.741,6.0,
1977,5.88,0.0,2.895,1.22,0.247,1.0,-999.0,2.965,3.274,0.062,1.772,2.28,1.636,1.935,1.42,4.471,4.241,0.0,2.901,0.338,0.941,5.614,2.528,0.022,1.253,0.0,0.0,2.399,0.278,1.436,3.838,0.375,0.655,2.57,1.163,1.152,2.0,2.57,0.773,3.601,1.789,0.083,0.372,0.789,0.561,0.413,0.435,0.0,-999.0,3.315,5.0,
1978,3.077,0.716,3.496,1.426,0.173,4.0,-999.0,3.345,2.799,0.0,1.284,1.059,2.069,1.134,4.402,4.879,0.482,1.0,3.049,0.926,1.259,3.586,1.714,0.344,0.936,0.25,0.0,2.523,0.5,0.82,2.582,0.5,0.479,1.614,0.305,0.223,4.0,1.475,0.567,2.659,2.374,0.333,0.67,1.585,0.374,2.306,2.29,0.25,-999.0,4.759,9.0,
1979,6.319,0.144,5.849,1.634,0.246,5.0,-999.0,5.145,4.161,0.0,1.621,2.003,1.618,1.738,4.8,6.637,1.473,0.0,2.83,0.386,1.303,8.838,2.239,0.074,1.091,0.0,-999.0,4.435,0.278,1.238,4.148,0.091,1.703,2.981,0.247,0.509,6.0,4.395,0.637,4.758,3.222,0.0,0.614,2.904,0.702,0.356,0.412,0.0,-999.0,8.088,10.0,
1980,5.364,0.716,2.861,1.796,0.232,3.0,-999.0,3.68,3.199,0.062,0.916,0.848,1.28,0.79,0.818,6.858,0.482,2.0,1.455,0.58,0.992,7.271,0.672,0.348,0.481,0.0,-999.0,1.584,0.667,1.107,1.949,0.5,1.13,2.271,1.175,1.0,3.0,2.53,0.536,2.207,2.102,0.0,0.614,0.525,0.752,0.917,1.246,0.0,-999.0,5.991,5.0,
1981,2.828,0.0,2.455,1.896,0.44,1.0,-999.0,4.376,2.818,0.0,2.049,2.012,1.468,1.082,2.482,3.094,1.952,0.0,1.15,0.651,0.907,2.851,3.273,0.2,0.956,0.0,2.0,1.345,0.222,0.552,2.242,0.625,1.265,2.449,0.836,0.438,1.0,2.661,0.482,1.729,3.311,0.0,0.372,0.696,1.05,0.256,0.916,0.0,-999.0,5.663,-999.0,
1982,4.784,0.238,5.191,2.183,0.218,6.0,-999.0,5.841,3.604,0.124,2.949,1.768,1.779,1.164,1.823,5.843,0.232,3.0,2.313,0.745,0.66,6.111,3.957,0.241,1.002,0.0,1.0,0.965,0.222,0.417,2.712,0.5,0.726,2.839,1.386,0.438,4.0,2.63,0.858,2.893,2.288,0.167,0.726,1.311,1.183,0.592,1.385,0.25,-999.0,11.903,-999.0,
1983,7.625,0.571,3.268,2.849,0.125,5.0,-999.0,5.263,4.766,0.0,2.126,1.688,1.098,0.788,3.077,8.148,2.965,-999.0,4.132,0.554,1.24,8.536,2.851,0.2,0.864,0.0,1.0,2.909,0.056,1.754,2.348,0.25,0.82,2.692,0.869,0.438,6.0,3.066,0.411,3.537,2.114,0.167,0.017,1.187,0.894,0.256,1.034,0.307,-999.0,3.264,1.0,
1984,3.43,0.095,4.753,0.363,0.135,4.0,-999.0,5.174,2.654,0.0,1.379,0.91,1.316,1.267,2.85,5.256,2.661,0.0,3.089,0.262,1.266,4.808,2.162,0.089,0.959,0.0,3.0,3.302,0.111,0.948,3.415,0.125,0.346,1.633,0.831,1.312,1.0,3.371,0.711,3.894,1.828,0.0,0.912,2.44,0.789,1.322,1.479,0.0,-999.0,5.663,4.0,
1985,2.46,0.071,4.08,0.806,0.322,3.0,-999.0,3.971,3.239,0.0,1.834,2.042,1.328,2.453,0.782,7.434,0.461,6.0,2.072,1.446,1.733,4.117,4.316,0.067,1.245,0.0,1.0,2.332,0.167,0.804,2.903,0.312,1.227,4.918,0.26,0.93,6.0,3.333,0.585,1.557,3.111,0.0,0.614,1.547,0.582,1.675,1.229,0.25,-999.0,5.362,10.0,
1986,3.716,0.143,2.928,1.877,0.184,5.0,-999.0,3.643,2.345,0.0,1.733,1.621,1.906,2.406,1.262,4.601,0.711,0.0,3.483,1.319,1.722,3.412,3.558,0.189,1.053,0.0,1.0,2.579,0.5,0.343,1.583,0.25,0.918,4.617,0.418,0.366,4.0,2.716,0.816,2.937,3.133,0.167,0.726,0.897,1.564,0.578,1.746,0.25,-999.0,4.297,8.0,
1987,1.745,0.216,5.368,0.848,0.081,2.0,-999.0,4.789,1.601,0.144,1.327,0.898,1.784,1.796,1.8,4.512,2.181,0.0,2.793,0.531,0.955,3.617,1.83,0.156,1.456,0.0,3.0,3.596,0.222,1.037,3.181,0.625,0.706,3.218,0.649,0.688,1.0,2.529,0.667,1.788,2.784,0.0,2.683,2.573,0.822,0.574,0.758,0.0,-999.0,9.051,5.0,
1988,4.129,0.0,3.92,0.823,0.094,4.0,-999.0,4.958,2.316,0.0,0.823,1.209,0.741,0.891,3.288,4.778,0.711,0.0,2.268,0.577,0.759,4.142,2.165,0.144,0.896,0.0,0.0,0.103,0.222,0.69,1.401,0.125,0.949,2.053,0.36,0.312,4.0,2.215,0.479,3.311,1.677,0.167,0.614,0.94,0.573,0.743,0.589,0.0,-999.0,5.959,9.0,
1989,4.546,0.143,4.357,0.911,0.226,4.0,-999.0,2.246,4.708,0.188,1.829,2.339,1.583,1.683,3.943,5.36,1.744,1.0,0.975,0.715,1.064,6.276,1.571,0.116,1.223,0.0,1.0,3.399,0.111,1.537,3.646,0.188,1.259,3.953,0.285,0.312,5.0,3.379,0.812,4.852,2.224,0.001,1.024,1.342,0.7,0.901,0.851,0.0,-999.0,10.911,6.0,
1990,4.289,0.333,5.336,0.704,0.152,2.0,-999.0,2.193,3.645,0.0,2.74,3.458,2.31,1.152,3.901,5.362,1.169,2.0,1.867,0.85,1.098,5.654,2.265,0.033,0.683,0.0,0.0,4.212,0.111,1.045,3.079,0.375,1.604,3.597,0.474,0.5,2.0,4.413,0.894,4.115,3.349,0.0,1.918,2.555,1.381,0.507,1.138,0.25,-999.0,6.102,4.0,
1991,3.564,0.19,5.113,1.318,0.141,2.0,-999.0,4.675,4.531,0.0,1.588,1.018,1.364,0.853,2.541,10.238,1.952,0.0,3.16,1.182,1.251,8.401,1.396,0.1,0.61,0.0,2.0,1.847,0.5,0.533,2.059,0.625,0.771,3.195,0.378,0.0,3.0,3.231,0.602,5.284,4.118,0.0,0.67,1.632,0.941,0.001,1.916,0.25,-999.0,4.432,3.0,
1992,4.012,0.595,2.774,1.442,0.22,3.0,-999.0,3.05,4.383,0.216,1.207,1.742,1.56,1.431,1.431,7.334,0.961,-999.0,1.27,0.28,0.665,4.669,2.053,0.111,1.103,0.0,0.0,2.376,0.167,0.463,2.762,0.25,0.579,2.373,0.29,0.938,3.0,5.092,0.577,2.216,2.96,0.0,0.017,1.683,0.41,0.255,0.96,0.0,-999.0,6.214,-999.0,
1993,2.849,0.738,3.622,1.818,0.079,2.0,-999.0,2.773,2.599,0.0,2.376,2.957,2.603,2.252,1.553,5.661,0.482,0.0,1.441,0.752,1.517,4.144,4.474,0.289,1.29,0.0,1.0,2.539,0.278,0.474,3.04,1.062,0.53,2.405,0.469,0.625,2.0,2.804,0.701,2.166,2.335,0.0,0.0,1.575,0.558,0.426,1.576,0.25,-999.0,3.371,3.0,
1994,3.539,0.19,3.723,0.641,0.064,2.0,-999.0,4.521,4.853,0.188,1.29,1.068,0.85,1.085,1.603,4.486,1.473,1.0,1.703,0.765,1.135,5.669,3.406,0.144,0.63,0.0,1.0,1.181,0.111,1.014,2.749,0.625,0.65,3.071,0.888,1.188,5.0,4.681,0.742,4.699,3.216,0.001,0.017,1.726,0.929,1.395,1.188,0.0,-999.0,6.296,7.0,
1995,5.987,0.262,3.068,3.898,0.203,-999.0,-999.0,4.955,4.121,0.0,1.984,2.143,0.978,2.041,3.705,7.514,0.003,1.0,1.495,0.569,1.053,5.622,3.035,0.267,0.772,0.0,0.0,2.093,0.222,1.45,3.767,0.562,1.064,3.322,1.076,0.562,2.0,3.978,1.191,2.599,2.812,0.0,1.4,3.05,1.155,1.336,1.184,0.25,-999.0,2.339,4.0,
1996,4.07,0.214,3.228,2.366,0.335,5.0,-999.0,4.599,3.293,0.144,2.22,2.487,1.513,2.695,2.571,4.289,4.282,1.0,3.715,0.703,0.621,3.985,3.148,0.156,1.208,0.0,3.0,4.022,0.167,1.874,2.864,0.125,1.214,2.978,2.599,1.688,3.0,3.194,0.571,2.764,2.215,0.0,1.4,3.309,1.359,2.669,1.162,0.0,-999.0,9.279,7.0,
1997,4.343,0.524,3.236,1.422,0.436,1.0,-999.0,5.281,5.222,0.0,1.05,1.333,1.154,1.756,3.787,5.699,0.961,1.0,1.396,0.409,1.063,6.232,1.583,0.256,0.882,0.0,0.0,2.324,0.278,0.458,1.706,0.375,1.124,3.628,0.417,0.312,3.0,3.336,0.594,3.735,3.581,0.0,1.4,1.236,0.89,0.832,0.885,0.0,-999.0,4.519,3.0,
1998,4.522,0.0,2.827,2.281,0.372,-999.0,-999.0,5.725,4.902,0.312,1.643,2.553,1.868,2.054,2.541,7.472,2.181,1.0,5.332,0.644,0.989,4.992,2.969,0.211,1.21,0.0,0.0,2.037,0.0,1.573,4.055,1.312,1.802,4.259,1.489,0.625,7.0,4.362,1.016,3.625,4.011,0.0,1.932,1.672,1.187,0.086,1.418,0.0,-999.0,2.524,4.0,
1999,4.528,0.333,3.21,0.84,0.41,-999.0,-999.0,3.716,2.085,0.0,1.432,0.971,1.416,1.754,1.675,5.033,2.257,0.0,2.339,0.614,1.233,4.615,1.976,0.067,1.477,0.0,3.0,2.852,0.389,1.293,4.319,0.375,0.898,2.948,0.81,1.188,4.0,3.402,0.762,3.303,2.019,0.0,1.4,1.342,1.183,0.256,1.326,0.25,-999.0,3.857,4.0,
2000,2.793,0.47,3.493,1.486,0.135,-999.0,-999.0,2.763,1.86,0.0,1.989,2.286,1.157,1.276,2.249,4.42,2.507,0.0,3.003,0.937,0.801,3.912,2.429,0.311,0.822,0.0,2.0,2.233,0.389,1.238,1.502,0.234,1.73,2.79,0.375,0.125,4.0,2.228,0.599,2.429,2.941,0.167,0.017,1.542,0.473,1.254,1.986,0.25,-999.0,4.145,7.0,
2001,5.672,0.071,5.612,1.133,0.038,-999.0,-999.0,4.787,2.317,0.0,1.519,1.739,1.605,1.874,1.596,6.676,0.232,1.0,2.067,0.555,1.271,6.37,2.373,0.222,1.4,0.0,0.0,1.211,0.0,0.714,1.666,0.438,0.966,3.285,0.353,1.0,3.0,1.525,0.762,2.752,2.909,0.0,1.862,1.449,0.93,0.593,1.267,0.0,-999.0,4.33,8.0,
2002,3.959,0.0,4.599,1.741,0.103,1.0,-999.0,4.463,3.271,0.0,2.461,1.642,1.196,0.922,3.474,6.115,0.003,0.0,1.037,0.465,2.138,7.244,2.558,0.422,0.483,0.0,0.0,2.488,0.222,1.413,2.353,1.025,0.687,2.616,0.663,0.25,2.0,2.568,0.846,4.81,3.797,0.0,1.08,1.533,0.682,1.213,1.299,0.0,-999.0,4.889,8.0,
2003,5.098,0.333,2.494,1.046,0.269,1.0,-999.0,4.07,4.42,0.144,1.968,2.365,1.29,1.518,1.424,4.879,1.569,1.0,2.818,0.276,0.587,5.336,2.422,0.0,0.95,0.0,1.0,1.656,0.167,1.06,4.051,0.239,1.257,2.366,0.598,0.638,2.0,3.034,0.713,4.82,2.231,0.0,1.732,2.568,1.442,2.069,0.832,0.0,-999.0,2.816,7.0,
2004,4.527,0.643,4.411,2.0,0.321,3.0,-999.0,6.112,3.782,0.062,1.493,1.792,2.142,1.445,2.795,7.571,1.494,2.0,2.786,0.616,1.844,6.579,2.671,0.067,0.607,0.0,0.0,3.38,0.333,1.595,2.996,0.421,1.687,2.826,0.22,2.495,2.0,3.345,0.91,4.007,4.164,0.167,0.017,1.952,0.753,1.294,1.299,0.0,-999.0,10.302,6.0,
2005,3.739,0.048,2.075,2.117,0.024,3.0,-999.0,5.56,3.72,0.062,0.709,2.392,1.287,1.638,1.203,3.743,4.861,-999.0,4.165,0.902,1.566,5.008,2.204,0.013,0.963,0.0,3.0,2.939,0.294,2.182,2.27,1.108,1.323,2.071,0.925,1.695,4.0,3.085,0.798,1.98,1.71,0.25,1.322,1.499,1.128,0.722,0.921,0.0,-999.0,4.992,7.0,
2006,3.673,0.182,4.467,1.308,0.19,4.0,-999.0,3.676,1.986,0.0,1.514,2.843,1.26,1.497,2.525,4.808,2.278,0.0,3.305,0.893,0.727,4.245,2.315,0.334,1.148,0.0,0.0,4.09,0.222,1.597,3.019,0.125,1.656,2.466,0.844,0.812,4.0,3.583,0.503,2.183,2.469,0.333,2.385,3.039,1.244,0.985,0.906,0.0,-999.0,5.366,9.0,
2007,1.858,0.5,4.003,0.372,0.269,1.0,-999.0,3.369,2.683,0.125,1.35,1.689,2.851,2.369,2.225,4.108,2.857,-999.0,2.154,0.318,0.891,3.332,2.987,0.222,1.914,0.0,1.0,2.834,0.222,1.497,2.018,0.75,1.289,5.236,0.594,0.562,5.0,1.647,1.325,1.047,3.287,0.0,0.67,1.169,1.035,1.165,1.541,0.25,-999.0,3.034,6.0,
2008,4.367,0.357,5.717,1.428,0.268,4.0,-999.0,4.281,3.667,0.0,2.896,3.196,2.749,2.447,1.612,5.223,2.911,5.0,4.325,1.162,0.664,4.446,5.933,0.089,1.738,0.003,2.0,3.263,0.278,1.068,2.461,0.375,1.052,3.911,0.115,0.438,5.0,2.938,0.892,3.149,2.214,0.168,1.676,1.862,0.774,0.596,1.53,0.64,-999.0,6.325,5.0,
2009,7.02,0.048,8.02,1.354,0.267,1.0,-999.0,3.292,5.126,0.0,2.363,2.026,1.457,2.077,2.362,6.533,2.986,1.0,1.132,0.273,0.816,7.742,4.409,0.038,0.85,0.0,1.0,2.752,0.247,0.503,2.824,0.438,0.67,3.563,0.489,0.188,3.0,3.677,0.412,3.6,2.834,0.006,0.67,1.648,1.133,0.686,0.685,0.0,-999.0,5.26,4.0,
2010,4.824,0.859,2.279,1.49,0.142,3.0,-999.0,3.936,3.268,0.0,2.159,1.572,2.343,1.918,3.079,2.648,3.673,1.0,4.272,1.478,1.517,3.724,3.456,0.038,1.414,0.33,3.0,3.24,0.169,2.203,3.566,0.625,0.893,3.221,0.484,1.75,6.0,2.54,1.607,4.179,2.649,0.0,1.322,2.155,0.642,1.237,2.5,0.64,-999.0,2.742,4.0,
2011,4.907,0.119,5.85,1.033,0.344,5.0,-999.0,5.372,1.966,0.125,2.132,3.399,1.122,1.048,4.407,3.801,1.015,0.0,4.045,1.145,0.744,5.032,2.558,0.327,1.066,0.0,-999.0,5.792,0.0,2.656,2.549,0.57,1.606,2.267,0.571,1.062,5.0,1.623,0.694,4.733,1.401,0.0,2.329,1.516,0.586,1.32,1.018,0.307,-999.0,3.376,10.0,
2012,4.004,0.151,2.265,1.109,0.066,1.0,-999.0,4.517,2.884,0.0,1.12,1.019,0.74,0.647,0.591,5.625,3.14,1.0,3.18,0.282,1.459,6.168,1.883,0.003,0.409,0.0,-999.0,2.851,0.0,0.761,2.141,0.322,0.804,1.852,1.715,0.846,3.0,2.402,0.412,2.255,2.282,0.0,1.378,0.945,1.225,0.844,0.867,0.307,-999.0,0.752,1.0,
2013,4.478,0.303,4.97,0.381,0.373,2.0,-999.0,3.884,5.844,0.073,2.555,3.038,1.581,1.591,3.797,6.649,3.04,2.0,3.535,1.207,0.993,5.254,2.768,0.089,1.218,0.0,-999.0,2.867,0.335,1.887,3.593,0.537,1.63,2.461,0.327,0.875,4.0,4.428,0.855,4.76,2.571,0.167,0.726,3.004,0.467,0.687,1.451,0.0,-999.0,3.404,5.0,
2014,5.75,0.442,2.497,1.86,0.154,3.0,-999.0,4.093,5.113,0.0,2.127,2.41,3.28,1.563,3.42,5.443,3.519,2.0,3.408,0.893,0.868,6.148,2.698,0.368,1.6,0.0,-999.0,3.742,0.335,0.912,2.137,1.18,0.867,1.425,0.115,0.75,4.0,2.309,0.717,2.635,2.476,0.0,0.164,2.214,0.654,0.678,1.655,0.5,-999.0,5.518,4.0,
2015,3.025,0.414,6.988,0.783,0.179,1.0,-999.0,3.551,3.66,0.215,3.074,3.119,2.498,2.458,2.471,7.399,2.007,1.0,1.451,0.847,1.178,4.751,4.67,0.067,1.272,0.0,-999.0,1.68,0.358,1.378,2.885,0.822,1.496,6.901,1.082,0.938,3.0,4.819,1.076,3.655,5.363,0.0,1.227,2.119,0.876,0.58,1.487,0.64,-999.0,7.398,4.0,
2016,3.857,0.081,5.138,1.492,0.153,1.0,-999.0,5.22,3.424,0.186,2.248,1.346,2.84,2.367,1.932,7.941,1.777,1.0,1.122,0.926,1.721,4.219,2.688,0.074,1.395,0.0,-999.0,1.07,0.045,1.536,2.954,0.894,0.351,1.88,1.084,1.0,1.0,3.483,0.884,2.561,3.579,0.0,0.695,1.788,0.994,1.575,2.152,0.0,-999.0,4.33,2.0,
2017,5.732,0.0,4.721,2.571,0.23,3.0,-999.0,5.0,4.012,0.0,2.28,1.969,1.593,1.711,3.27,6.33,1.494,3.0,2.075,0.993,0.99,5.492,3.636,0.145,1.285,0.003,-999.0,3.001,0.348,1.425,2.992,0.699,1.944,2.923,0.659,1.0,3.0,3.25,0.589,3.628,2.964,0.167,0.164,2.744,1.371,0.942,1.011,0.0,-999.0,4.071,9.0,
2018,5.676,0.096,6.074,1.431,0.231,5.0,-999.0,2.826,5.846,0.14,2.822,3.629,2.974,2.176,1.873,5.659,1.015,4.0,4.039,1.342,1.27,4.819,2.086,0.108,1.269,0.0,-999.0,2.189,0.358,1.112,5.64,0.511,1.498,4.462,0.16,2.496,4.0,4.156,1.049,4.231,4.046,0.0,0.695,3.594,1.174,0.857,2.538,0.0,-999.0,6.102,4.0,
2019,3.306,0.166,5.666,2.498,0.0,3.0,-999.0,3.56,4.769,0.0,2.101,1.732,1.673,2.586,2.775,6.918,1.265,2.0,2.197,0.859,1.457,5.878,3.873,0.427,1.33,0.0,-999.0,0.617,0.295,0.798,2.656,0.623,1.016,4.229,0.449,0.577,3.0,2.717,1.36,5.374,2.653,0.0,2.289,1.042,0.836,0.21,1.22,0.024,-999.0,3.589,3.0,
2020,6.429,0.005,5.089,0.444,0.075,1.0,-999.0,3.91,7.208,0.124,1.979,1.93,1.159,1.36,2.169,5.801,2.965,1.0,2.44,1.264,1.49,5.921,2.135,0.108,0.849,0.0,-999.0,2.469,0.101,1.114,6.642,0.373,0.997,2.099,0.348,1.162,4.0,5.22,0.344,4.215,2.747,0.0,1.227,3.56,0.927,0.595,1.798,0.075,-999.0,2.318,8.0,
2021,4.035,0.782,3.137,1.922,0.499,4.0,-999.0,4.295,5.225,0.0,2.309,2.149,1.53,1.987,3.466,7.974,1.08,1.0,3.282,1.092,0.762,6.56,2.658,0.035,1.55,0.0,-999.0,5.078,0.123,2.616,2.405,0.523,1.512,2.354,0.369,1.329,4.0,2.079,0.302,3.426,3.04,0.083,0.164,1.614,1.419,0.614,1.056,0.075,-999.0,7.006,2.0,
