Year,AK,AL,AR,AZ,CA,CO,CT,DE,FL,GA,HI,IA,ID,IL,IN,KS,KY,LA,MA,MD,ME,MI,MN,MO,MS,MT,NC,ND,NE,NH,NJ,NM,NV,NY,OH,OK,OR,PA,RI,SC,SD,TN,TX,UT,VA,VT,WA,WI,WV,WY
1895,-999.0,63.57,59.9,59.57,57.97,44.37,49.87,55.93,71.13,64.17,-999.0,47.93,42.57,51.53,51.6,54.23,55.73,66.23,48.93,54.97,42.5,44.33,41.1,54.67,63.6,40.17,59.83,38.27,48.0,44.3,53.2,51.67,48.8,46.5,51.27,59.07,44.7,49.57,51.23,63.83,43.93,58.0,62.93,46.4,56.13,43.23,44.7,43.57,53.07,39.63
1896,-999.0,65.47,61.37,60.2,58.03,43.4,49.83,56.4,72.97,66.1,-999.0,43.77,41.13,50.8,51.5,51.63,56.37,68.07,48.93,55.8,41.83,42.67,36.03,53.77,64.87,34.9,60.57,32.23,43.2,44.57,53.27,53.0,49.83,46.9,51.13,58.97,44.8,50.07,50.97,64.83,37.6,59.03,64.17,46.43,56.9,44.03,43.47,40.23,53.77,37.07
1897,-999.0,65.63,63.73,60.33,57.37,47.27,49.9,56.63,71.4,65.4,-999.0,52.67,43.9,56.8,55.77,57.77,59.57,68.77,48.63,55.8,42.47,47.43,44.3,59.67,66.57,40.77,60.93,42.57,51.5,43.93,53.3,54.37,49.8,47.37,54.53,62.7,46.17,50.83,50.4,64.6,47.6,61.1,66.1,47.67,57.6,43.4,45.1,47.13,54.77,42.93
1898,-999.0,62.0,60.0,60.6,58.53,42.63,50.8,56.6,71.67,62.97,-999.0,47.27,40.97,52.2,52.7,52.23,56.63,65.3,50.13,55.97,44.2,46.17,40.63,54.47,62.3,38.67,59.53,38.27,45.67,45.87,53.9,52.4,48.7,48.47,52.77,58.87,45.53,51.0,52.07,62.53,42.67,58.2,63.63,45.47,56.5,45.1,45.67,44.77,53.3,38.87
1899,-999.0,64.7,63.03,61.7,59.03,46.73,49.5,55.9,71.93,64.77,-999.0,53.3,44.8,55.9,55.47,58.03,58.63,67.53,48.83,55.3,43.03,47.3,45.57,59.1,65.4,44.2,60.33,43.7,52.0,44.23,53.13,54.07,50.9,47.83,54.2,62.9,47.3,50.57,50.67,63.83,48.33,60.27,66.2,48.4,56.67,44.13,48.63,47.67,54.3,42.17
1900,-999.0,66.83,64.37,60.0,57.77,46.03,53.5,60.07,73.07,66.9,-999.0,51.43,42.27,56.07,56.77,56.53,60.73,70.53,51.9,59.8,45.5,49.1,43.97,58.47,67.37,40.27,63.23,39.97,50.37,47.83,57.13,54.4,48.6,50.93,56.27,63.1,45.87,54.43,53.7,66.53,46.0,62.37,67.17,47.1,60.4,47.2,45.0,47.27,57.53,41.43
1901,-999.0,61.2,61.1,62.07,59.33,47.23,48.53,54.13,69.33,61.5,-999.0,49.77,44.7,52.67,52.23,56.47,54.7,65.67,47.77,53.27,42.1,45.8,42.4,56.7,62.4,42.93,57.03,41.67,50.53,43.6,51.6,54.83,51.57,45.83,51.23,62.57,47.97,48.53,49.67,60.9,47.07,56.07,66.9,49.03,53.5,42.83,47.93,44.87,50.83,42.7
1902,-999.0,64.77,61.4,61.27,58.1,45.47,51.73,58.2,73.2,65.07,-999.0,50.03,43.0,54.77,55.4,54.9,59.3,68.23,50.17,57.2,44.57,47.37,42.53,56.7,65.37,41.1,61.13,40.27,49.33,46.1,55.17,53.33,49.77,49.17,54.93,60.43,46.37,52.4,52.23,64.53,45.6,60.07,66.23,47.8,57.9,45.43,46.47,46.03,55.43,41.23
1903,-999.0,62.33,58.7,61.2,59.53,45.27,49.1,54.8,69.7,62.6,-999.0,48.03,42.47,51.7,51.73,54.07,55.23,65.13,48.33,53.97,43.13,45.3,41.0,54.03,62.63,40.9,57.5,39.9,48.93,44.23,52.0,53.57,51.07,46.53,51.4,59.17,47.1,49.13,49.97,61.27,44.93,57.0,63.9,47.4,54.2,43.47,45.57,43.83,51.23,40.4
1904,-999.0,64.57,61.9,60.3,59.47,46.33,47.27,53.87,70.9,64.2,-999.0,51.37,46.5,53.7,52.73,56.83,56.63,67.73,46.03,53.43,39.77,45.73,44.53,56.93,65.17,45.6,57.9,44.67,51.8,41.07,50.73,52.97,51.0,44.53,51.93,62.33,49.33,48.8,47.77,62.17,49.27,58.2,65.37,48.33,54.73,39.93,49.27,46.1,52.5,44.07
1905,-999.0,65.1,61.97,60.5,58.23,45.5,49.47,55.83,72.73,65.47,-999.0,50.1,42.27,53.47,52.97,55.57,56.83,68.77,48.07,54.9,41.83,46.33,43.7,56.0,65.63,42.23,59.9,42.93,49.93,43.6,52.63,53.17,48.8,46.67,51.67,61.3,45.37,49.6,50.0,64.33,46.77,59.37,66.33,46.6,56.07,43.03,44.9,45.5,52.7,40.8
1906,-999.0,64.63,60.53,59.43,58.67,44.13,50.97,57.03,71.97,64.57,-999.0,49.83,43.9,53.73,53.8,53.53,57.73,67.6,49.6,56.43,43.17,47.57,44.27,55.53,65.07,43.1,60.3,43.73,48.47,45.27,54.13,51.63,48.9,47.87,53.4,59.03,47.77,51.33,51.23,63.67,46.67,59.23,63.27,46.67,56.97,44.4,46.77,46.5,54.8,40.8
1907,-999.0,63.17,60.63,60.53,58.23,45.93,49.13,54.47,71.47,63.4,-999.0,48.67,45.27,51.5,50.43,55.17,55.1,66.97,47.8,53.57,41.83,44.43,42.17,54.87,63.53,44.07,58.37,41.4,49.5,43.13,51.93,52.7,50.07,45.7,50.37,60.53,48.57,48.5,49.8,62.47,45.83,57.23,64.77,48.67,54.53,42.43,48.47,43.93,51.23,42.27
1908,-999.0,63.87,61.27,59.1,57.77,44.07,51.7,55.97,70.6,63.53,-999.0,51.5,43.17,55.03,54.73,55.23,57.9,66.47,50.27,55.1,45.3,49.2,46.13,56.7,64.3,42.93,58.97,44.2,50.8,46.6,53.9,51.07,48.33,49.4,53.67,59.93,47.27,51.3,52.07,62.63,48.47,58.97,64.17,45.43,55.6,46.5,47.4,48.3,53.4,40.5
1909,-999.0,66.0,64.67,60.17,57.87,46.03,50.33,54.83,71.77,64.87,-999.0,50.23,44.37,54.3,53.43,56.9,57.9,69.73,49.4,54.57,44.67,46.47,43.53,58.63,66.93,43.23,58.8,42.9,50.23,45.43,52.37,53.87,50.17,47.3,52.8,63.47,48.03,50.03,51.1,62.97,46.67,60.0,67.2,48.5,55.6,44.47,47.3,45.97,53.17,42.77
1910,-999.0,64.9,62.87,62.53,59.03,48.27,50.13,55.67,70.37,64.53,-999.0,49.37,44.87,52.77,52.23,57.0,56.73,68.6,48.8,55.37,42.97,45.67,42.77,56.23,65.57,42.93,59.27,41.7,51.5,44.67,53.17,55.5,51.63,46.87,52.13,63.43,46.73,50.33,50.33,63.47,47.33,59.07,66.9,50.63,55.93,43.7,46.8,44.33,53.33,43.83
1911,-999.0,66.27,62.03,59.53,56.47,44.13,48.63,55.73,73.7,66.4,-999.0,46.87,40.3,52.1,52.13,54.77,57.7,68.6,47.4,55.23,41.4,44.13,38.2,55.6,66.17,37.77,60.97,37.27,47.47,43.33,52.4,52.87,47.57,45.6,51.97,61.8,44.67,49.53,49.57,64.93,42.0,60.7,65.63,46.03,56.57,42.37,44.53,41.77,54.2,38.67
1912,-999.0,64.33,61.87,57.87,56.83,43.17,51.23,57.33,71.83,64.57,-999.0,50.3,40.7,54.4,53.73,55.1,57.5,67.87,50.0,56.93,43.9,47.77,44.2,56.63,64.83,40.53,60.37,41.87,49.1,45.6,54.67,51.03,47.53,48.63,53.73,61.0,44.8,52.07,51.83,63.87,46.17,59.17,65.3,45.07,57.33,45.17,45.17,46.53,54.4,38.7
1913,-999.0,63.27,62.07,60.17,59.93,44.73,51.53,56.83,70.07,62.8,-999.0,51.33,43.2,54.97,54.47,55.53,57.83,67.27,50.57,56.17,45.83,47.83,44.0,57.37,64.53,42.27,58.63,42.8,50.0,47.17,54.7,52.57,50.13,49.3,53.23,60.67,46.83,51.43,52.27,61.63,47.43,59.17,64.63,47.5,56.2,46.57,45.97,46.53,53.27,40.93
1914,-999.0,63.1,62.07,62.07,59.03,47.5,51.03,55.73,70.43,63.0,-999.0,52.63,43.77,55.27,54.33,58.33,57.0,67.13,49.67,55.2,43.23,47.93,46.2,57.93,64.17,44.4,58.63,46.0,52.57,45.2,53.57,54.4,51.03,47.6,53.0,62.73,47.07,50.43,51.57,61.77,50.2,58.97,65.5,49.27,55.73,44.23,46.97,47.5,53.07,43.8
1915,-999.0,66.33,63.13,60.33,58.27,45.87,51.83,56.83,73.23,66.6,-999.0,51.57,42.9,55.7,55.3,57.17,59.37,69.27,51.17,56.43,45.2,47.8,44.1,58.7,66.6,42.07,61.53,42.5,51.33,47.1,54.57,53.37,50.57,49.3,54.33,62.67,46.6,51.77,52.27,65.43,47.3,61.27,66.47,48.27,57.6,46.63,45.9,46.3,55.37,41.8
1916,-999.0,63.93,61.37,58.4,55.5,43.37,50.4,55.6,71.13,64.0,-999.0,49.2,40.33,53.53,53.27,54.87,56.37,66.43,49.2,54.5,42.93,45.47,41.5,56.47,63.87,39.63,59.2,40.53,48.27,44.47,53.07,52.47,47.17,47.43,51.8,60.97,44.4,49.83,51.47,62.67,44.83,58.3,64.67,45.53,55.33,43.83,44.27,43.9,52.5,38.43
1917,-999.0,60.77,58.8,62.3,60.8,46.4,46.13,51.6,68.63,60.9,-999.0,47.7,45.97,50.37,49.73,54.57,53.27,63.63,45.47,50.97,40.37,42.47,41.13,53.6,60.87,44.5,55.67,41.97,49.83,41.5,49.2,54.77,52.5,43.17,47.87,59.63,49.33,45.8,47.3,59.53,46.4,55.43,64.77,49.7,51.87,40.67,48.8,42.3,49.13,43.4
1918,-999.0,63.87,59.9,60.4,58.73,44.17,49.97,55.5,71.7,64.0,-999.0,49.83,44.47,52.23,51.8,54.23,55.83,66.17,49.23,55.0,43.03,45.77,42.9,54.9,63.77,42.43,58.93,41.73,49.17,44.77,53.0,52.3,50.53,47.0,51.17,59.5,48.43,49.93,51.0,62.33,45.83,57.8,63.63,48.33,55.2,44.0,48.83,45.07,52.33,41.1
1919,-999.0,68.7,63.43,58.23,56.23,44.1,50.97,58.4,74.73,68.7,-999.0,49.3,40.27,54.67,55.63,54.1,60.17,70.87,49.73,58.0,42.23,46.67,38.93,56.7,68.37,36.3,63.1,35.43,46.67,45.0,54.97,52.97,47.47,48.33,54.67,60.37,44.43,52.1,51.77,67.2,41.6,62.4,65.7,45.8,59.13,44.43,44.63,44.07,55.93,37.47
1920,-999.0,63.73,61.23,58.23,56.2,44.37,51.73,57.33,70.63,63.93,-999.0,51.9,41.97,55.4,55.2,55.33,57.5,66.4,50.8,56.67,44.3,49.23,46.2,56.63,63.93,42.07,60.2,44.57,50.23,46.4,54.83,52.83,48.9,49.13,53.8,60.6,45.83,51.63,52.3,63.2,47.43,58.8,65.1,46.7,56.6,46.07,45.93,48.23,53.33,39.93
1921,-999.0,66.97,64.43,61.9,59.47,48.0,51.47,58.23,72.97,67.0,-999.0,50.47,43.63,55.07,55.27,57.87,59.27,70.1,50.13,57.87,42.73,47.37,42.13,57.93,67.73,41.2,62.87,41.17,51.13,45.1,54.87,55.8,52.67,48.5,54.3,64.17,47.17,52.03,52.03,65.9,45.73,61.3,68.23,50.47,59.03,44.63,45.57,45.43,55.63,43.0
1922,-999.0,66.03,63.0,60.17,58.37,45.87,51.17,57.07,72.5,65.7,-999.0,53.8,44.47,56.43,56.07,58.17,58.83,68.47,50.03,57.07,43.13,48.73,47.2,58.47,66.47,44.1,60.33,45.2,52.37,45.67,54.5,53.87,50.7,48.6,54.6,62.77,47.03,52.17,51.33,64.27,49.17,60.4,66.17,48.97,57.1,45.33,47.0,48.93,54.2,42.27
1923,-999.0,63.3,60.0,58.13,59.27,43.37,50.67,55.37,69.8,63.67,-999.0,49.67,44.27,52.53,52.53,54.27,56.2,65.63,49.9,55.07,44.7,46.33,45.57,54.8,63.57,43.73,59.0,45.7,49.43,46.2,52.97,51.43,49.9,47.47,51.37,59.4,48.0,49.63,51.27,62.33,48.17,58.03,63.8,46.73,55.1,45.3,48.37,46.1,52.23,40.5
1924,-999.0,63.83,61.37,60.37,57.77,45.83,49.2,54.33,70.57,62.9,-999.0,50.47,42.87,53.73,53.13,56.13,56.5,68.17,48.73,53.93,43.8,46.5,43.83,56.53,65.13,42.53,58.17,43.63,50.57,44.57,51.63,54.47,49.7,46.23,51.37,61.93,46.73,48.57,50.03,61.6,48.13,58.47,66.27,47.03,54.6,44.3,46.13,45.73,51.53,41.6
1925,30.3,66.57,62.13,58.57,56.23,43.87,48.13,55.13,73.03,66.5,-999.0,47.07,42.6,51.67,51.93,53.13,56.97,68.53,47.17,54.63,39.97,43.43,40.13,54.5,66.3,38.97,60.5,39.4,47.17,42.33,51.57,52.6,48.23,44.77,50.43,59.47,46.47,48.4,49.07,65.17,43.83,60.17,64.53,46.63,55.83,41.7,46.1,42.6,52.53,39.0
1926,31.13,64.8,62.03,62.17,59.83,46.37,49.2,55.33,71.57,64.93,-999.0,47.53,43.37,51.8,52.57,54.9,57.2,68.2,48.27,54.93,42.63,43.7,38.77,54.7,65.27,40.1,60.43,38.23,48.27,44.03,52.13,55.2,51.73,46.2,52.27,61.1,47.43,49.47,50.13,64.0,44.03,59.6,66.6,49.47,56.1,43.23,46.5,41.77,53.57,41.67
1927,20.53,67.63,65.0,61.43,58.63,47.03,52.8,58.2,72.53,67.1,-999.0,52.13,44.57,57.07,57.2,57.27,60.07,70.67,52.13,57.97,45.73,48.77,42.93,58.97,68.2,41.13,61.83,40.73,51.1,47.7,55.47,55.2,51.63,49.87,55.9,63.83,48.0,53.0,53.93,65.63,46.33,61.8,68.73,49.8,58.37,46.9,46.53,46.63,56.0,43.0
1928,26.47,64.13,61.33,61.03,58.6,45.27,50.37,55.77,71.43,64.33,-999.0,49.83,43.8,53.27,53.2,55.23,56.57,67.33,49.27,55.33,41.73,46.07,43.23,55.83,64.37,41.87,59.5,42.1,48.97,44.77,53.23,53.2,50.7,47.33,52.63,61.43,47.33,50.33,50.93,63.43,46.0,58.37,65.3,49.13,55.47,44.0,46.8,45.37,52.53,41.17
1929,30.03,63.53,59.67,59.9,59.77,42.17,50.4,55.9,72.0,64.0,-999.0,47.5,41.4,51.27,50.97,52.1,55.6,65.8,49.5,55.43,43.37,44.87,40.97,53.8,63.3,40.57,59.3,40.5,46.2,45.37,53.3,51.33,50.2,47.37,50.9,58.2,46.43,49.83,51.07,62.9,43.83,57.57,63.47,47.1,55.77,44.83,46.43,43.57,52.53,38.27
1930,24.17,63.6,61.2,58.67,57.7,44.4,51.37,57.13,70.5,63.43,-999.0,51.4,41.1,54.07,53.23,55.7,57.0,66.63,50.47,56.63,45.4,47.5,43.3,56.57,64.03,40.63,59.27,41.3,49.8,46.37,54.13,52.53,48.2,48.9,52.33,61.73,46.1,51.07,52.57,62.47,45.93,58.57,65.3,45.63,56.37,46.1,45.57,46.37,52.7,40.27
1931,26.63,68.7,66.7,59.87,57.1,46.53,54.8,60.7,73.27,67.97,-999.0,55.87,41.93,59.8,59.0,60.57,62.63,71.53,53.5,60.43,46.57,52.47,48.73,62.2,69.0,42.0,63.3,45.5,53.2,48.97,58.5,54.67,48.77,52.5,57.83,66.43,45.77,55.5,55.17,66.97,50.03,64.2,69.87,47.93,60.73,48.7,45.13,51.43,58.37,41.83
1932,23.53,61.73,59.37,61.33,61.13,45.6,50.8,56.27,70.5,62.83,-999.0,46.97,43.93,51.1,51.37,53.63,55.83,64.77,49.83,55.47,44.23,45.03,40.43,53.37,61.77,41.8,59.23,39.4,48.4,45.67,53.6,52.4,51.9,47.7,51.87,59.27,49.27,50.27,51.67,62.47,45.13,57.1,62.47,48.8,55.8,45.03,48.2,42.8,52.8,41.57
1933,24.27,65.9,63.77,63.43,60.83,49.07,49.3,56.03,71.93,65.47,-999.0,51.1,45.13,54.8,54.0,58.5,57.9,69.83,47.93,55.43,41.07,45.5,42.23,58.0,66.97,44.13,61.07,42.83,52.83,43.1,52.93,56.13,53.1,45.43,52.23,63.8,48.13,49.5,50.0,64.43,49.2,60.47,68.63,51.7,57.03,42.2,46.77,44.9,53.53,45.23
1934,27.77,65.2,63.1,61.77,60.1,47.07,51.37,56.6,72.4,65.73,-999.0,51.77,45.43,55.37,55.03,57.3,58.47,69.0,50.33,56.4,44.7,48.2,45.07,57.5,66.17,43.93,60.83,44.33,51.23,46.4,54.53,55.13,52.33,48.97,54.43,62.57,49.4,51.73,51.83,64.73,48.2,60.1,68.3,50.23,57.07,46.13,48.17,47.03,54.43,43.43
1935,25.73,64.93,61.23,59.73,58.1,45.27,51.03,56.43,72.0,65.37,-999.0,48.6,42.23,53.2,53.03,53.8,57.3,67.63,50.07,55.97,43.73,45.33,40.13,54.8,64.97,41.0,60.7,38.73,47.97,45.87,54.0,53.07,49.27,47.33,52.2,59.07,46.47,50.37,51.73,64.07,44.97,59.4,64.67,48.17,56.93,45.03,45.67,43.97,53.73,40.83
1936,28.2,65.17,61.77,60.2,60.03,45.17,49.6,56.27,72.47,65.4,-999.0,50.13,42.8,53.77,53.23,55.57,57.4,67.23,48.37,56.1,41.2,45.0,41.5,56.47,65.17,43.33,60.57,42.77,50.23,43.6,53.2,52.27,49.73,46.6,52.47,60.2,47.2,50.27,50.4,64.33,46.9,59.3,63.37,47.73,57.17,43.13,46.6,44.27,53.93,41.53
1937,30.57,61.57,59.4,62.93,60.7,47.13,49.43,53.93,69.8,61.63,-999.0,48.67,46.5,51.33,50.53,55.27,54.3,65.4,48.7,53.37,44.13,45.03,41.73,54.37,62.07,44.0,56.9,41.83,50.1,44.97,52.1,54.93,52.9,46.53,49.93,60.03,50.17,48.4,50.2,60.57,46.57,56.33,65.33,51.03,53.33,44.47,49.27,43.67,50.13,43.57
1938,30.83,64.73,63.2,59.67,58.3,45.33,51.23,56.67,71.2,64.67,-999.0,53.23,44.2,56.6,55.57,58.6,58.13,67.2,50.77,55.97,44.43,48.2,44.87,59.23,65.03,44.4,60.47,44.73,52.53,46.13,53.87,52.63,49.33,47.63,53.7,63.1,47.83,50.6,52.43,64.07,49.2,59.6,65.97,47.5,56.7,45.13,48.13,47.1,53.77,42.3
1939,22.33,64.27,63.7,60.63,60.0,47.73,49.07,55.63,71.6,64.73,-999.0,52.83,45.07,55.83,55.1,59.07,58.6,67.57,48.63,55.5,42.23,46.87,45.03,58.9,65.1,44.9,60.17,44.47,52.83,44.27,52.87,53.53,51.2,46.43,53.9,64.07,48.9,50.37,50.23,63.87,49.6,60.1,66.17,49.63,56.4,43.17,48.4,46.87,53.57,44.3
1940,28.27,63.47,60.93,60.27,58.37,46.43,48.33,53.97,70.2,63.47,-999.0,51.0,43.7,54.1,53.13,56.87,56.53,66.33,47.67,53.63,42.3,46.17,44.5,56.77,63.43,43.23,58.6,44.4,51.9,43.6,51.33,53.5,49.87,45.23,51.2,61.2,47.77,48.2,49.4,62.53,48.83,57.97,64.93,48.37,54.83,42.87,47.73,45.9,52.13,42.83
1941,24.97,67.0,63.77,58.63,57.47,45.47,52.6,59.63,73.73,67.23,-999.0,52.23,42.33,56.3,56.27,56.93,60.03,69.13,51.83,59.23,43.63,48.9,44.9,58.37,66.87,41.43,63.0,42.77,50.97,46.33,56.63,53.13,47.9,49.93,55.4,62.23,47.0,53.2,53.63,66.53,47.47,61.77,66.37,46.43,59.77,45.6,46.5,47.7,56.2,40.9
1942,25.9,64.33,62.23,61.67,59.4,46.33,51.23,57.73,72.03,64.87,-999.0,49.57,44.23,54.03,53.83,55.43,57.63,67.7,50.3,56.97,44.67,46.3,42.2,56.6,65.2,42.33,61.03,42.17,49.23,46.03,54.43,53.97,51.1,48.2,53.07,61.0,48.47,51.0,52.07,64.83,45.93,59.33,65.17,49.2,57.5,45.47,47.33,44.7,54.17,41.73
1943,29.57,61.33,59.9,61.5,60.43,45.97,50.03,54.67,69.67,61.87,-999.0,47.07,45.73,50.97,50.67,54.13,54.67,64.23,49.17,54.03,43.63,44.47,41.8,53.63,61.57,44.43,57.73,43.47,49.17,44.73,52.3,52.97,52.1,45.97,50.03,60.0,49.57,48.27,51.43,61.03,46.77,55.9,63.7,50.5,54.5,43.8,48.43,42.73,50.83,43.63
1944,27.0,63.9,62.53,60.67,59.17,46.9,50.8,56.1,71.07,63.77,-999.0,51.37,44.9,54.73,53.77,56.7,56.33,67.33,49.93,55.43,44.7,47.77,45.43,57.37,64.53,43.57,59.2,43.33,50.3,45.47,53.6,53.2,49.87,47.7,52.27,62.07,48.77,50.3,51.87,63.23,46.97,58.1,65.17,49.73,55.83,44.87,49.37,47.53,52.53,42.47
1945,22.77,65.1,62.17,61.2,59.7,46.07,51.87,58.0,71.97,64.93,-999.0,49.1,43.27,53.07,53.53,56.27,58.03,68.33,50.87,57.03,43.53,46.23,41.63,56.33,65.53,41.37,61.07,39.73,50.1,45.83,55.17,54.4,50.4,48.6,53.13,61.7,47.47,51.23,53.0,64.57,46.0,59.53,66.47,48.37,57.87,45.53,46.27,44.13,54.43,41.63
1946,25.77,65.17,62.43,58.53,56.7,43.97,53.97,58.6,73.77,65.33,-999.0,50.8,40.73,55.73,55.97,55.47,58.77,68.67,52.83,58.0,46.17,49.33,42.53,57.43,65.63,38.53,61.33,40.0,48.5,48.27,56.87,53.33,47.0,51.1,55.13,61.53,44.7,53.3,54.8,64.8,44.43,59.97,66.13,46.53,58.33,47.87,44.17,46.67,55.53,39.83
1947,26.9,65.6,63.2,60.3,58.73,46.37,51.83,57.47,72.8,64.93,-999.0,52.3,43.73,55.17,54.7,58.6,58.63,68.77,51.2,56.9,45.73,49.1,44.37,58.23,66.17,42.17,60.53,42.47,51.5,47.3,55.07,53.87,49.87,49.7,54.17,63.3,48.23,52.13,52.97,63.9,47.27,60.57,67.0,48.7,57.4,46.7,47.37,47.3,55.0,41.9
1948,22.13,63.0,60.6,60.03,58.47,45.3,52.7,56.77,72.87,63.77,-999.0,51.43,42.77,54.37,54.07,55.93,56.87,66.17,51.83,56.23,45.97,49.0,46.17,56.3,63.27,43.43,59.6,45.63,50.37,47.87,55.33,52.5,49.53,49.87,53.23,60.4,46.07,51.57,53.73,62.87,48.53,58.17,64.37,47.97,56.27,47.03,45.5,47.8,53.5,41.97
1949,30.3,64.4,60.77,62.2,60.77,47.67,51.4,57.0,71.9,64.37,-999.0,50.8,44.67,53.33,53.0,56.4,56.3,67.9,50.53,56.4,43.7,46.7,44.4,55.6,65.0,44.03,59.83,44.5,51.23,45.77,54.57,54.7,52.23,47.8,52.5,60.7,48.33,50.6,52.6,63.33,48.37,58.23,65.97,50.03,56.47,44.97,47.97,45.77,53.3,43.33
1950,26.0,62.27,60.6,63.07,60.9,47.73,51.4,56.4,70.8,62.8,-999.0,49.87,45.13,52.8,52.37,55.6,55.47,66.73,50.67,55.33,44.33,46.23,42.93,55.37,63.27,41.3,59.2,41.1,49.83,46.47,54.17,55.6,53.1,48.13,51.47,60.83,48.97,50.07,52.47,62.27,46.27,57.2,66.4,51.07,55.77,45.73,46.63,44.93,52.4,42.77
1951,27.63,63.4,59.47,60.53,59.47,43.9,50.2,56.07,71.97,64.07,-999.0,46.17,42.13,50.77,50.97,52.2,54.7,66.83,49.57,55.43,43.77,43.93,39.2,52.97,63.8,39.13,59.4,38.07,46.53,44.9,53.53,53.67,50.07,46.57,50.87,58.97,47.4,49.3,51.8,63.07,42.73,57.13,65.7,47.3,55.7,44.0,46.6,41.4,51.97,39.3
1952,29.83,60.53,58.5,61.5,60.33,45.03,50.7,55.13,70.93,62.17,-999.0,48.87,44.1,52.33,51.97,54.7,54.33,63.77,50.0,54.63,43.73,46.0,43.4,54.3,60.83,43.27,57.97,43.93,49.1,45.63,53.17,52.57,51.13,47.77,51.23,59.73,48.53,49.63,51.87,61.6,47.23,55.37,63.7,49.33,54.87,45.03,48.17,44.33,51.47,41.83
1953,25.6,63.7,62.33,61.87,60.37,47.83,52.67,56.8,70.97,63.43,-999.0,53.33,46.93,56.1,55.27,58.2,57.53,67.07,52.17,56.33,46.47,49.67,47.53,58.6,64.43,46.77,59.77,47.4,52.97,48.03,55.23,54.43,52.73,49.7,53.93,62.27,50.33,51.57,53.93,63.1,50.67,58.9,65.57,50.77,56.93,47.13,49.07,49.07,53.47,45.4
1954,29.27,64.77,63.33,63.23,59.33,48.57,51.83,57.57,70.93,64.37,-999.0,51.73,44.63,55.4,54.97,59.3,58.0,67.93,50.93,56.87,44.67,47.63,44.2,58.3,65.5,44.4,60.17,44.13,52.27,46.5,54.83,56.23,51.37,48.9,53.87,64.33,47.97,51.53,53.13,63.83,48.3,59.67,67.43,50.63,57.1,45.97,47.73,45.83,53.83,44.43
1955,21.43,63.53,61.6,62.1,59.57,45.93,50.67,56.27,71.47,63.53,-999.0,48.8,42.0,53.2,53.2,55.7,56.97,67.4,49.4,55.4,43.4,46.63,41.37,55.77,64.43,38.63,59.4,38.97,48.93,44.93,54.03,54.73,50.77,47.73,52.4,61.13,46.7,50.03,51.57,62.77,44.33,58.53,65.93,48.93,55.87,44.4,44.2,44.5,53.1,40.7
1956,20.43,62.7,62.0,60.9,59.13,45.87,50.2,56.37,70.37,63.0,-999.0,51.7,42.0,55.4,54.33,58.6,56.73,67.13,49.07,55.4,43.2,47.5,44.8,58.33,63.93,43.07,59.23,43.27,51.87,44.73,53.7,53.83,49.67,47.5,52.73,63.13,46.7,50.0,51.1,62.4,48.1,58.5,66.47,48.13,55.8,44.33,45.4,46.4,53.0,42.1
1957,29.97,62.73,59.13,58.7,57.73,43.73,51.87,56.63,71.9,63.6,-999.0,47.3,42.43,51.7,51.77,52.9,55.67,65.5,51.17,55.53,46.3,45.83,42.57,53.57,62.73,41.3,59.2,41.87,47.8,47.27,54.67,51.1,48.07,48.3,51.5,57.73,47.23,50.13,53.13,62.77,45.5,57.53,62.63,46.6,55.73,46.3,47.4,44.03,52.8,39.73
1958,23.8,64.43,61.87,61.3,61.5,47.03,50.7,56.33,73.07,65.0,-999.0,52.0,44.07,55.03,54.13,57.2,56.8,67.77,49.7,55.9,43.3,48.1,45.03,57.53,64.9,43.03,59.83,43.37,51.5,45.23,53.93,53.5,52.0,48.0,52.97,62.07,48.9,50.53,51.7,63.67,48.53,58.9,65.17,49.57,56.4,44.87,46.73,47.23,53.37,43.2
1959,26.4,64.07,59.97,60.67,60.33,44.17,52.9,58.43,73.17,64.6,-999.0,45.77,42.2,51.57,52.37,52.5,56.7,66.97,51.57,57.33,44.67,45.03,38.8,53.63,64.23,38.93,60.43,37.6,46.1,46.8,56.2,52.93,50.4,49.1,52.57,58.2,47.3,51.8,53.37,63.73,41.97,58.67,63.83,48.03,56.9,46.13,45.1,41.8,53.87,39.6
1960,24.37,64.37,62.73,61.37,59.43,47.03,51.43,56.7,73.3,65.3,-999.0,51.37,44.4,55.67,55.2,57.27,57.83,68.33,50.3,56.3,44.6,48.6,45.0,58.2,64.9,43.3,60.2,43.9,51.37,46.13,54.53,54.27,51.53,49.0,54.0,62.67,48.33,51.27,52.1,64.23,48.07,59.27,66.8,50.23,56.83,45.73,47.17,47.0,54.0,42.77
1961,23.83,63.93,60.7,58.43,57.87,42.9,54.43,58.83,72.03,65.0,-999.0,49.8,40.3,54.87,55.2,53.2,57.73,66.3,53.13,58.53,48.03,49.2,43.87,56.0,63.7,39.07,60.77,41.83,47.83,49.63,57.23,51.57,47.8,51.47,54.8,59.23,45.33,53.5,54.83,64.37,45.6,59.1,64.03,45.4,57.97,48.9,43.83,46.3,55.13,37.7
1962,26.2,63.8,61.6,62.83,60.37,47.9,48.9,54.53,70.67,63.47,-999.0,50.57,45.43,53.9,53.03,56.13,55.97,67.8,47.9,54.07,42.27,46.63,45.4,56.03,64.77,44.83,58.73,45.43,50.97,43.8,51.87,55.17,52.93,45.53,51.57,61.4,49.27,48.47,49.83,62.47,48.67,58.4,66.93,51.27,54.87,42.83,48.23,45.83,52.03,44.73
1963,23.0,63.97,64.37,62.93,60.3,50.13,52.6,56.57,70.87,63.6,-999.0,55.47,47.23,58.03,56.47,60.63,58.1,68.73,51.57,56.27,45.63,50.9,49.7,60.47,65.43,47.37,58.83,49.07,55.0,47.73,55.13,56.03,53.4,49.63,54.73,65.07,50.57,51.83,53.17,62.27,52.43,59.7,68.03,52.2,56.23,47.0,49.67,50.6,53.43,46.93
1964,26.83,63.57,61.17,60.33,58.93,45.93,50.73,55.9,71.6,63.5,-999.0,50.37,42.83,54.17,53.4,56.17,56.47,67.27,49.37,55.33,42.3,47.17,43.47,56.73,64.13,41.23,59.03,41.27,49.83,44.1,54.03,53.83,50.07,47.8,52.57,60.83,47.1,50.33,51.57,62.8,45.73,58.33,65.57,47.93,55.4,43.53,45.63,45.67,52.53,41.5
1965,25.57,64.6,62.9,61.5,59.43,46.47,50.2,56.1,72.1,64.3,-999.0,49.7,44.0,54.57,54.1,56.53,57.13,68.9,48.83,55.8,42.13,46.57,41.23,57.43,65.6,40.73,59.6,39.67,49.03,44.33,53.63,54.53,50.8,47.0,53.03,62.63,48.77,50.4,50.97,63.17,44.73,59.3,67.27,49.33,56.27,43.77,48.13,44.6,53.5,41.97
1966,25.73,62.93,60.37,61.43,60.13,46.93,50.83,55.53,71.47,63.4,-999.0,49.23,45.4,52.7,51.87,55.17,54.83,66.83,49.87,54.5,44.4,46.13,42.0,55.13,63.27,43.13,58.47,41.27,49.53,45.4,53.43,54.4,51.6,47.43,50.7,60.43,49.5,49.03,51.77,62.37,45.5,57.27,65.5,50.07,54.67,45.03,48.53,44.77,51.2,43.1
1967,27.1,59.97,59.17,62.4,61.93,46.63,49.4,53.23,70.13,60.7,-999.0,47.83,45.7,51.3,50.83,54.27,53.57,65.1,48.5,52.77,44.03,44.93,42.93,54.0,61.0,44.67,55.87,43.7,49.17,44.5,51.67,54.2,53.03,46.03,49.6,59.17,50.2,47.77,50.33,59.3,46.87,55.37,64.17,50.7,52.57,43.83,49.37,43.6,49.83,42.93
1968,24.63,62.23,59.2,60.63,59.37,44.9,51.97,57.73,70.3,63.1,-999.0,49.6,42.53,53.37,53.6,55.0,56.33,65.47,50.87,56.9,45.0,48.53,44.7,54.77,62.4,42.6,59.57,43.53,49.63,46.5,55.47,53.0,50.33,48.93,53.33,59.37,47.77,51.57,52.77,62.7,47.0,57.6,64.47,47.67,56.47,45.97,46.53,46.53,53.4,41.03
1969,27.53,62.1,60.53,60.2,59.43,43.67,51.07,55.23,71.23,62.83,-999.0,48.97,42.73,52.2,51.8,54.53,54.87,66.67,50.2,54.77,44.57,46.33,42.77,55.07,62.9,42.33,58.13,42.63,49.23,46.27,53.6,52.6,49.7,47.73,51.27,59.63,47.33,49.67,52.07,61.8,46.6,56.73,64.47,47.43,54.6,45.6,46.8,44.3,51.4,41.0
1970,23.83,63.63,60.9,59.03,58.87,43.5,52.67,59.07,71.37,64.67,-999.0,49.53,40.97,54.3,54.63,53.43,58.37,65.8,51.4,58.4,45.53,48.27,43.33,55.77,63.63,39.57,61.23,41.5,47.93,47.6,56.43,51.87,48.8,50.0,54.83,59.4,46.2,53.17,53.17,64.03,45.27,59.6,63.53,46.43,58.37,47.27,44.9,46.1,55.5,39.17
1971,24.2,65.03,63.43,58.43,57.43,44.0,53.23,58.93,72.9,65.67,-999.0,52.83,40.53,57.53,56.97,56.63,59.73,68.17,52.17,58.37,45.57,50.47,45.0,59.07,65.53,40.93,61.57,42.53,50.13,47.6,56.77,52.5,47.4,50.5,55.7,61.57,45.4,53.4,54.2,64.83,46.4,61.27,65.7,45.13,58.43,47.13,45.03,48.73,55.93,38.9
1972,26.5,63.77,60.27,58.47,56.87,43.6,49.13,54.6,72.63,64.53,-999.0,47.93,42.17,52.17,52.0,53.23,56.0,66.93,47.8,54.03,42.07,44.8,41.2,54.63,64.17,40.13,58.73,39.8,47.2,43.27,52.27,51.83,47.9,45.17,50.9,59.1,46.47,48.43,50.43,63.0,44.63,58.1,64.0,47.13,54.83,42.23,45.57,43.63,52.0,39.93
1973,24.1,66.93,64.43,60.57,58.1,45.8,51.83,58.27,73.7,66.9,-999.0,52.0,43.13,56.7,56.67,55.9,60.03,70.67,50.37,57.97,43.47,49.17,45.07,59.03,67.77,40.83,62.03,41.63,49.53,45.5,55.97,54.3,49.7,48.87,55.5,62.33,47.37,52.43,52.33,65.8,46.4,62.03,67.5,48.17,58.5,45.0,45.97,47.6,55.43,41.43
1974,24.73,61.27,59.03,60.97,60.6,45.73,49.7,55.37,71.17,62.33,-999.0,49.0,44.8,52.1,51.6,54.0,54.5,65.4,48.57,54.7,42.0,45.5,43.1,54.07,61.83,43.37,57.83,42.7,49.77,43.73,53.2,52.37,51.8,45.7,50.9,58.3,49.4,49.1,50.73,61.3,47.1,56.37,62.67,49.43,54.67,42.7,48.73,44.53,51.3,42.07
1975,22.0,63.03,60.43,60.27,58.8,44.73,52.53,58.47,72.43,64.63,-999.0,50.93,42.63,54.67,54.13,55.17,56.83,66.27,51.7,57.7,45.27,48.2,44.47,56.33,63.23,41.13,61.43,43.13,49.07,47.2,56.23,52.33,50.0,49.4,53.17,60.1,47.67,52.07,53.67,64.63,46.37,58.47,64.4,47.4,57.87,46.6,46.87,46.73,54.33,40.8
1976,28.37,58.6,56.03,59.4,60.57,44.23,47.9,52.67,68.97,59.6,-999.0,45.77,44.27,48.5,48.07,51.9,50.83,61.83,47.07,51.97,41.83,42.73,40.07,51.53,58.97,42.67,55.07,40.83,46.93,42.8,50.67,50.33,51.37,43.7,47.1,56.13,49.73,45.93,48.87,58.8,44.4,53.03,60.0,48.6,51.77,41.73,48.23,40.9,47.63,41.6
1977,24.23,63.97,62.6,62.87,60.1,47.67,51.63,57.7,71.77,64.57,-999.0,49.43,43.03,53.73,53.93,56.53,57.2,68.23,50.57,56.73,44.3,46.93,42.97,56.7,64.83,41.2,60.27,42.03,50.53,46.07,54.97,55.7,51.93,48.17,53.43,62.77,47.2,51.33,52.83,63.87,46.03,58.97,68.07,50.43,56.83,45.3,45.0,45.17,54.07,42.8
1978,27.87,66.1,62.57,61.73,59.13,46.77,49.67,56.63,73.57,66.5,-999.0,50.77,42.3,55.27,54.7,56.87,57.93,68.87,48.33,56.23,41.5,47.53,44.27,57.5,66.17,40.67,61.0,42.6,50.33,43.63,53.77,54.23,49.83,46.37,53.63,62.83,46.2,50.53,50.4,65.07,47.2,60.27,65.83,48.73,57.37,42.73,44.83,46.17,54.4,40.77
1979,31.97,62.6,59.9,61.77,60.5,45.37,52.2,57.67,72.5,64.1,-999.0,50.03,44.07,53.47,53.1,56.03,56.0,65.63,51.27,56.8,45.6,46.8,43.0,55.47,62.6,43.8,60.17,43.1,49.83,47.03,55.4,53.23,51.93,48.87,52.6,60.4,49.17,51.37,53.53,63.57,47.4,57.87,64.67,49.1,56.63,46.23,47.93,44.97,53.2,42.23
1980,27.73,63.43,61.4,61.3,60.4,46.3,50.0,56.37,72.1,64.07,-999.0,50.23,44.07,53.43,52.5,56.97,56.2,66.63,48.7,55.63,41.73,45.0,43.2,56.47,63.97,44.17,59.3,43.9,51.3,43.63,53.8,52.73,51.57,45.8,51.27,61.47,49.0,49.3,50.87,63.0,48.3,58.5,64.53,48.9,56.07,42.63,47.83,44.23,52.2,42.8
1981,26.37,62.7,60.8,61.43,59.63,47.93,49.8,54.9,71.1,63.07,-999.0,50.43,44.4,53.67,52.6,56.37,55.67,67.43,48.5,54.43,43.27,45.47,44.83,56.37,63.77,44.33,57.73,45.17,51.2,44.5,52.93,54.7,51.57,45.97,51.3,61.17,48.3,48.9,50.5,61.57,48.87,57.47,66.23,49.93,54.57,43.63,47.5,45.17,51.37,44.03
1982,23.97,63.8,60.67,59.47,57.4,44.4,52.0,56.97,72.7,64.57,-999.0,49.6,41.27,53.97,53.97,55.03,56.97,66.93,51.17,56.6,45.5,47.7,42.63,55.6,63.8,40.3,59.37,41.07,48.4,47.03,55.03,52.9,47.73,49.2,53.83,60.73,45.8,51.77,52.9,63.03,44.9,58.47,65.77,46.13,56.5,46.7,45.67,45.23,54.0,39.87
1983,25.03,63.07,62.3,61.83,60.53,47.33,52.5,57.8,71.7,63.5,-999.0,50.93,44.2,55.6,55.2,57.47,58.03,66.87,51.8,56.9,45.7,48.13,44.47,57.83,63.9,42.73,59.87,43.2,51.1,47.17,55.37,55.53,51.57,48.93,54.07,62.47,48.1,51.5,53.97,62.93,47.0,59.23,67.23,49.93,56.57,46.07,46.73,46.77,53.5,42.67
1984,25.43,64.6,60.87,59.53,58.67,44.37,51.33,57.3,71.73,64.63,-999.0,50.23,41.13,54.37,54.23,54.93,57.2,67.6,50.23,56.47,44.43,47.5,43.23,55.97,64.9,39.2,59.93,40.53,48.67,45.73,54.8,52.03,49.0,48.03,53.17,60.13,45.87,51.0,52.4,63.43,45.4,59.1,64.6,46.93,56.73,44.97,44.87,45.87,53.57,39.53
1985,23.03,67.17,63.2,58.7,56.43,43.47,52.4,60.2,75.37,68.37,-999.0,47.27,37.7,54.83,56.13,52.5,60.3,70.03,51.3,59.37,44.5,47.43,39.13,56.23,67.3,33.97,64.07,35.93,44.67,46.57,57.0,53.3,46.73,49.5,55.87,60.3,42.13,53.2,53.47,67.67,40.3,62.2,66.67,46.33,59.87,45.9,41.03,43.6,57.2,36.53
1986,26.13,66.53,61.77,58.87,58.1,44.73,49.83,57.17,75.5,67.33,-999.0,49.1,42.33,54.07,54.13,55.03,58.27,69.37,48.37,56.43,41.47,46.07,41.47,55.93,66.47,40.13,61.83,39.73,49.03,43.67,54.1,52.07,48.8,46.47,53.9,59.63,47.23,50.4,50.73,65.93,44.37,60.6,65.17,47.03,57.43,43.07,47.0,44.23,54.67,40.17
1987,27.03,62.37,60.4,61.5,61.07,46.33,50.13,56.57,71.4,63.07,-999.0,50.03,46.23,53.67,53.27,55.33,56.27,65.77,49.2,55.7,43.57,46.97,44.37,55.37,62.8,45.03,58.87,44.53,49.67,44.7,53.6,53.7,53.1,47.1,52.67,59.73,50.9,49.8,51.13,62.23,47.53,57.5,65.0,50.13,55.6,43.97,50.23,45.5,52.43,43.3
1988,21.93,63.4,60.8,62.2,61.27,46.83,49.67,54.8,72.77,63.63,-999.0,49.37,45.67,52.9,51.73,55.57,54.8,67.73,48.83,54.07,43.67,46.17,42.43,55.1,64.27,43.7,57.67,41.7,50.07,44.4,52.67,54.37,52.93,46.77,50.87,60.3,50.43,48.93,50.8,61.93,46.5,57.13,66.67,50.57,53.83,43.57,49.23,44.8,51.0,43.3
1989,24.53,63.07,61.27,61.77,59.6,46.93,51.4,57.47,72.6,64.23,-999.0,48.73,44.33,53.27,52.73,55.13,56.43,67.07,50.37,56.53,43.8,45.9,42.37,55.47,63.7,43.47,60.2,42.63,49.87,45.73,54.83,54.0,50.87,48.0,52.07,60.47,48.5,50.57,52.27,63.83,47.1,58.33,65.63,49.9,56.57,45.37,48.53,44.43,53.1,42.97
1990,22.93,65.57,63.1,61.8,60.63,48.17,53.57,58.57,73.53,66.1,-999.0,52.6,45.83,55.83,55.2,58.67,58.27,68.03,52.43,57.93,45.37,48.1,45.2,58.7,65.47,45.33,61.47,44.73,52.67,47.67,56.4,54.73,52.3,49.4,54.4,62.8,49.33,52.47,54.47,65.17,49.67,60.27,66.4,50.57,58.07,46.4,48.7,47.43,54.93,44.63
1991,26.63,63.13,60.33,61.8,62.77,45.13,51.97,57.03,71.57,63.67,-999.0,46.77,43.67,53.1,53.47,53.8,56.97,66.1,50.93,56.43,44.63,45.8,39.8,54.73,63.33,41.07,59.37,39.33,47.9,46.37,54.93,52.6,52.37,48.17,52.83,58.77,50.2,50.7,52.9,62.7,44.33,58.37,63.47,49.17,56.5,45.37,48.23,42.7,53.3,40.73
1992,22.1,62.57,60.1,60.93,60.97,45.37,49.67,55.9,72.37,63.5,-999.0,48.13,43.13,52.8,52.67,54.03,56.03,65.87,48.47,55.13,43.0,45.43,42.1,54.67,62.9,42.6,59.37,41.53,48.53,44.03,53.17,53.17,51.23,46.3,51.8,59.67,48.43,49.27,50.9,62.73,45.63,57.67,65.07,48.97,55.6,43.3,46.87,44.03,52.93,41.87
1993,28.47,62.83,58.43,60.0,59.9,43.1,50.43,56.93,72.87,64.5,-999.0,46.8,42.1,51.0,51.2,51.8,55.13,66.27,49.57,56.0,42.73,44.17,39.63,52.4,62.97,39.93,60.27,39.4,46.13,44.7,53.8,52.1,49.63,46.53,51.43,57.0,47.77,49.63,51.87,64.07,43.07,57.07,63.47,46.87,56.5,43.77,47.03,42.27,53.07,38.87
1994,23.17,64.73,62.27,59.6,57.1,45.73,52.47,57.3,73.7,64.97,-999.0,52.4,42.3,55.97,55.43,56.43,57.7,68.4,51.33,56.77,45.53,49.83,47.3,57.3,65.27,42.87,59.83,45.4,51.43,46.93,55.17,53.8,47.93,49.2,54.23,61.0,46.63,51.33,53.37,63.53,48.67,59.53,66.4,47.2,56.7,46.1,46.97,49.0,54.03,41.53
1995,27.3,62.33,59.93,64.23,63.1,47.07,50.93,56.8,72.57,63.13,-999.0,47.07,44.97,51.43,51.53,54.83,54.77,66.8,49.87,55.6,43.87,44.87,40.4,54.23,62.77,42.4,58.67,40.4,48.97,45.37,54.6,55.67,53.87,47.3,51.1,60.27,50.3,49.87,52.33,62.4,45.23,56.47,65.87,51.2,55.33,44.6,48.8,42.7,51.93,42.43
1996,22.0,62.5,59.27,60.7,59.57,45.43,50.0,55.47,72.0,63.03,-999.0,47.13,43.1,51.3,51.33,53.17,54.73,67.17,48.93,54.53,43.33,45.9,41.03,53.17,63.57,38.9,58.03,37.97,47.03,44.87,53.37,53.27,50.53,46.93,50.83,58.5,47.73,49.2,50.9,61.7,42.57,56.83,65.2,48.2,54.5,44.33,45.4,43.77,51.3,41.07
1997,27.67,62.63,60.4,62.07,60.47,45.97,50.07,56.3,71.87,63.43,-999.0,49.73,44.67,53.27,52.33,55.63,55.2,66.73,48.9,55.13,43.13,46.3,43.7,55.5,63.23,43.97,58.57,43.7,50.37,44.5,53.57,54.47,51.4,46.4,51.57,60.4,48.93,49.43,51.2,62.3,47.6,57.07,65.5,49.13,55.2,43.67,48.37,45.53,51.6,42.67
1998,28.0,67.37,65.23,61.57,58.57,49.03,52.43,58.6,75.03,67.5,-999.0,54.0,46.0,57.7,56.77,60.0,60.17,70.67,51.47,58.4,45.2,50.63,47.33,60.13,68.13,46.23,62.0,45.53,53.8,47.3,56.03,56.67,50.1,49.67,55.37,65.2,49.1,52.67,53.33,65.93,50.43,62.23,68.83,49.6,58.8,46.67,49.6,49.77,55.37,45.4
1999,24.23,64.37,63.23,63.97,62.47,48.2,53.37,58.63,72.6,65.17,-999.0,52.17,46.4,56.03,55.7,57.43,58.73,67.37,52.67,57.63,47.13,49.03,46.07,58.47,64.77,45.1,60.6,44.73,52.17,48.47,56.27,55.7,53.83,50.33,54.5,62.67,50.67,52.3,54.47,63.97,49.1,60.17,67.07,51.33,57.37,47.73,48.3,47.7,54.4,44.93
2000,27.2,63.77,61.47,59.63,57.83,44.67,50.93,56.13,71.27,63.3,-999.0,50.53,41.27,54.4,53.97,55.77,57.0,66.83,50.13,55.4,44.9,48.33,44.4,56.3,64.23,40.0,58.77,41.67,48.47,46.17,54.1,53.0,48.67,47.8,53.07,60.8,46.17,50.3,52.23,62.2,45.6,59.2,65.47,46.97,55.57,45.3,45.23,47.0,52.97,39.0
2001,24.63,63.77,61.8,64.4,62.13,48.7,53.5,58.53,72.3,64.57,-999.0,53.13,46.73,56.03,55.43,57.77,57.87,67.23,52.73,57.63,47.4,49.7,47.53,57.73,64.23,45.9,60.03,45.87,52.83,48.37,56.33,56.4,53.93,50.87,54.73,61.73,49.93,52.63,54.7,63.7,50.13,59.03,66.4,52.23,57.07,47.9,48.4,48.87,54.13,45.17
2002,32.87,65.37,61.3,61.63,60.87,45.1,51.47,57.93,73.43,65.77,-999.0,48.73,43.23,53.67,53.83,54.43,57.57,67.9,50.6,56.8,43.9,47.17,42.0,55.3,65.4,42.03,60.8,41.1,48.6,46.07,55.03,53.57,50.83,48.43,53.57,59.27,48.67,51.17,52.8,64.67,45.57,59.83,64.63,47.97,57.23,45.2,47.4,45.03,54.4,40.73
2003,28.5,64.93,62.53,63.63,61.7,47.07,52.13,58.87,73.67,65.63,-999.0,49.8,44.53,54.47,54.1,55.2,57.8,68.57,51.33,57.7,46.13,47.93,43.83,56.1,65.5,42.03,61.33,41.43,50.13,46.97,56.1,56.5,52.57,49.07,53.47,60.7,49.33,51.63,53.5,64.73,46.47,59.8,66.43,50.43,57.8,46.33,47.97,46.37,54.43,41.57
2004,27.93,66.7,64.3,59.7,58.43,46.1,52.2,58.07,73.93,66.4,-999.0,52.97,43.67,56.23,55.93,57.6,59.73,71.17,51.0,57.57,44.97,50.17,47.63,58.23,67.9,43.6,61.53,45.5,52.4,46.73,55.87,53.17,49.6,49.7,54.97,62.47,47.63,52.6,52.67,65.27,49.5,61.8,66.87,48.27,58.23,46.17,47.57,49.33,55.9,42.93
2005,25.13,65.5,64.23,62.93,59.73,48.67,53.9,60.27,73.9,66.6,-999.0,53.27,43.87,56.97,56.33,58.77,59.2,69.83,53.03,59.13,47.0,50.6,47.2,58.73,66.23,44.57,62.47,45.53,53.5,48.63,57.97,55.93,51.3,51.13,55.4,63.7,47.57,53.67,55.13,66.0,50.5,60.77,68.33,50.07,59.1,48.47,46.6,49.13,55.8,44.53
2006,27.37,62.5,60.43,60.93,59.87,44.97,52.83,57.8,71.6,63.33,-999.0,49.07,43.73,53.13,52.57,54.7,55.43,67.3,52.03,56.47,46.63,46.97,43.5,55.07,63.3,41.83,59.1,41.33,48.13,47.83,55.83,53.27,50.47,49.03,52.2,60.27,48.33,51.07,53.83,62.67,44.97,57.23,66.27,47.87,55.9,47.1,47.3,45.2,52.67,41.37
2007,29.53,65.37,63.53,63.83,59.8,48.67,54.1,60.17,73.83,65.87,-999.0,52.6,43.83,57.3,57.03,57.9,60.1,69.13,52.67,59.5,46.17,50.47,46.33,58.57,66.1,43.73,62.43,44.53,52.6,47.97,57.87,56.53,51.2,50.93,56.43,63.03,47.3,53.9,54.73,65.9,49.23,61.47,67.77,50.4,59.37,47.43,46.23,48.83,56.5,44.3
2008,23.23,62.57,60.0,63.27,62.5,47.73,51.27,57.07,70.87,62.8,-999.0,50.5,45.7,54.13,53.93,55.47,56.97,66.03,50.47,56.13,45.13,47.7,45.17,55.53,62.9,44.37,58.6,43.53,50.43,46.3,54.83,54.4,53.43,47.83,52.97,60.13,50.2,50.4,52.37,61.8,47.23,58.1,65.17,51.07,55.7,45.77,48.2,46.83,52.77,43.67
2009,26.5,63.73,60.77,62.13,60.67,45.4,52.17,58.03,73.93,64.73,-999.0,50.53,44.2,54.4,54.1,53.9,57.33,67.47,51.17,57.13,44.87,48.8,46.77,55.77,64.37,44.1,60.4,45.9,48.77,46.47,55.77,53.87,51.77,48.7,53.57,59.5,48.23,51.6,53.43,63.83,47.5,59.1,65.2,49.67,57.13,46.03,47.37,47.87,54.17,42.13
2010,29.37,65.47,63.17,62.13,59.83,48.0,53.43,59.17,72.63,65.37,-999.0,51.67,44.8,55.8,55.33,57.83,58.43,69.03,52.37,58.03,46.0,48.6,44.93,57.87,65.9,42.77,61.33,43.27,51.43,47.5,56.73,55.67,51.4,49.1,54.17,62.57,48.4,51.93,54.1,65.0,47.6,60.2,67.17,49.9,58.1,46.47,46.83,47.1,54.33,43.97
2011,24.83,62.67,61.4,62.27,60.6,46.83,55.23,59.57,72.2,63.8,-999.0,51.0,45.17,54.87,54.8,55.8,57.47,67.07,54.3,58.13,48.47,49.43,46.77,56.47,63.3,44.73,60.53,45.73,50.5,49.8,57.87,55.03,51.87,51.77,54.6,60.97,49.53,53.37,56.4,63.47,48.53,58.63,67.23,49.73,57.7,49.57,47.83,47.93,54.67,43.33
2012,24.03,62.13,61.0,63.77,62.6,48.47,52.47,57.1,71.6,63.77,-999.0,50.03,46.03,52.87,52.1,56.23,55.23,66.73,51.53,55.97,45.6,47.37,43.8,55.47,62.83,43.87,58.53,42.3,50.77,47.17,55.1,56.3,54.33,48.83,51.77,62.07,50.4,50.67,53.23,62.67,47.7,57.2,67.17,51.9,55.33,46.53,48.7,45.63,52.1,44.7
2013,29.1,63.83,61.47,60.83,59.9,46.7,51.53,57.1,73.7,64.23,-999.0,50.47,44.33,53.97,53.47,56.2,56.5,67.83,50.47,55.8,45.43,47.5,44.67,56.13,64.5,43.33,59.3,43.27,50.93,46.2,54.8,53.77,50.7,47.83,52.6,60.93,47.97,50.6,52.47,63.07,47.4,58.33,65.93,48.6,55.87,45.37,47.5,46.1,52.83,42.63
2014,29.23,63.23,60.4,63.6,63.23,47.77,52.47,57.7,71.17,63.63,-999.0,47.5,45.73,51.2,51.13,55.2,55.2,66.73,51.47,56.3,45.57,45.53,42.03,54.23,63.93,42.77,59.47,41.5,49.43,47.13,55.3,55.43,54.13,48.9,51.37,60.77,50.63,50.73,53.7,62.87,45.47,57.77,65.83,51.67,56.0,46.7,49.33,43.17,52.17,43.37
2015,29.23,66.2,64.17,62.6,61.57,49.53,55.1,60.03,75.53,66.13,-999.0,54.47,45.93,57.67,57.0,59.97,59.63,70.3,53.67,58.97,47.33,51.6,49.4,59.4,67.33,45.1,62.0,47.43,54.33,49.17,58.3,56.63,52.67,51.73,56.7,63.8,49.4,54.27,55.7,65.2,51.3,61.37,68.57,51.43,58.9,48.63,48.2,50.83,56.47,45.77
2016,28.43,68.3,66.17,63.6,60.93,50.57,54.4,60.43,74.1,67.77,-999.0,55.9,46.33,59.6,58.8,60.73,61.6,71.33,53.0,59.53,47.73,52.57,49.7,61.6,68.8,46.07,63.07,48.0,54.9,48.8,57.7,57.4,52.9,51.2,57.57,65.93,49.47,54.13,55.43,66.37,52.0,63.8,69.83,51.97,59.97,48.13,48.93,51.53,57.43,46.33
2017,29.53,64.93,63.27,65.03,61.73,49.03,55.2,59.9,74.23,65.8,-999.0,52.07,44.17,56.27,55.73,57.77,58.27,69.27,54.3,58.43,48.5,49.87,45.1,58.53,65.83,42.83,61.2,43.23,51.97,50.23,57.67,57.67,52.13,51.1,55.0,62.73,48.63,53.07,56.37,64.93,48.17,59.93,67.77,50.6,57.9,48.93,47.9,47.87,55.1,43.33
2018,32.4,65.73,61.13,61.77,61.53,46.47,52.5,59.83,75.2,67.13,-999.0,48.03,44.07,53.37,53.87,53.97,57.97,68.57,51.1,58.37,42.8,46.37,40.83,55.1,65.6,41.6,62.37,39.0,48.8,45.77,56.37,54.0,51.57,48.2,53.77,59.5,48.5,51.9,53.4,66.07,44.67,60.1,64.5,49.43,58.53,45.03,47.43,44.03,55.23,42.27
2019,31.67,66.2,62.3,61.97,60.23,46.33,51.63,58.9,74.9,67.2,-999.0,49.23,41.97,53.83,54.27,55.5,58.67,68.67,50.6,58.1,43.67,46.87,42.87,56.43,66.03,39.9,62.3,40.67,49.23,45.63,56.17,54.9,49.7,47.77,54.57,61.1,46.77,51.77,52.9,65.93,44.8,60.77,66.63,48.17,58.73,44.47,45.83,45.07,55.67,40.37
2020,28.47,66.53,61.73,65.1,63.7,48.13,54.03,60.17,76.2,67.73,-999.0,49.97,45.6,54.9,55.0,55.67,58.67,69.23,53.3,59.07,46.17,47.9,43.1,56.83,66.5,43.03,62.5,42.23,50.57,48.0,57.67,56.37,54.13,50.17,54.87,60.7,50.73,53.03,55.53,66.67,46.73,60.73,66.87,51.83,58.9,47.17,49.07,45.73,55.7,43.27
2021,23.93,64.5,62.97,63.43,61.67,50.3,54.3,59.47,72.83,64.53,-999.0,53.77,46.37,56.93,56.23,59.7,58.23,68.2,53.87,59.0,48.23,51.0,48.33,59.13,65.47,46.77,60.93,47.77,54.5,49.5,57.8,57.1,53.47,51.27,55.87,64.13,49.63,53.73,56.0,63.97,51.5,59.57,68.43,51.67,58.47,48.6,48.17,49.53,55.33,46.27
