Year,AL,AZ,AR,CA,CO,CT,DE,FL,GA,ID,IL,IN,IA,KS,KY,LA,ME,MD,MA,MI,MN,MS,MO,MT,NE,NV,NH,NJ,NM,NY,NC,ND,OH,OK,OR,PA,RI,SC,SD,TN,TX,UT,VT,VA,WA,WV,WI,WY,AK,HI,PR,VI
1900,0.938,0.001,0.181,0.099,0.0,0.0,-999.0,0.363,0.174,0.001,0.07,0.001,0.209,0.085,0.836,0.692,0.0,-999.0,0.0,0.002,0.12,1.726,0.081,0.124,0.198,0.0,0.0,0.005,0.008,0.008,0.038,0.125,0.0,0.089,0.0,0.0,0.0,0.016,0.124,0.137,0.62,0.004,0.011,0.015,0.021,0.006,0.152,0.0,-999.0,-999.0,-999.0,
1901,0.513,0.001,0.052,0.165,0.0,0.0,-999.0,0.715,0.846,0.001,0.0,0.0,0.007,0.016,0.002,0.555,0.0,-999.0,0.461,0.037,0.123,0.699,0.006,0.0,0.031,0.0,0.0,0.005,0.0,0.0,0.794,0.0,0.0,0.023,0.0,0.194,0.0,0.293,0.078,0.024,0.254,0.0,0.011,0.154,0.0,0.205,0.0,0.0,-999.0,-999.0,-999.0,
1902,0.262,0.0,0.828,0.181,0.047,0.0,-999.0,0.374,0.165,0.001,0.154,0.095,0.183,0.09,0.336,0.421,0.0,-999.0,0.0,0.002,0.143,0.397,0.181,0.0,0.047,0.002,0.0,0.0,0.0,0.278,0.065,0.0,0.0,0.384,0.053,0.0,0.0,0.344,0.024,0.468,0.491,0.0,0.011,0.057,0.0,0.005,0.0,0.0,-999.0,-999.0,-999.0,
1903,0.172,0.0,0.0,0.186,0.0,1.0,-999.0,0.667,0.494,0.001,0.032,0.0,0.13,0.165,0.002,0.277,0.478,-999.0,0.333,0.002,0.132,0.21,0.162,0.0,0.027,0.0,0.0,0.667,0.0,0.49,0.151,0.0,0.001,0.536,0.141,0.0,0.0,0.137,0.073,0.112,0.304,0.001,0.0,0.159,0.023,0.0,0.0,0.0,-999.0,-999.0,-999.0,
1904,0.075,0.001,0.481,0.387,0.0,0.0,-999.0,0.074,0.031,0.001,0.193,0.103,0.01,0.084,0.002,0.355,0.0,0.0,0.556,0.091,0.0,0.166,0.209,0.0,0.101,0.002,0.0,0.5,0.0,0.067,0.205,0.0,0.0,0.065,0.086,0.005,0.0,0.112,0.001,0.0,0.249,0.0,0.0,0.15,0.005,0.0,0.001,0.0,-999.0,-999.0,-999.0,
1905,0.391,0.001,0.632,0.08,0.0,0.0,-999.0,0.519,0.061,0.0,0.174,0.295,0.141,0.177,0.169,1.39,0.0,0.0,0.193,0.106,0.0,0.092,0.814,0.0,0.142,0.002,0.0,0.005,0.0,0.0,0.294,0.0,0.0,0.095,0.0,0.002,0.0,0.07,0.095,0.0,0.265,0.0,0.0,0.081,0.044,0.0,0.093,0.0,-999.0,0.75,0.0,
1906,0.575,0.0,0.5,0.361,0.0,0.0,-999.0,0.028,0.583,0.0,0.096,0.161,0.01,0.168,0.5,0.365,0.0,0.0,0.0,0.001,0.028,0.783,0.064,0.0,0.036,0.002,0.0,0.178,0.0,0.0,0.406,0.0,0.0,0.054,0.0,0.0,0.0,0.056,0.002,0.368,0.318,0.299,0.0,0.01,0.123,0.0,0.051,0.0,-999.0,1.27,-999.0,
1907,0.013,0.0,0.591,0.353,0.054,0.0,-999.0,0.293,0.201,0.0,0.017,0.095,0.078,0.0,0.002,1.491,0.0,0.0,0.0,0.001,0.0,0.348,0.081,0.076,0.041,0.002,0.0,0.0,0.0,0.0,0.178,0.0,0.033,0.235,0.18,0.0,0.0,0.116,0.001,0.072,0.412,0.002,0.0,0.143,0.0,0.0,0.213,0.0,-999.0,1.329,0.0,
1908,0.453,0.0,0.125,0.0,0.098,0.0,-999.0,0.656,0.394,0.0,0.017,0.145,0.032,0.1,0.0,0.73,0.0,0.0,0.0,0.0,0.145,0.376,0.157,0.0,0.057,0.002,0.0,0.167,0.0,0.002,0.599,0.0,0.035,1.182,0.131,0.0,0.0,0.283,0.039,0.042,0.469,0.002,0.0,0.01,0.084,0.0,0.005,0.0,-999.0,0.548,0.0,
1909,0.167,0.0,0.029,0.253,0.0,0.0,-999.0,0.813,0.233,0.0,0.032,0.144,0.27,0.17,0.167,0.697,0.014,0.0,0.333,0.2,0.204,0.752,0.136,0.039,0.054,0.002,0.0,0.0,0.0,0.1,0.036,0.0,0.033,0.151,0.194,0.0,0.0,0.242,0.065,0.037,0.212,0.0,0.0,0.01,0.08,0.0,0.039,0.0,-999.0,0.811,-999.0,
1910,0.118,0.001,0.353,0.005,0.0,0.0,-999.0,0.281,0.094,0.0,0.163,0.478,0.042,0.027,0.0,0.514,0.0,0.0,0.0,0.0,0.0,0.363,0.257,0.001,0.062,0.0,0.0,0.0,0.0,0.0,0.005,0.0,0.0,0.005,0.0,0.0,0.0,0.167,0.0,0.396,0.253,0.004,0.0,0.067,0.092,0.006,0.021,0.0,-999.0,1.061,0.0,
1911,0.243,0.0,0.473,0.227,0.077,0.0,-999.0,0.322,0.212,0.0,0.187,0.092,0.059,0.119,0.096,0.437,0.0,0.0,0.0,0.0,0.064,0.736,0.501,0.0,0.226,0.002,0.0,0.0,0.073,0.0,0.125,0.0,0.106,0.039,0.088,0.0,0.0,0.0,0.0,0.214,0.182,0.0,0.0,0.0,0.092,0.0,0.067,0.0,-999.0,1.137,0.0,
1912,0.111,0.0,0.179,0.095,0.0,0.0,-999.0,0.64,0.215,0.0,0.029,0.018,0.0,0.0,0.333,0.789,0.0,1.0,0.0,0.0,0.056,0.402,0.041,0.0,0.028,0.0,0.0,0.0,0.0,0.0,0.139,0.0,0.0,0.15,0.0,0.0,0.0,0.584,0.055,0.158,0.2,0.004,0.484,0.048,0.0,0.101,0.093,0.0,-999.0,0.229,1.0,
1913,0.444,0.0,0.441,0.253,0.0,0.0,-999.0,0.0,0.124,0.0,0.063,0.243,0.0,0.045,0.592,0.65,0.5,0.0,0.0,0.0,0.007,0.47,0.006,0.0,0.001,0.0,0.0,0.011,0.0,0.1,0.427,0.0,0.101,0.258,0.0,0.0,0.0,0.0,0.0,0.564,0.545,0.001,0.991,0.003,0.002,0.101,0.004,0.0,-999.0,0.944,0.0,
1914,0.0,0.0,0.147,0.391,0.0,0.0,-999.0,0.529,0.265,0.0,0.052,0.0,0.338,0.14,0.0,0.572,0.0,0.0,0.0,0.067,0.084,0.204,0.168,0.0,0.017,0.0,0.0,0.011,0.0,0.083,0.078,0.126,0.001,0.005,0.0,0.0,0.0,0.0,0.049,0.248,0.616,0.0,0.0,0.003,0.0,0.001,0.117,0.0,-999.0,0.548,0.0,
1915,0.485,0.0,0.414,0.345,0.0,0.0,-999.0,0.598,0.682,0.0,0.151,0.045,0.108,0.12,0.167,0.491,0.0,0.0,0.222,0.0,0.029,0.449,0.58,0.0,0.117,0.0,0.0,0.178,0.124,0.0,0.273,0.062,0.033,0.647,0.0,0.0,0.0,0.445,0.06,0.063,0.353,0.0,0.0,0.158,0.005,0.0,0.022,0.0,-999.0,3.671,0.0,
1916,0.944,0.071,0.083,0.274,0.001,1.0,-999.0,0.441,0.326,0.0,0.042,0.0,0.041,0.135,0.083,0.712,0.0,0.0,0.333,0.0,0.029,0.751,0.108,0.036,0.0,0.0,0.0,0.0,0.061,0.05,0.576,0.001,0.0,0.304,0.0,0.0,-999.0,0.51,0.034,0.091,0.144,0.0,0.0,0.006,0.0,0.003,0.004,0.0,-999.0,2.109,0.0,
1917,0.5,0.0,0.0,0.144,0.001,0.0,-999.0,0.165,0.023,0.0,0.092,0.0,0.016,0.044,0.023,0.076,0.0,0.0,0.0,0.0,0.0,0.132,0.111,0.0,0.01,0.0,0.0,0.0,0.0,0.0,0.273,0.0,0.0,0.11,0.0,0.0,-999.0,0.223,0.033,0.159,0.024,0.001,0.0,0.004,0.051,0.0,0.147,0.0,-999.0,0.479,0.0,
1918,0.556,0.0,0.58,0.0,0.0,0.0,-999.0,0.087,0.303,0.0,0.077,0.001,0.001,0.03,0.02,0.422,0.0,0.0,0.026,0.0,0.0,0.496,0.218,0.0,0.031,0.0,0.0,0.011,0.0,0.0,0.558,0.062,0.0,0.202,0.0,0.0,0.0,0.038,0.0,0.09,0.183,0.001,0.0,0.0,0.026,0.17,0.076,0.0,-999.0,4.367,1.0,
1919,0.833,0.049,0.174,0.081,0.039,1.0,-999.0,0.145,0.224,0.0,0.166,0.047,0.008,0.105,0.336,0.218,0.0,0.0,0.026,0.001,0.059,0.334,0.12,0.0,0.173,0.0,0.0,0.167,0.0,0.0,0.122,0.0,0.022,0.107,0.001,0.125,0.0,0.14,0.0,0.318,0.374,0.0,0.0,0.0,0.026,0.003,0.003,0.0,-999.0,0.188,1.0,
1920,0.607,0.0,0.087,0.127,0.0,-999.0,-999.0,0.773,0.368,0.0,0.046,0.001,0.002,0.106,0.396,1.077,0.0,0.0,0.0,0.002,0.0,0.464,0.0,0.0,0.029,0.0,0.0,0.333,0.0,0.05,0.206,0.0,0.035,0.1,0.0,0.0,0.0,0.333,0.0,0.482,0.267,0.001,0.0,0.192,0.026,0.002,0.009,0.0,-999.0,0.75,0.0,
1921,0.46,0.0,0.353,0.0,0.0,-999.0,-999.0,0.497,0.096,0.0,0.047,0.001,0.108,0.097,0.128,0.223,0.0,0.0,0.026,0.144,0.0,0.229,0.094,0.0,0.03,0.0,0.0,0.167,0.0,0.0,0.191,0.0,0.0,0.0,0.192,0.123,0.0,0.311,0.066,0.045,0.291,0.0,0.0,0.0,0.103,0.003,0.023,0.0,-999.0,0.617,0.0,
1922,0.333,0.0,0.147,0.0,0.0,0.0,-999.0,0.052,0.113,0.0,0.052,0.0,0.017,0.056,0.196,0.58,0.022,0.0,0.222,0.0,0.056,0.45,0.146,0.0,0.045,0.0,0.0,0.0,0.0,0.051,0.059,0.0,0.067,0.1,0.0,0.062,0.0,0.021,0.069,0.0,0.225,0.001,0.0,0.0,0.0,0.0,0.055,0.0,-999.0,0.229,0.0,
1923,0.24,0.0,0.352,0.067,0.001,0.0,-999.0,0.143,0.121,0.0,0.042,0.0,0.018,0.218,0.0,0.572,0.0,0.0,0.026,0.0,0.0,0.493,0.125,0.0,0.02,0.0,0.0,0.0,0.0,0.0,0.032,0.069,0.0,0.533,0.0,0.0,0.0,0.13,0.001,0.102,0.251,0.002,0.0,0.0,0.0,0.0,0.0,0.0,-999.0,3.087,0.0,
1924,0.118,0.0,0.0,0.011,0.001,0.0,-999.0,0.773,0.075,0.0,0.146,0.03,0.124,0.094,0.167,0.143,0.0,-999.0,0.663,0.002,0.027,0.081,0.155,0.0,0.011,0.0,0.0,0.333,0.0,0.114,0.451,0.0,0.072,0.058,0.125,0.0,1.0,0.634,0.001,0.372,0.038,0.0,0.0,0.063,0.026,0.0,0.122,0.0,-999.0,1.464,-999.0,
1925,0.225,0.0,0.118,0.066,0.001,0.0,-999.0,0.493,0.169,0.0,0.0,0.046,0.068,0.124,0.026,0.661,0.0,0.0,0.0,0.0,0.111,0.717,0.374,0.0,0.012,0.0,0.0,0.011,0.0,0.0,0.139,0.0,0.0,0.175,0.002,0.0,0.0,0.001,0.035,0.046,0.321,0.0,0.0,0.0,0.0,0.0,0.0,0.0,-999.0,0.229,0.0,
1926,0.78,0.0,0.21,0.086,0.001,0.0,-999.0,0.605,0.13,0.0,0.234,0.029,0.276,0.124,0.0,0.702,0.022,0.0,0.0,0.0,0.21,0.423,0.187,0.0,0.076,0.0,0.0,0.0,0.0,0.0,0.07,0.0,0.0,0.55,0.042,0.0,-999.0,0.042,0.033,0.175,0.376,0.0,0.0,0.048,0.0,0.0,0.057,0.0,-999.0,0.423,1.0,
1927,0.111,0.0,0.71,0.036,0.0,1.0,-999.0,0.259,0.0,0.0,0.12,0.129,0.146,0.086,0.0,1.539,0.0,0.0,0.0,0.0,0.003,0.431,0.219,0.0,0.008,0.0,-999.0,0.167,0.0,0.058,0.103,0.0,0.024,0.575,0.0,0.0,-999.0,0.148,0.002,0.115,0.175,0.0,0.667,0.15,0.0,0.003,0.009,0.0,-999.0,3.413,1.0,
1928,0.722,0.0,0.325,0.023,0.0,0.0,-999.0,0.861,0.575,0.0,0.015,0.0,0.197,0.209,0.167,0.57,0.0,0.0,0.0,0.001,0.056,0.618,0.283,0.0,0.048,0.0,-999.0,0.167,0.0,0.003,0.575,0.0,0.001,0.317,0.0,0.0,-999.0,0.908,0.002,0.144,0.157,0.0,0.0,0.15,0.0,0.0,0.067,0.0,-999.0,1.199,2.0,
1929,1.391,0.0,0.031,0.091,0.0,0.0,-999.0,0.307,1.331,0.0,0.035,0.0,0.1,0.092,0.0,0.966,0.0,0.0,0.0,0.001,0.083,0.517,0.155,0.0,0.098,0.0,-999.0,0.0,0.002,0.002,0.685,0.0,0.0,0.142,0.0,0.0,-999.0,0.63,0.06,0.256,0.332,0.0,0.0,0.234,0.0,0.003,0.0,0.0,-999.0,1.974,1.0,
1930,0.298,0.0,0.461,0.0,0.0,0.0,-999.0,0.444,0.023,0.0,0.03,0.0,0.103,0.091,0.0,0.354,0.0,0.0,0.0,0.0,0.0,0.227,0.0,0.0,0.022,0.0,-999.0,0.0,0.002,0.002,0.008,0.0,0.0,0.258,0.001,0.0,-999.0,0.0,0.0,0.258,0.264,0.0,0.0,0.135,0.007,0.0,0.0,0.0,-999.0,2.821,0.0,
1931,0.11,0.0,0.209,0.08,0.0,0.0,-999.0,0.083,0.117,0.0,0.134,0.091,0.033,0.188,0.026,0.637,0.0,0.0,0.333,0.0,0.001,0.673,0.031,0.0,0.0,0.0,-999.0,0.011,0.0,0.0,0.075,0.0,0.0,0.3,0.083,0.0,-999.0,0.081,0.039,0.114,0.146,0.0,0.333,0.0,0.0,0.003,0.022,0.0,-999.0,1.393,3.0,
1932,0.611,0.0,0.441,0.005,0.0,0.0,-999.0,0.25,0.03,0.0,0.03,0.036,0.067,0.068,0.167,0.962,0.5,0.0,0.167,0.0,0.001,0.785,0.094,0.0,0.037,0.0,-999.0,0.345,0.061,0.25,0.491,0.123,0.0,0.25,0.0,0.0,-999.0,0.871,0.035,0.349,0.389,0.0,0.0,0.017,0.205,0.0,0.0,0.0,-999.0,2.627,2.0,
1933,0.17,0.0,0.265,0.144,0.0,0.0,-999.0,0.935,0.269,0.0,0.068,0.061,0.156,0.061,0.167,0.834,0.022,0.0,0.776,0.0,0.027,0.408,0.167,0.0,0.071,0.0,-999.0,0.5,0.0,0.15,0.075,0.0,0.0,0.267,0.14,0.0,-999.0,0.555,0.033,0.205,0.141,0.0,0.0,0.01,0.179,0.0,0.066,0.0,-999.0,1.658,3.0,
1934,0.545,0.0,0.294,0.065,0.0,0.0,-999.0,0.648,0.155,0.0,0.057,0.0,0.086,0.03,0.0,0.309,0.25,0.0,0.333,0.0,0.0,0.501,0.094,0.0,0.001,0.0,-999.0,0.011,0.0,0.1,0.239,0.0,0.034,0.15,0.004,0.0,-999.0,0.46,0.033,0.198,0.201,0.0,0.0,0.177,0.026,0.0,0.001,0.0,-999.0,0.811,0.0,
1935,0.114,0.0,0.324,0.021,0.0,0.0,-999.0,0.62,0.254,0.0,0.119,0.136,0.045,0.078,0.25,0.503,0.0,0.0,0.333,0.067,0.028,0.65,0.125,0.0,0.012,0.0,0.0,0.333,0.0,0.233,0.073,0.0,0.099,0.267,0.004,0.0,-999.0,0.627,0.003,0.144,0.445,0.0,0.0,0.0,0.097,0.0,0.0,0.0,-999.0,1.137,0.0,
1936,0.944,0.0,0.235,0.036,0.0,0.0,-999.0,0.222,0.651,0.0,0.051,0.03,0.062,0.022,0.0,0.143,0.0,0.0,0.667,0.0,0.0,0.263,0.156,0.0,0.0,0.0,0.0,0.167,0.0,0.0,0.259,0.0,0.0,0.233,0.004,0.0,-999.0,0.059,0.001,0.437,0.537,0.0,0.0,0.0,0.0,0.199,0.0,0.0,-999.0,3.403,0.0,
1937,0.444,0.0,0.564,0.186,0.0,0.0,-999.0,0.66,0.152,0.0,0.021,0.137,0.083,0.105,0.164,0.764,0.0,0.0,0.0,0.089,0.083,0.0,0.124,0.0,0.04,0.0,0.0,0.333,0.0,0.05,0.219,0.0,0.133,0.092,0.094,0.125,-999.0,0.096,0.003,0.32,0.123,0.0,0.0,0.095,0.108,0.164,0.0,0.0,-999.0,2.168,0.0,
1938,0.488,0.0,0.764,0.139,0.038,1.0,-999.0,0.287,0.0,0.0,0.041,0.0,0.071,0.144,0.083,0.364,0.0,0.0,0.167,0.0,0.004,0.3,0.0,0.022,0.0,0.0,0.0,0.833,0.003,0.1,0.182,0.0,0.067,0.033,0.049,0.0,-999.0,0.222,0.001,0.303,0.171,0.0,0.0,0.0,0.0,0.0,0.166,0.0,-999.0,1.331,1.0,
1939,0.667,0.0,0.272,0.065,0.0,0.0,-999.0,0.407,0.235,0.0,0.031,0.029,0.075,0.0,0.0,0.005,0.0,0.0,0.0,0.0,0.056,0.218,0.031,0.0,0.0,0.0,0.0,0.5,0.001,0.0,0.142,0.125,0.135,0.005,0.004,0.0,-999.0,0.0,0.072,0.068,0.12,0.0,0.0,0.0,0.0,0.0,0.067,0.0,-999.0,2.385,0.0,
1940,0.278,0.0,0.163,0.113,0.0,1.0,-999.0,0.102,0.325,0.0,0.0,0.0,0.148,0.106,0.0,1.641,0.0,0.0,0.0,0.0,0.0,0.433,0.0,0.0,0.01,0.0,0.0,0.167,0.0,0.0,0.471,0.0,0.002,0.033,0.049,0.0,-999.0,0.593,0.033,0.0,0.501,0.0,0.0,0.286,0.0,0.0,0.278,0.0,-999.0,0.617,1.0,
1941,0.278,0.0,0.265,0.134,0.0,0.0,-999.0,0.389,0.455,0.0,0.052,0.0,0.092,0.364,0.0,0.871,0.014,0.0,0.0,0.0,0.057,0.142,0.187,0.067,0.124,0.0,0.0,0.0,0.002,0.0,0.154,0.0,0.002,0.433,0.003,0.125,-999.0,0.593,0.0,0.012,0.338,0.0,0.0,0.153,0.0,0.0,0.017,0.0,-999.0,1.78,0.0,
1942,0.363,0.0,0.353,0.139,0.0,0.0,-999.0,0.176,0.356,0.0,0.036,0.03,0.016,0.174,0.0,1.224,0.014,0.0,0.0,0.326,0.095,0.69,0.145,0.0,0.251,0.0,0.0,0.167,0.0,0.2,0.148,0.0,0.0,0.125,0.041,0.0,-999.0,0.0,0.073,0.205,0.332,0.0,0.0,0.224,0.103,0.001,0.167,0.0,-999.0,1.78,0.0,
1943,1.056,0.0,0.176,0.317,0.001,0.0,-999.0,0.333,0.234,0.0,0.094,0.09,0.097,0.075,0.0,1.128,0.014,0.0,0.0,0.024,0.204,0.395,0.531,0.0,0.014,0.0,0.0,0.167,0.0,0.0,0.035,0.0,0.056,0.8,0.0,0.0,-999.0,0.363,0.0,0.023,0.223,0.0,0.0,0.0,0.077,0.0,0.067,0.0,-999.0,1.852,0.0,
1944,0.988,0.0,0.324,0.084,0.0,1.0,-999.0,0.971,0.598,0.0,0.0,0.0,0.082,0.223,0.0,0.619,0.014,0.0,0.0,0.022,0.057,0.46,0.115,0.0,0.102,0.0,0.0,0.167,0.0,0.05,0.406,0.0,0.0,0.2,0.0,0.0,-999.0,0.578,0.089,0.232,0.201,0.0,0.0,0.119,0.0,0.003,0.0,0.0,-999.0,0.229,0.0,
1945,0.444,0.0,0.559,0.272,0.0,0.0,-999.0,1.231,0.182,0.0,0.11,0.227,0.03,0.092,0.0,0.952,0.014,0.0,0.0,0.033,0.057,0.224,0.28,0.0,0.1,0.0,0.0,0.0,0.074,0.0,0.383,0.0,0.0,0.533,0.083,0.0,-999.0,0.815,0.0,0.25,0.476,0.0,0.0,0.143,0.041,0.0,0.0,0.0,-999.0,0.811,0.0,
1946,0.389,0.0,0.24,0.0,0.0,0.0,-999.0,0.128,0.213,0.0,0.187,0.045,0.205,0.293,0.0,1.26,0.014,0.0,0.0,0.001,0.057,0.873,0.406,0.0,0.107,0.0,0.0,0.333,0.0,0.0,0.23,0.0,0.022,0.127,0.043,0.125,-999.0,0.296,0.033,0.205,0.48,0.0,0.0,0.0,0.0,0.005,0.1,0.0,-999.0,1.005,1.0,
1947,0.0,0.0,0.36,0.021,0.026,0.0,-999.0,1.278,0.114,0.0,0.062,0.0,0.205,0.04,0.0,0.957,0.014,0.0,0.0,0.073,0.0,0.77,0.188,0.034,0.049,0.0,0.0,0.0,0.001,0.0,0.364,0.061,0.033,0.0,0.042,0.0,-999.0,0.148,0.0,0.0,0.137,0.0,0.0,0.093,0.0,0.0,0.177,0.0,-999.0,1.005,0.0,
1948,0.278,0.0,0.176,0.036,0.0,0.0,-999.0,0.472,0.795,0.0,0.031,0.0,0.018,0.074,0.333,0.909,0.014,0.0,0.0,0.0,0.028,0.971,0.219,0.0,0.023,0.0,0.0,0.167,0.0,0.05,0.105,0.001,0.034,0.333,0.081,0.0,-999.0,0.134,0.0,0.252,0.086,0.0,0.0,0.0,0.0,0.0,0.0,0.0,-999.0,1.005,0.0,
1949,0.333,0.0,0.5,0.005,0.042,0.0,-999.0,0.769,0.273,0.0,0.031,0.078,0.05,0.095,0.5,0.573,0.0,0.0,0.0,0.0,0.0,0.301,0.115,0.0,0.02,0.0,0.0,0.0,0.0,0.15,0.323,0.125,0.0,0.167,0.0,0.0,0.0,0.279,0.0,0.424,0.541,0.0,0.0,0.055,0.0,0.0,0.0,0.0,-999.0,2.505,0.0,
1950,0.222,0.0,0.147,0.312,0.0,0.0,-999.0,0.889,0.424,0.0,0.068,0.03,0.159,0.152,0.0,0.526,0.0,0.0,0.0,0.0,0.056,0.586,0.035,0.0,0.098,0.0,0.0,0.167,0.0,0.0,0.159,0.0,0.035,0.442,0.224,0.0,0.0,0.112,0.065,0.068,0.134,0.0,0.0,0.008,0.005,0.101,0.166,0.0,-999.0,0.811,0.0,
1951,0.611,0.0,0.146,0.056,0.07,0.0,-999.0,1.213,0.091,0.0,0.188,0.045,0.143,0.31,0.167,0.221,0.0,0.0,0.0,0.022,0.056,0.494,0.031,0.0,0.122,0.0,0.0,0.0,0.0,0.0,0.172,0.0,0.001,0.3,0.088,0.0,0.0,0.0,0.0,0.136,0.214,0.0,0.0,0.01,0.077,0.129,0.066,0.0,-999.0,1.658,-999.0,
1952,0.0,0.0,0.265,0.273,0.0,0.0,-999.0,0.139,0.273,0.0,0.0,0.109,0.133,0.018,0.0,0.419,0.0,0.0,0.0,0.0,0.0,0.004,0.058,0.0,0.043,0.0,0.0,0.5,0.0,0.05,0.227,0.0,0.0,0.033,0.0,0.0,1.0,0.111,0.031,0.09,0.341,0.0,0.0,0.019,0.0,0.001,0.05,0.0,-999.0,1.137,0.0,
1953,0.611,0.0,0.176,0.08,0.0,0.0,-999.0,1.12,0.477,0.0,0.031,0.0,0.025,0.11,0.0,1.143,0.0,0.0,0.333,0.0,0.139,0.567,0.096,0.0,0.0,0.0,0.0,0.167,0.0,0.15,0.105,0.0,0.0,0.392,0.083,0.0,1.0,0.0,0.022,0.091,0.27,0.0,0.0,0.0,0.077,0.001,0.071,0.0,-999.0,0.617,0.0,
1954,0.111,0.0,0.175,0.071,0.0,1.0,-999.0,0.519,0.182,0.0,0.083,0.045,0.125,0.014,0.0,0.437,0.25,1.0,0.444,0.059,0.11,0.402,0.002,0.0,0.04,0.0,0.0,0.167,0.0,0.0,0.357,0.0,0.067,0.133,0.0,0.375,1.0,0.222,0.0,0.045,0.038,0.0,0.0,0.5,0.0,0.501,0.0,0.0,-999.0,1.658,1.0,
1955,0.444,0.0,0.235,0.347,0.0,1.0,-999.0,0.222,0.053,0.0,0.061,0.0,0.025,0.151,0.0,0.942,0.0,0.0,1.0,0.0,0.111,0.699,0.241,0.0,0.011,0.0,0.0,0.833,0.0,0.2,0.492,0.0,0.067,0.458,0.0,0.0,1.0,0.244,0.0,0.076,0.18,0.0,0.0,0.31,0.077,0.0,0.0,0.0,-999.0,2.699,0.0,
1956,0.611,0.0,0.088,0.229,0.0,0.0,-999.0,0.41,0.345,0.0,0.061,0.091,0.001,0.023,0.167,0.567,0.0,0.0,0.0,0.0,0.028,0.515,0.156,0.0,0.071,0.0,0.0,0.167,0.0,0.0,0.072,0.062,0.0,0.0,0.083,0.0,0.0,0.148,0.02,0.341,0.084,0.0,0.0,0.071,0.0,0.0,0.067,0.0,-999.0,0.617,0.0,
1957,0.222,0.0,0.85,0.095,0.0,0.0,-999.0,0.176,0.277,0.0,0.228,0.394,0.018,0.117,0.0,1.235,0.0,0.0,0.0,0.0,0.147,0.485,0.219,0.0,0.051,0.0,0.0,0.0,0.0,0.0,0.195,0.0,0.022,0.627,0.0,0.0,0.0,0.104,0.035,0.28,0.763,0.0,0.0,0.071,0.0,0.0,0.0,0.0,-999.0,1.331,1.0,
1958,0.0,0.0,0.412,0.08,0.028,0.0,-999.0,0.417,0.171,0.0,0.099,0.166,0.133,0.201,0.0,0.437,0.0,0.0,0.0,0.0,0.118,0.224,0.333,0.0,0.141,0.0,0.0,0.333,0.0,0.0,0.169,0.0,0.0,0.225,0.0,0.0,0.0,0.0,0.0,0.023,0.303,0.0,0.0,0.317,0.0,0.0,0.083,0.0,-999.0,1.985,1.0,
1959,0.167,0.071,0.265,0.021,0.026,0.0,-999.0,0.546,0.163,0.0,0.145,0.199,0.192,0.085,0.0,0.909,0.0,0.0,0.333,0.062,0.029,0.459,0.083,0.0,0.015,0.0,0.0,0.333,0.0,0.001,0.337,0.0,0.022,0.442,0.042,0.0,0.0,0.933,0.0,0.0,0.483,0.0,0.0,0.079,0.103,0.0,0.083,0.0,-999.0,0.229,0.0,
1960,0.444,0.0,0.353,0.06,0.0,1.0,-999.0,0.806,0.261,0.0,0.0,0.07,0.025,0.072,0.167,0.078,0.0,0.0,0.444,0.0,0.056,0.501,0.014,0.0,0.035,0.0,0.0,0.5,0.0,0.101,0.441,0.0,0.0,0.158,0.042,0.0,1.0,0.333,0.0,0.28,0.707,0.0,0.0,0.0,0.0,0.0,0.0,0.0,-999.0,1.005,0.0,
1961,1.5,0.0,0.441,0.021,0.0,0.0,-999.0,0.204,0.492,0.0,0.291,0.187,0.333,0.296,0.0,0.923,0.0,0.0,0.222,0.0,0.056,0.827,0.446,0.0,0.012,0.0,0.0,0.0,0.0,0.0,0.133,0.0,0.0,0.542,0.167,0.0,1.0,0.0,0.022,0.205,0.457,0.0,0.0,0.246,0.0,0.083,0.167,0.0,-999.0,0.617,2.0,
1962,0.167,0.0,0.027,0.307,0.0,0.0,-999.0,0.537,0.273,0.0,0.062,0.004,0.297,0.111,0.0,0.214,0.0,0.0,0.556,0.0,0.25,0.188,0.062,0.0,0.12,0.0,0.0,0.0,0.0,0.0,0.32,0.0,0.067,0.067,0.0,0.0,0.0,0.156,0.0,0.28,0.103,0.0,0.0,0.0,0.0,0.0,0.0,0.0,-999.0,0.75,0.0,
1963,0.222,0.0,0.206,0.194,0.0,0.0,-999.0,0.557,0.5,0.0,0.0,0.0,0.126,0.061,0.0,0.5,0.0,0.0,0.0,0.0,0.088,0.142,0.031,0.0,0.071,0.0,0.0,0.0,0.0,0.0,0.19,0.062,0.067,0.1,0.0,0.0,0.0,0.431,0.022,0.105,0.095,0.0,0.0,0.0,0.0,0.0,0.0,0.0,-999.0,2.372,0.0,
1964,0.831,0.0,0.294,0.288,0.051,0.0,-999.0,0.627,1.0,0.0,0.021,0.155,0.139,0.115,0.167,0.801,0.0,0.0,0.0,0.003,0.028,0.638,0.271,0.0,0.011,0.0,0.0,0.0,0.0,0.0,0.576,0.0,0.067,0.1,0.042,0.062,0.0,1.148,0.089,0.122,0.132,0.0,0.0,0.405,0.026,0.167,0.0,0.0,-999.0,0.423,0.0,
1965,0.5,0.0,0.705,0.08,0.025,1.0,-999.0,0.427,0.174,0.0,0.07,0.0,0.05,0.178,0.167,0.491,0.0,0.0,0.0,0.034,0.0,0.261,0.135,0.0,0.067,0.0,0.0,0.0,0.0,0.0,0.089,0.0,0.067,0.081,0.125,0.0,0.0,0.407,0.033,0.178,0.301,0.0,0.0,0.0,0.0,0.0,0.0,0.0,-999.0,2.505,2.0,
1966,0.0,0.0,0.676,0.124,0.0,0.0,-999.0,0.315,0.432,0.0,0.047,0.0,0.042,0.057,0.0,0.587,0.25,0.0,0.0,0.002,0.0,0.417,0.052,0.0,0.09,0.0,0.0,0.167,0.111,0.1,0.183,0.062,0.033,0.1,0.0,0.0,0.0,0.133,0.0,0.114,0.235,0.0,0.0,0.143,0.0,0.0,0.067,0.0,-999.0,0.75,0.0,
1967,0.225,0.0,0.118,0.119,0.0,0.0,-999.0,0.334,0.182,0.0,0.03,0.136,0.101,0.163,0.333,0.928,0.0,0.0,0.333,0.002,0.0,0.861,0.125,0.0,0.043,0.0,0.0,0.333,0.0,0.0,0.208,0.0,0.033,0.2,0.0,0.0,0.0,0.378,0.022,0.167,0.387,0.0,0.0,0.0,0.0,0.0,0.0,0.0,-999.0,1.913,0.0,
1968,0.111,0.0,0.235,0.065,0.0,0.0,-999.0,0.949,0.083,0.0,0.078,0.2,0.143,0.09,0.167,0.075,0.0,0.0,0.444,0.022,0.083,0.218,0.115,0.0,0.125,0.0,0.0,0.0,0.0,0.05,0.163,0.062,0.067,0.067,0.083,0.0,0.0,0.259,0.002,0.098,0.246,0.167,0.0,0.071,0.004,0.0,0.0,0.0,-999.0,2.046,1.0,
1969,0.278,0.0,0.412,0.307,0.0,0.0,-999.0,0.636,0.311,0.0,0.161,0.0,0.043,0.141,0.167,0.505,0.75,0.0,0.0,0.0,0.0,0.616,0.371,0.0,0.02,0.0,0.0,0.167,0.0,0.0,0.149,0.0,0.289,0.092,0.0,0.0,0.0,0.504,0.0,0.295,0.327,0.0,0.0,0.119,0.0,0.0,0.039,0.0,-999.0,1.697,0.0,
1970,0.444,0.0,0.353,0.189,0.0,0.0,-999.0,0.565,0.227,0.0,0.063,0.0,0.233,0.057,0.0,0.15,0.0,0.0,0.0,0.0,0.028,0.475,0.396,0.0,0.008,0.25,0.0,0.0,0.0,0.033,0.249,0.0,0.0,0.392,0.042,0.0,0.0,0.17,0.0,0.303,0.14,0.0,0.0,0.0,0.0,0.0,0.0,0.0,-999.0,1.406,1.0,
1971,0.389,0.0,0.292,0.005,0.0,1.0,-999.0,0.204,0.114,0.0,0.047,0.0,0.042,0.086,0.0,0.72,0.0,0.0,0.0,0.0,0.083,0.362,0.062,0.0,0.02,0.0,0.0,0.833,0.056,0.15,0.206,0.125,0.033,0.233,0.042,0.0,0.0,0.185,0.096,0.114,0.537,0.0,0.0,0.048,0.026,0.0,0.0,0.0,-999.0,0.423,0.0,
1972,0.5,0.0,0.529,0.005,0.0,-999.0,-999.0,0.776,0.045,0.001,0.087,0.0,0.242,0.148,0.083,0.15,0.022,0.0,0.333,0.067,0.112,0.377,0.061,0.0,0.091,0.0,0.0,0.333,0.0,0.3,0.119,0.0,0.1,0.267,0.0,0.289,1.0,0.037,0.002,0.053,0.118,0.0,0.0,0.566,0.026,0.001,0.133,0.0,-999.0,1.27,0.0,
1973,0.667,0.0,0.532,0.115,0.0,0.0,-999.0,0.294,0.095,0.001,0.159,0.091,0.242,0.394,0.0,1.703,0.022,0.0,0.0,0.0,0.083,1.064,0.467,0.033,0.106,0.0,0.0,0.333,0.0,0.0,0.357,0.125,0.066,0.383,0.0,0.003,0.0,0.79,0.0,1.147,0.715,0.0,0.333,0.0,0.0,0.0,0.0,0.0,-999.0,1.314,0.0,
1974,0.611,0.0,0.706,0.139,0.0,0.0,-999.0,0.644,0.091,0.001,0.109,0.0,0.108,0.161,0.167,0.285,0.022,0.0,0.111,0.0,0.028,0.682,0.049,0.0,0.059,0.0,0.0,0.167,0.0,0.0,0.204,0.062,0.0,0.733,0.0,0.001,0.0,0.069,0.033,0.28,0.457,0.0,0.0,0.0,0.0,0.0,0.027,0.0,-999.0,0.423,0.0,
1975,0.448,0.0,0.265,0.025,0.0,0.0,-999.0,0.037,0.155,0.0,0.05,0.045,0.017,0.107,0.333,0.364,0.0,1.0,0.0,0.2,0.028,0.876,0.128,0.0,0.0,0.0,0.0,0.167,0.0,0.183,0.09,0.0,0.022,0.479,0.0,0.167,0.0,0.331,0.0,0.889,0.268,0.0,0.004,0.0,0.026,0.167,0.056,0.0,-999.0,2.372,1.0,
1976,0.82,0.0,0.235,0.005,0.0,0.0,-999.0,0.454,0.443,0.0,0.016,0.0,0.051,0.101,0.167,0.217,0.0,0.0,0.0,0.0,0.0,0.035,0.099,0.067,0.008,0.0,0.0,0.0,0.0,0.0,0.209,0.0,0.066,0.058,0.0,0.003,0.0,0.473,0.071,0.147,0.22,0.0,0.0,0.143,0.0,0.0,0.065,0.0,-999.0,1.658,0.0,
1977,0.632,0.0,0.321,0.124,0.049,0.0,-999.0,0.111,0.427,0.0,0.136,0.018,0.267,0.192,0.0,0.579,0.0,0.0,0.0,0.022,0.083,0.57,0.16,0.0,0.169,0.0,0.0,0.0,0.0,0.15,0.473,0.062,0.0,0.317,0.0,0.074,0.0,0.215,0.05,0.222,0.181,0.0,0.0,0.0,0.077,0.0,0.0,0.0,-999.0,0.77,0.0,
1978,0.114,0.143,0.379,0.156,0.0,0.0,-999.0,0.286,0.17,0.0,0.136,0.135,0.225,0.047,0.5,0.929,0.0,0.0,0.333,0.045,0.113,0.439,0.188,0.0,0.024,0.0,0.0,0.0,0.0,0.0,0.055,0.0,0.0,0.225,0.0,0.003,0.0,0.111,0.0,0.13,0.295,0.0,0.0,0.071,0.0,0.0,0.172,0.0,-999.0,1.352,0.0,
1979,1.573,0.0,0.319,0.17,0.031,0.0,-999.0,0.604,0.412,0.0,0.157,0.274,0.083,0.186,1.0,0.931,0.0,0.0,0.111,0.0,0.028,1.724,0.116,0.0,0.0,0.0,-999.0,0.0,0.0,0.0,0.61,0.0,0.255,0.334,0.0,0.003,0.0,0.763,0.0,0.464,0.521,0.0,0.0,0.31,0.024,0.003,0.022,0.0,-999.0,2.495,0.0,
1980,0.32,0.0,0.208,0.119,0.0,1.0,-999.0,0.25,0.034,0.0,0.001,0.022,0.158,0.026,0.0,1.348,0.0,0.0,0.0,0.0,0.056,1.011,0.002,0.0,0.017,0.0,-999.0,0.0,0.167,0.0,0.223,0.0,0.067,0.336,0.042,0.0,0.0,0.259,0.033,0.297,0.474,0.0,0.0,0.0,0.077,0.0,0.133,0.0,-999.0,2.046,0.0,
1981,0.222,0.0,0.235,0.124,0.111,0.0,-999.0,0.167,0.432,0.0,0.219,0.091,0.116,0.038,0.0,0.471,0.0,0.0,0.0,0.141,0.111,0.142,0.252,0.0,0.053,0.0,0.0,0.0,0.0,0.033,0.122,0.0,0.144,0.431,0.167,0.062,0.0,0.222,0.067,0.0,0.54,0.0,0.0,0.0,0.0,0.0,0.15,0.0,-999.0,0.423,-999.0,
1982,0.515,0.0,0.765,0.349,0.0,1.0,-999.0,0.667,0.212,0.0,0.333,0.091,0.127,0.056,0.0,1.005,0.0,0.0,0.0,0.067,0.0,1.091,0.751,0.0,0.062,0.0,0.0,0.0,0.0,0.0,0.089,0.062,0.0,0.41,0.0,0.062,2.0,0.333,0.0,0.242,0.302,0.0,0.0,0.19,0.103,0.0,0.1,0.0,-999.0,3.862,-999.0,
1983,0.222,0.0,0.412,0.145,0.001,0.0,-999.0,0.287,0.124,0.0,0.151,0.091,0.084,0.129,0.0,0.916,0.25,-999.0,0.0,0.0,0.083,1.412,0.295,0.0,0.053,0.0,0.0,0.333,0.0,0.25,0.257,0.0,0.0,0.586,0.0,0.0,1.0,0.267,0.033,0.439,0.228,0.0,0.0,0.0,0.077,0.0,0.0,0.0,-999.0,0.229,0.0,
1984,0.003,0.0,0.294,0.005,0.0,0.0,-999.0,0.296,0.178,0.0,0.023,0.0,0.05,0.102,0.167,0.875,0.0,0.0,0.111,0.033,0.0,0.402,0.0,0.0,0.058,0.0,0.0,0.0,0.0,0.0,0.29,0.0,0.0,0.0,0.0,0.0,1.0,0.111,0.198,0.154,0.064,0.0,0.0,0.143,0.0,0.0,0.022,0.0,-999.0,1.137,1.0,
1985,0.114,0.0,0.279,0.031,0.0,0.0,-999.0,0.555,0.205,0.0,0.072,0.09,0.109,0.302,0.0,0.855,0.0,1.0,0.0,0.0,0.028,0.38,0.215,0.0,0.144,0.0,0.0,0.155,0.0,0.05,0.223,0.0,0.033,0.446,0.002,0.002,1.0,0.305,0.001,0.091,0.581,0.0,0.0,0.071,0.0,0.203,0.133,0.0,-999.0,1.852,0.0,
1986,0.114,0.0,0.202,0.281,0.001,0.0,-999.0,0.204,0.076,0.0,0.069,0.0,0.158,0.311,0.167,0.217,0.0,0.0,0.0,0.467,0.11,0.31,0.721,0.067,0.052,0.0,0.0,0.155,0.0,0.0,0.022,0.0,0.0,1.117,0.0,0.003,1.0,0.178,0.095,0.205,0.396,0.0,0.333,0.0,0.051,0.004,0.1,0.0,-999.0,1.199,0.0,
1987,0.053,0.0,0.702,0.052,0.001,0.0,-999.0,0.501,0.0,0.142,0.073,0.03,0.142,0.098,0.0,0.655,0.5,0.0,0.111,0.022,0.083,0.351,0.125,0.0,0.082,0.0,0.0,0.0,0.0,0.05,0.038,0.0,0.0,0.4,0.136,0.0,0.0,0.111,0.0,0.146,0.232,0.0,0.0,0.295,0.0,0.003,0.0,0.0,-999.0,2.24,1.0,
1988,0.303,0.0,0.472,0.054,0.001,0.0,-999.0,0.204,0.091,0.0,0.02,0.005,0.063,0.064,0.0,0.697,0.0,0.0,0.0,0.0,0.0,0.399,0.062,0.022,0.061,0.0,0.0,0.0,0.0,0.0,0.03,0.0,0.0,0.125,0.0,0.0,0.0,0.111,0.0,0.29,0.089,0.0,0.0,0.01,0.0,0.0,0.0,0.0,-999.0,1.005,1.0,
1989,0.241,0.0,0.353,0.02,0.0,0.0,-999.0,0.111,0.28,0.0,0.128,0.212,0.092,0.118,0.5,1.491,0.0,0.0,0.0,0.022,0.139,0.399,0.135,0.0,0.201,0.0,0.0,0.523,0.111,0.0,0.23,0.0,0.022,0.167,0.0,0.0,0.0,0.519,0.067,0.114,0.357,0.001,0.333,0.048,0.0,0.0,0.0,0.0,-999.0,3.209,0.0,
1990,1.336,0.0,0.411,0.018,0.001,1.0,-999.0,0.113,0.894,0.0,0.143,0.109,0.208,0.111,0.5,0.495,0.0,0.0,0.111,0.0,0.222,0.883,0.125,0.0,0.128,0.0,0.0,0.5,0.0,0.1,0.502,0.0,0.067,0.211,0.0,0.0,0.0,0.763,0.0,0.371,0.454,0.0,0.333,0.242,0.358,0.0,0.088,0.0,-999.0,1.587,0.0,
1991,0.056,0.0,0.471,0.062,0.0,1.0,-999.0,0.231,0.439,0.0,0.051,0.018,0.0,0.068,0.0,1.867,0.25,0.0,0.222,0.001,0.0,1.145,0.188,0.0,0.017,0.0,0.0,0.167,0.0,0.0,0.113,0.062,0.0,0.483,0.0,0.0,0.0,0.444,0.031,0.394,0.523,0.0,0.0,0.0,0.002,0.0,0.177,0.0,-999.0,0.811,1.0,
1992,0.056,0.0,0.131,0.041,0.0,0.0,-999.0,0.565,0.364,0.0,0.03,0.212,0.1,0.083,0.226,1.124,0.0,-999.0,0.0,0.001,0.027,0.766,0.199,0.0,0.049,0.0,0.0,0.0,0.0,0.0,0.106,0.0,0.022,0.066,0.0,0.0,0.0,0.037,0.0,0.137,0.28,0.0,0.0,0.256,0.0,0.0,0.0,0.0,-999.0,0.423,-999.0,
1993,0.0,0.0,0.3,0.156,0.0,0.0,-999.0,0.113,0.114,0.0,0.219,0.227,0.217,0.272,0.164,0.725,0.0,0.0,0.0,0.0,0.194,0.575,1.095,0.0,0.085,0.0,0.0,0.0,0.0,0.0,0.089,0.0,0.0,0.866,0.0,0.0,0.0,0.111,0.0,0.167,0.388,0.0,0.0,0.235,0.077,0.0,0.166,0.0,-999.0,0.617,0.0,
1994,0.243,0.0,0.369,0.02,0.0,0.0,-999.0,0.28,0.977,0.0,0.112,0.0,0.049,0.108,0.0,0.428,0.0,0.0,0.111,0.0,0.221,0.626,0.312,0.0,0.03,0.0,0.0,0.0,0.0,0.0,0.4,0.0,0.0,0.316,0.125,0.062,0.0,0.593,0.142,0.348,0.553,0.0,0.0,0.057,0.077,0.083,0.004,0.0,-999.0,1.464,0.0,
1995,0.944,0.0,0.032,0.55,0.0,-999.0,-999.0,0.565,0.864,0.001,0.055,0.063,0.038,0.042,0.426,1.575,0.0,0.0,0.0,0.073,0.082,0.738,0.374,0.0,0.071,0.0,0.0,0.0,0.0,0.05,0.48,0.0,0.0,0.214,0.042,0.0,0.0,0.363,0.064,0.023,0.279,0.0,0.0,0.412,0.0,0.0,0.066,0.0,-999.0,1.331,0.0,
1996,0.444,0.0,0.282,0.204,0.0,0.0,-999.0,0.628,0.485,0.0,0.233,0.2,0.151,0.149,0.04,0.789,0.25,0.0,0.556,0.004,0.027,0.357,0.032,0.0,0.035,0.0,0.0,0.333,0.0,0.183,0.703,0.0,0.0,0.256,0.451,0.062,1.0,0.37,0.131,0.147,0.209,0.0,0.0,0.533,0.035,0.251,0.067,0.0,-999.0,3.025,0.0,
1997,0.556,0.0,0.472,0.119,0.064,0.0,-999.0,0.273,0.667,0.0,0.04,0.0,0.041,0.022,0.806,0.732,0.0,0.0,0.0,0.001,0.003,0.15,0.157,0.0,0.015,0.0,0.0,0.5,0.0,0.0,0.247,0.062,0.033,0.243,0.0,0.0,0.0,0.415,0.031,0.333,0.479,0.0,0.0,0.31,0.092,0.0,0.056,0.0,-999.0,0.423,0.0,
1998,0.778,0.0,0.469,0.11,0.0,-999.0,-999.0,0.583,0.492,0.0,0.108,0.196,0.058,0.526,0.406,1.429,0.5,0.0,0.444,0.067,0.116,0.625,0.439,0.0,0.087,0.0,0.0,0.167,0.0,0.05,0.538,0.062,0.033,0.434,0.088,0.0,0.0,0.758,0.064,0.255,0.944,0.0,0.0,0.0,0.035,0.0,0.033,0.0,-999.0,0.229,1.0,
1999,0.111,0.0,0.206,0.104,0.038,-999.0,-999.0,0.213,0.303,0.0,0.06,0.0,0.15,0.137,0.0,0.879,0.75,0.0,0.556,0.133,0.118,0.5,0.125,0.0,0.07,0.0,0.0,0.833,0.0,0.25,1.063,0.0,0.0,0.092,0.0,0.0,0.0,0.141,0.042,0.538,0.208,0.0,0.984,0.289,0.0,0.0,0.033,0.0,-999.0,0.617,0.0,
2000,0.111,0.0,0.353,0.104,0.0,-999.0,-999.0,0.25,0.058,0.0,0.154,0.257,0.179,0.0,0.0,0.366,0.25,0.0,0.0,0.0,0.09,0.184,0.115,0.022,0.047,0.0,0.0,0.167,0.0,0.0,0.189,0.0,0.067,0.396,0.0,0.0,0.0,0.017,0.059,0.045,0.292,0.0,0.0,0.0,0.0,0.0,0.156,0.0,-999.0,0.423,0.0,
2001,0.611,0.0,0.765,0.005,0.0,-999.0,-999.0,0.574,0.058,0.0,0.045,0.054,0.104,0.068,0.167,1.519,0.0,0.0,0.111,0.067,0.059,0.915,0.125,0.0,0.012,0.0,0.0,0.0,0.0,0.05,0.142,0.0,0.0,0.333,0.0,0.0,0.0,0.142,0.0,0.364,0.48,0.0,0.0,0.0,0.026,0.0,0.0,0.0,-999.0,0.229,1.0,
2002,0.111,0.0,0.382,0.292,0.0,0.0,-999.0,0.306,0.104,0.0,0.312,0.378,0.038,0.081,0.417,1.21,0.0,0.0,0.0,0.067,0.088,0.741,0.312,0.022,0.038,0.0,0.0,0.0,0.0,0.0,0.306,0.143,0.067,0.2,0.042,0.0,1.0,0.017,0.016,0.795,0.454,0.0,0.0,0.143,0.004,0.0,0.128,0.0,-999.0,1.199,0.0,
2003,0.444,0.0,0.285,0.146,0.0,0.0,-999.0,0.204,0.223,0.0,0.132,0.304,0.05,0.181,0.0,0.786,0.0,0.0,0.0,0.067,0.0,0.699,0.261,0.0,0.037,0.0,0.0,0.0,0.0,0.051,0.339,0.0,0.099,0.325,0.049,0.003,0.0,0.074,0.002,0.735,0.225,0.0,0.0,0.484,0.128,0.083,0.067,0.0,-999.0,0.617,0.0,
2004,0.667,0.0,0.254,0.139,0.0,0.0,-999.0,1.273,0.749,0.0,0.081,0.178,0.211,0.139,0.0,1.077,0.0,0.0,0.222,0.0,0.206,0.325,0.059,0.0,0.014,0.0,0.0,0.333,0.0,0.101,0.549,0.0,0.166,0.183,0.0,0.875,0.0,0.787,0.057,0.28,0.442,0.0,0.0,0.241,0.0,0.003,0.076,0.0,-999.0,3.995,0.0,
2005,0.148,0.0,0.282,0.327,0.0,1.0,-999.0,0.37,0.569,0.0,0.04,0.064,0.108,0.239,0.167,0.508,0.25,-999.0,1.0,0.0,0.191,1.567,0.06,0.023,0.043,0.0,0.0,0.248,0.0,0.301,0.229,0.0,0.0,0.04,0.0,0.0,2.0,0.14,0.003,0.142,0.192,0.0,0.0,0.007,0.108,0.003,0.112,0.0,-999.0,0.811,0.0,
2006,0.111,0.0,0.203,0.036,0.028,0.0,-999.0,0.472,0.012,0.0,0.112,0.064,0.151,0.071,0.583,0.707,0.0,0.0,0.5,0.07,0.03,0.698,0.267,0.0,0.066,0.0,0.0,0.0,0.0,0.101,0.391,0.0,0.129,0.271,0.042,0.0,0.0,0.235,0.002,0.023,0.342,0.0,0.0,0.214,0.205,0.0,0.039,0.0,-999.0,0.617,1.0,
2007,0.108,0.0,0.167,0.014,0.0,0.0,-999.0,0.639,0.109,0.0,0.188,0.045,0.28,0.463,0.193,0.34,0.0,-999.0,0.0,0.0,0.113,0.234,0.167,0.0,0.133,0.0,0.0,0.667,0.0,0.101,0.089,0.0,0.218,0.864,0.0,0.0,0.0,0.1,0.244,0.023,0.431,0.0,0.0,0.0,0.154,0.0,0.217,0.0,-999.0,0.229,1.0,
2008,0.556,0.0,1.072,0.086,0.0,1.0,-999.0,0.463,0.355,0.0,0.333,0.518,0.358,0.181,0.0,0.851,0.25,0.0,0.444,0.067,0.0,0.935,0.906,0.0,0.147,0.0,0.0,0.167,0.0,0.001,0.308,0.0,0.0,0.29,0.0,0.0,0.0,0.308,0.035,0.167,0.389,0.0,0.0,0.259,0.077,0.0,0.363,0.0,-999.0,1.331,0.0,
2009,0.611,0.0,0.97,0.099,0.0,0.0,-999.0,0.361,0.55,0.0,0.073,0.036,0.042,0.177,0.0,0.965,0.0,0.0,0.0,0.0,0.0,0.535,0.499,0.0,0.001,0.0,0.0,0.0,0.002,0.0,0.171,0.0,0.0,0.45,0.083,0.062,1.0,0.207,0.001,0.152,0.336,0.002,0.0,0.0,0.084,0.001,0.0,0.0,-999.0,1.005,0.0,
2010,0.556,0.0,0.088,0.225,0.0,0.0,-999.0,0.407,0.295,0.0,0.205,0.045,0.283,0.145,1.153,0.15,0.0,0.0,0.222,0.0,0.264,0.126,0.313,0.0,0.051,0.0,0.0,0.833,0.0,0.35,0.288,0.0,0.002,0.492,0.0,0.188,1.0,0.37,0.089,0.817,0.176,0.0,0.0,0.0,0.15,0.0,0.15,0.0,-999.0,1.658,0.0,
2011,0.634,0.0,0.559,0.129,0.0,0.0,-999.0,0.814,0.132,0.0,0.096,0.074,0.067,0.066,0.396,0.564,0.5,0.0,0.0,0.26,0.0,1.011,0.359,0.0,0.042,0.0,-999.0,1.167,0.0,0.402,0.205,0.0,0.022,0.151,0.0,0.375,0.0,0.035,0.034,0.621,0.082,0.0,1.0,0.088,0.073,0.0,0.067,0.0,-999.0,0.423,1.0,
2012,0.45,0.0,0.265,0.241,0.0,0.0,-999.0,0.991,0.283,0.0,0.074,0.024,0.0,0.071,0.024,0.856,0.5,0.0,0.0,0.026,0.221,0.858,0.27,0.0,0.011,0.0,-999.0,0.333,0.0,0.0,0.054,0.0,0.0,0.478,0.146,0.0,0.0,0.155,0.033,0.182,0.28,0.0,0.0,0.186,0.0,0.0,0.083,0.0,-999.0,0.229,0.0,
2013,0.48,0.0,0.585,0.04,0.038,1.0,-999.0,0.162,0.457,0.0,0.288,0.319,0.141,0.112,0.024,1.016,0.0,0.0,0.0,0.0,0.087,0.704,0.282,0.0,0.029,0.0,-999.0,0.0,0.0,0.15,0.247,0.0,0.0,0.408,0.102,0.0,1.0,0.141,0.0,0.167,0.312,0.0,0.0,0.183,0.0,0.0,0.067,0.0,-999.0,1.331,0.0,
2014,0.75,0.0,0.263,0.329,0.0,0.0,-999.0,0.519,0.291,0.0,0.095,0.069,0.232,0.146,0.528,0.72,0.5,0.0,0.111,0.089,0.0,0.695,0.46,0.0,0.119,0.0,-999.0,0.167,0.0,0.15,0.139,0.069,0.035,0.0,0.0,0.0,1.0,0.181,0.034,0.144,0.203,0.0,0.011,0.373,0.0,0.0,0.0,0.0,-999.0,1.393,0.0,
2015,0.392,0.0,0.675,0.027,0.0,0.0,-999.0,0.334,0.14,0.0,0.324,0.086,0.251,0.18,0.296,1.074,0.75,0.0,0.026,0.0,0.001,0.711,0.483,0.0,0.086,0.0,-999.0,0.0,0.06,0.1,0.106,0.069,0.072,1.233,0.0,0.062,0.0,0.722,0.0,0.114,1.023,0.0,0.011,0.0,0.114,0.0,0.0,0.0,-999.0,2.689,0.0,
2016,0.46,0.0,0.616,0.222,0.0,0.0,-999.0,0.741,0.342,0.0,0.118,0.09,0.192,0.268,0.0,2.231,0.0,0.0,0.026,0.022,0.496,0.544,0.353,0.0,0.126,0.0,-999.0,0.333,0.0,0.1,1.039,0.0,0.0,0.181,0.05,0.125,0.0,1.206,0.1,0.227,0.495,0.0,0.011,0.0,0.024,0.167,0.167,0.0,-999.0,1.331,1.0,
2017,0.517,0.001,0.506,0.238,0.0,0.0,-999.0,1.554,1.057,0.0,0.149,0.408,0.167,0.102,0.496,1.201,0.0,0.0,0.026,0.033,0.062,0.96,0.635,0.0,0.108,0.0,-999.0,0.0,0.0,0.05,0.408,0.0,0.035,0.378,0.0,0.062,0.0,0.32,0.023,0.591,0.65,0.0,0.011,0.0,0.0,0.164,0.167,0.0,-999.0,1.137,1.0,
2018,0.332,0.001,0.573,0.003,0.0,1.0,-999.0,0.088,0.478,0.0,0.156,0.244,0.273,0.238,0.196,0.846,0.0,0.0,0.026,0.133,0.148,0.474,0.0,0.0,0.103,0.0,-999.0,0.248,0.123,0.0,0.712,0.082,0.0,0.878,0.003,0.296,0.0,0.392,0.289,0.139,0.59,0.0,0.011,0.469,0.0,0.0,0.117,0.0,-999.0,1.78,0.0,
2019,0.395,0.001,0.658,0.149,0.0,0.0,-999.0,0.59,0.224,0.0,0.116,0.054,0.052,0.298,0.0,1.114,0.0,0.0,0.026,0.0,0.118,0.599,0.413,0.0,0.139,0.0,-999.0,0.0,0.0,0.1,0.266,0.124,0.035,0.44,0.006,0.069,1.0,0.389,0.111,0.369,0.293,0.0,0.011,0.048,0.024,0.197,0.067,0.0,-999.0,1.605,0.0,
2020,0.823,0.0,0.306,0.0,0.039,0.0,-999.0,0.479,0.651,0.0,0.075,0.004,0.043,0.078,0.0,1.374,0.0,0.0,0.026,0.022,0.058,0.899,0.015,0.0,0.079,0.0,-999.0,0.248,0.0,0.099,0.416,0.0,0.023,0.184,0.004,0.0,0.0,0.106,0.0,0.278,0.307,0.0,0.011,0.424,0.023,0.0,0.1,0.0,-999.0,0.242,0.0,
2021,0.27,0.0,0.154,0.359,0.001,1.0,-999.0,0.32,0.515,0.0,0.069,0.148,0.262,0.141,0.357,1.482,0.022,0.0,0.193,0.002,0.059,1.353,0.305,0.0,0.238,0.0,-999.0,0.998,0.0,0.326,0.212,0.0,0.112,0.24,0.004,0.0,1.0,0.177,0.0,0.336,0.41,0.0,0.011,0.067,0.088,0.0,0.056,0.0,-999.0,1.513,0.0,
