Year,AL,AZ,AR,CA,CO,CT,DE,FL,GA,ID,IL,IN,IA,KS,KY,LA,ME,MD,MA,MI,MN,MS,MO,MT,NE,NV,NH,NJ,NM,NY,NC,ND,OH,OK,OR,PA,RI,SC,SD,TN,TX,UT,VT,VA,WA,WV,WI,WY,AK,HI,PR,VI
1900,10.033,29.364,28.481,21.351,14.084,0.0,-999.0,26.386,18.989,13.329,13.018,6.981,7.228,35.083,18.322,22.27,2.062,-999.0,2.116,3.382,2.611,20.513,18.637,10.846,19.864,14.082,2.903,9.237,68.147,1.312,26.67,8.415,6.555,-999.0,3.644,3.68,2.0,28.104,14.239,5.964,43.817,35.132,2.096,17.102,7.159,14.674,5.215,2.836,-999.0,-999.0,-999.0,
1901,27.39,36.764,61.015,26.137,20.309,1.0,-999.0,10.713,13.719,15.52,29.742,27.027,28.336,54.3,29.862,38.252,4.172,-999.0,2.138,4.856,9.45,39.183,49.164,8.04,33.777,16.425,3.539,5.592,52.395,0.972,7.315,4.692,9.123,-999.0,7.801,0.79,0.0,8.446,20.97,21.51,63.755,39.28,1.045,4.225,7.233,3.645,13.199,2.933,-999.0,-999.0,-999.0,
1902,49.517,24.593,31.087,21.768,17.842,0.0,-999.0,22.73,44.304,15.352,4.38,6.331,1.035,24.601,23.204,49.214,0.0,-999.0,0.038,0.267,0.708,45.106,7.216,3.339,8.058,22.124,0.023,0.997,53.286,0.365,15.81,2.07,2.143,-999.0,7.156,0.249,0.0,25.474,4.542,17.364,62.642,31.197,0.0,7.071,6.303,0.777,0.743,1.161,-999.0,-999.0,-999.0,
1903,20.482,24.764,18.549,27.82,13.57,0.0,-999.0,13.279,14.969,8.66,6.297,7.848,2.2,21.479,10.946,26.281,0.0,-999.0,0.84,0.112,0.376,19.998,7.1,3.293,4.812,24.685,0.377,2.119,43.054,0.362,9.336,2.683,3.599,33.349,3.78,0.157,0.0,14.632,5.116,7.591,33.663,28.919,0.0,3.162,6.985,1.426,0.103,1.161,-999.0,-999.0,-999.0,
1904,25.849,24.873,14.322,34.348,6.628,0.0,-999.0,14.16,25.231,10.695,1.345,1.667,1.084,12.225,6.442,20.21,0.0,0.0,0.162,0.666,0.515,22.433,1.701,3.684,4.696,24.051,0.023,1.247,36.214,0.323,7.156,1.852,0.79,32.308,7.988,0.057,0.0,10.628,5.414,5.035,44.437,24.988,0.0,2.237,9.814,1.104,0.56,2.836,-999.0,-999.0,-999.0,
1905,18.28,32.176,15.565,31.935,13.094,0.0,-999.0,13.291,24.058,14.389,3.456,2.204,3.961,23.746,6.284,39.823,0.0,0.0,0.038,0.193,1.537,20.557,2.729,4.541,7.901,17.15,0.683,2.629,33.577,0.655,6.923,2.572,1.069,40.632,8.037,0.627,0.0,8.733,5.754,3.118,53.254,32.078,0.0,2.331,9.063,2.071,1.547,1.161,0.0,-999.0,-999.0,
1906,11.393,20.263,17.929,38.467,8.787,0.0,-999.0,11.013,19.255,11.144,5.845,3.921,3.082,13.322,4.515,42.648,0.0,0.0,0.162,0.53,1.046,28.248,5.199,6.945,10.454,29.684,0.66,1.849,28.121,0.515,5.906,8.614,1.145,18.781,10.845,0.273,0.0,7.1,7.528,6.124,42.073,22.914,1.058,2.729,12.578,0.492,1.059,1.161,0.0,-999.0,-999.0,
1907,20.216,16.865,38.707,18.991,11.297,0.0,-999.0,18.999,25.954,6.576,3.07,3.49,1.86,27.905,9.063,41.208,0.0,0.0,1.45,0.406,0.525,34.249,12.858,2.346,15.058,10.657,1.038,0.335,39.822,0.776,7.655,2.039,0.309,-999.0,4.175,0.041,0.0,13.559,4.583,14.776,62.354,20.106,1.058,1.573,7.527,0.492,0.42,1.456,0.0,-999.0,-999.0,
1908,26.493,17.314,17.663,31.758,10.665,0.0,-999.0,19.559,24.53,14.066,10.125,13.556,2.951,20.286,11.217,21.945,2.232,0.0,2.027,1.426,2.128,24.899,8.288,7.911,11.214,27.246,2.053,2.416,27.118,1.896,7.623,4.503,5.084,42.713,9.899,0.497,0.0,7.877,7.409,9.817,46.782,21.629,1.058,4.858,10.503,4.176,2.384,1.161,0.0,-999.0,-999.0,
1909,14.745,26.312,47.843,29.102,13.253,0.0,-999.0,14.918,12.162,11.731,8.212,3.255,4.704,28.477,11.726,42.775,2.012,0.0,0.989,0.702,1.051,37.877,19.446,4.747,15.816,25.99,0.683,2.789,34.957,0.617,4.54,2.159,0.314,82.253,3.188,0.399,0.0,4.394,7.849,10.819,72.491,23.062,5.291,5.197,4.79,1.074,2.546,1.456,0.0,-999.0,-999.0,
1910,5.289,28.138,16.278,37.5,17.251,0.0,-999.0,9.492,11.455,10.069,9.463,4.986,11.744,32.165,6.969,32.77,0.732,0.0,1.088,2.885,7.574,22.295,8.025,7.816,19.502,24.114,1.698,2.585,48.945,0.431,4.034,11.307,1.966,84.611,4.913,0.057,0.0,5.575,10.63,4.109,83.619,27.153,0.52,4.273,7.372,1.186,9.417,2.638,0.0,-999.0,-999.0,
1911,32.009,25.034,40.288,23.993,15.632,6.0,-999.0,16.889,39.141,6.866,21.743,20.066,20.505,52.665,22.451,56.346,7.762,0.0,8.94,5.807,5.824,40.968,34.581,2.719,27.735,12.959,8.261,6.746,31.777,5.624,18.354,3.076,12.647,85.573,8.227,5.043,3.0,19.176,15.79,18.8,88.714,22.566,7.536,11.722,10.478,10.753,7.811,1.456,0.0,-999.0,-999.0,
1912,10.831,21.332,33.497,22.968,7.967,1.0,-999.0,15.33,17.924,5.963,7.386,4.982,8.299,33.838,11.272,37.945,4.008,0.0,3.584,0.217,2.618,18.721,20.195,2.471,18.792,10.374,6.207,3.341,31.816,1.312,8.822,3.797,1.597,54.357,4.945,0.203,0.0,17.365,8.462,3.772,75.671,16.518,6.783,4.524,7.771,2.236,1.9,1.161,0.0,-999.0,-999.0,
1913,34.762,32.885,54.784,33.586,18.546,0.0,-999.0,11.275,28.459,7.91,32.6,31.033,23.067,62.511,39.477,30.233,0.953,0.0,3.494,3.343,3.93,35.087,53.657,3.046,40.214,9.625,4.367,4.343,34.285,1.326,13.485,6.651,10.689,71.994,5.198,3.071,0.0,20.15,15.689,31.939,66.28,19.64,2.012,3.332,8.686,5.455,5.605,2.047,0.0,-999.0,-999.0,
1914,39.987,24.469,50.165,26.265,11.964,0.0,-999.0,21.28,38.018,12.896,25.666,28.487,12.846,40.523,36.349,43.307,0.0,0.0,1.467,1.186,3.004,37.227,37.424,8.497,22.823,22.246,1.511,3.32,32.254,0.619,21.211,6.759,12.109,72.657,8.235,2.1,0.0,23.974,14.747,38.96,55.707,22.154,0.52,10.508,9.978,10.05,2.093,1.456,0.0,-999.0,-999.0,
1915,28.597,28.933,18.857,28.305,6.67,0.0,-999.0,20.014,30.144,12.833,0.615,1.37,0.355,3.203,6.712,42.616,0.0,0.0,0.038,0.099,0.325,29.618,2.996,1.718,2.073,24.252,0.023,0.774,34.691,0.255,12.905,1.284,0.671,25.885,9.806,0.537,0.0,17.035,0.815,12.86,54.201,18.526,0.0,4.283,11.773,1.822,0.181,1.161,1.0,-999.0,-999.0,
1916,14.464,25.543,46.815,23.359,14.926,1.0,-999.0,10.594,14.643,8.703,26.125,17.306,18.447,44.055,13.641,31.595,0.0,0.0,0.541,5.927,3.164,12.155,34.821,2.662,27.082,19.665,0.944,2.465,39.43,2.45,4.98,5.423,10.592,70.512,5.125,3.223,-999.0,7.814,12.549,7.81,67.708,14.174,3.527,2.01,7.123,3.602,9.433,2.836,0.0,-999.0,-999.0,
1917,11.001,32.854,26.514,40.103,15.139,1.0,-999.0,17.082,19.452,11.988,5.553,3.811,5.708,33.342,5.673,37.41,1.421,0.0,4.169,2.376,3.315,22.928,11.266,7.228,18.907,44.114,3.139,2.663,41.313,1.635,8.204,8.926,2.813,57.011,8.503,0.64,-999.0,8.408,9.64,6.601,74.133,23.921,3.05,4.766,9.152,8.771,3.437,2.342,0.0,-999.0,-999.0,
1918,26.936,28.047,53.964,28.843,18.054,2.0,-999.0,16.063,27.68,11.749,15.015,11.805,11.171,48.186,20.5,49.928,0.226,2.0,4.532,3.048,1.939,34.084,34.382,5.813,26.368,24.495,2.053,5.014,35.819,3.264,13.529,4.034,9.428,85.209,6.72,4.17,2.0,16.729,7.007,22.01,84.917,23.387,2.428,9.069,8.51,7.459,3.019,2.638,0.0,-999.0,-999.0,
1919,12.951,19.7,37.024,30.96,20.18,5.0,-999.0,16.897,15.532,17.633,14.941,12.207,8.185,31.896,19.788,24.112,4.974,0.0,5.749,1.324,1.241,18.88,18.079,14.752,22.29,44.737,5.382,4.49,24.174,3.137,10.355,8.319,5.836,50.572,9.601,3.377,3.0,7.821,10.512,16.132,28.157,35.238,4.91,4.029,9.031,5.236,2.911,5.0,2.0,-999.0,-999.0,
1920,7.629,23.309,15.771,28.475,9.219,-999.0,-999.0,16.162,16.607,16.554,6.548,2.589,3.194,18.286,7.276,22.288,0.456,0.0,0.038,0.244,1.359,15.124,8.595,5.476,11.102,25.206,0.023,0.663,28.873,0.256,7.242,4.789,0.706,25.482,8.978,0.057,0.0,13.627,4.876,4.687,43.342,21.547,0.0,1.884,11.711,0.912,1.126,1.752,0.0,-999.0,-999.0,
1921,31.523,19.652,50.223,32.63,12.543,-999.0,-999.0,19.938,43.896,7.906,18.276,14.244,9.844,27.011,22.719,47.731,1.145,0.0,0.964,4.544,6.291,46.502,19.116,7.954,21.805,29.569,0.66,2.405,24.437,2.726,19.695,8.618,7.496,45.19,3.256,1.828,0.0,28.202,16.511,25.516,64.469,21.549,4.433,4.881,7.236,3.57,8.931,1.456,0.0,-999.0,-999.0,
1922,20.32,37.649,41.044,35.621,18.546,0.0,-999.0,11.623,21.533,14.827,15.221,10.14,6.951,36.448,12.418,26.971,0.0,0.0,0.162,0.557,4.991,28.809,26.035,4.418,25.797,26.397,0.306,0.551,41.345,0.322,6.115,7.013,3.701,55.931,11.124,0.93,0.0,9.991,14.157,15.584,71.08,28.288,0.0,2.584,12.777,1.675,2.678,3.524,0.0,-999.0,-999.0,
1923,7.019,14.987,31.173,25.109,8.143,0.0,-999.0,9.817,15.659,7.981,13.076,4.554,6.709,21.104,6.685,13.792,0.502,0.0,1.983,1.17,2.537,9.698,17.501,4.021,9.684,21.811,0.683,4.194,30.863,1.016,12.747,2.213,4.301,52.89,7.001,2.12,1.0,15.14,6.049,4.222,59.356,19.345,0.997,4.515,9.253,1.231,2.538,1.161,0.0,-999.0,-999.0,
1924,32.638,31.365,42.395,34.873,16.566,0.0,-999.0,22.538,36.864,14.728,3.681,3.311,0.841,27.591,10.008,61.317,0.502,0.0,2.222,0.134,0.616,50.372,4.847,3.587,10.998,22.96,0.589,3.491,37.724,1.054,12.659,1.514,2.993,64.44,8.282,0.59,0.0,19.463,5.174,18.155,73.232,29.713,0.0,4.099,10.229,1.248,0.235,3.819,0.0,-999.0,-999.0,
1925,60.513,20.939,68.546,29.616,16.626,0.0,-999.0,17.98,73.03,17.202,19.516,16.931,11.479,42.799,30.473,50.494,0.264,0.0,1.792,2.051,3.526,61.824,30.678,6.771,23.04,23.905,1.038,4.993,33.603,1.552,33.346,8.268,6.123,65.868,8.528,2.746,1.0,45.351,17.492,49.511,84.107,26.266,0.52,8.656,12.165,5.043,1.623,3.228,0.0,-999.0,-999.0,
1926,23.828,28.594,39.683,31.953,14.914,1.0,-999.0,9.807,29.244,15.309,9.636,7.797,7.102,34.182,14.146,40.085,0.77,1.0,3.235,1.412,3.409,34.794,19.239,7.608,22.527,34.351,1.698,4.365,26.175,1.227,21.329,8.178,3.546,44.641,11.157,2.375,1.0,19.543,16.763,16.71,54.738,29.641,1.522,8.373,11.62,5.881,1.933,3.524,0.0,-999.0,-999.0,
1927,24.835,19.801,24.661,27.809,11.851,0.0,-999.0,28.318,28.386,11.63,8.504,6.76,6.899,15.909,13.114,36.083,0.226,0.0,0.212,1.346,1.434,33.476,7.74,2.102,14.196,17.915,0.306,1.565,33.583,0.464,8.58,1.298,3.43,47.659,6.946,0.897,0.0,11.706,6.848,11.491,77.224,22.701,0.0,4.023,9.612,1.853,1.423,1.161,0.0,-999.0,-999.0,
1928,15.82,28.999,26.495,32.347,11.013,0.0,-999.0,8.693,15.203,14.769,3.383,2.331,1.516,15.642,6.633,32.068,1.238,0.0,1.868,0.406,1.322,26.302,3.688,4.794,14.598,27.894,0.589,1.32,37.426,0.908,11.845,2.461,1.813,56.868,10.088,0.19,0.0,8.031,9.233,6.281,67.45,32.573,0.0,2.831,11.923,1.45,0.786,1.456,0.0,-999.0,-999.0,
1929,27.029,35.277,40.579,35.708,14.274,0.0,-999.0,10.209,26.48,15.798,3.219,3.39,2.685,27.669,10.291,31.802,1.008,0.0,2.245,1.013,4.272,26.45,13.247,10.401,18.737,29.661,1.156,5.01,34.667,0.852,4.362,12.105,0.84,52.575,6.33,0.665,1.0,8.443,17.198,7.103,66.401,25.116,1.57,5.908,8.905,2.063,1.919,2.342,0.0,-999.0,-999.0,
1930,48.49,23.379,64.152,27.603,18.413,0.0,-999.0,18.989,40.351,13.725,25.673,21.284,19.778,39.887,36.431,45.771,0.0,3.0,1.301,3.645,7.727,50.036,37.648,11.598,26.058,18.986,0.306,7.608,37.973,2.146,27.65,10.145,15.924,68.066,6.022,8.07,0.0,28.635,23.976,39.67,77.441,24.464,0.0,23.773,10.478,12.517,6.509,2.638,0.0,-999.0,-999.0,
1931,47.211,25.902,35.942,38.368,29.427,0.0,-999.0,22.82,53.661,19.223,28.405,19.561,27.735,48.426,35.131,38.384,1.008,0.0,2.799,8.629,16.591,32.868,33.061,14.668,41.797,34.51,1.156,5.625,43.67,3.845,23.31,14.963,12.624,70.434,9.447,5.872,0.0,33.859,38.998,32.266,68.614,42.279,1.474,9.161,12.598,11.317,17.612,10.926,0.0,-999.0,-999.0,
1932,29.166,30.75,46.263,31.955,20.156,0.0,-999.0,26.978,32.826,10.953,12.704,10.015,7.754,32.283,19.613,39.195,0.77,1.0,0.038,1.035,4.448,35.548,21.765,5.923,19.97,24.527,0.023,1.324,35.249,0.601,23.038,5.152,5.808,45.318,4.467,3.402,0.0,27.406,17.391,27.316,48.373,29.093,0.0,9.313,7.131,4.634,4.667,4.41,0.0,-999.0,-999.0,
1933,36.017,32.814,36.544,33.046,22.84,0.0,-999.0,24.272,39.78,18.515,29.296,27.337,19.547,49.142,20.166,21.44,0.264,1.0,6.334,5.641,10.5,27.961,27.481,12.731,36.551,32.779,3.729,6.063,37.02,4.138,25.084,16.073,16.858,68.235,8.947,8.991,1.0,29.852,32.412,20.923,74.24,36.259,5.103,7.188,10.907,6.412,8.821,2.933,0.0,-999.0,-999.0,
1934,33.95,29.485,70.034,34.107,31.908,0.0,-999.0,10.736,30.305,14.528,38.01,26.778,36.363,71.085,20.799,36.28,0.0,2.0,0.635,6.702,11.466,39.242,60.657,11.507,56.063,33.235,0.306,5.573,64.128,3.065,18.062,18.291,17.818,77.639,6.257,8.059,0.0,25.607,34.68,26.809,89.784,37.96,1.045,10.009,9.867,11.01,11.309,5.591,0.0,-999.0,-999.0,
1935,26.993,23.565,39.274,30.284,22.573,0.0,-999.0,13.257,22.178,10.434,9.874,8.355,10.494,44.755,13.117,27.561,2.241,0.0,0.891,1.02,3.998,30.631,21.148,9.262,32.689,19.598,0.589,2.919,31.517,0.624,13.146,7.306,3.278,52.237,8.718,1.323,0.0,15.688,27.679,17.161,46.518,31.567,0.0,5.335,11.042,3.751,1.753,2.638,0.0,-999.0,-999.0,
1936,46.211,39.952,76.585,39.276,31.235,0.0,-999.0,11.686,39.337,22.838,44.674,41.485,40.677,72.592,51.75,44.776,0.0,4.0,1.591,9.149,18.409,47.332,68.204,19.235,58.208,32.417,1.25,8.004,47.197,5.32,23.589,31.979,19.52,90.776,4.545,7.766,0.0,32.822,49.174,42.511,68.784,34.496,1.045,11.552,8.472,15.592,15.411,10.316,0.0,-999.0,-999.0,
1937,29.719,28.664,37.368,34.861,23.39,2.0,-999.0,12.953,20.611,11.308,9.57,7.246,15.171,53.84,17.487,32.19,2.583,0.0,2.641,1.409,6.131,27.7,28.286,8.689,41.562,31.508,2.006,7.446,50.934,1.417,13.383,13.013,1.946,71.071,4.41,1.306,2.0,14.802,31.099,16.4,81.428,30.521,1.045,4.561,6.85,2.531,9.543,5.296,0.0,-999.0,-999.0,
1938,24.95,22.851,54.681,29.947,17.952,0.0,-999.0,19.252,19.485,12.97,7.306,4.906,10.617,47.442,9.206,29.705,2.287,0.0,0.162,0.37,1.933,31.274,35.216,3.32,30.69,15.25,0.023,2.538,48.438,0.623,8.602,8.079,1.411,64.789,9.285,0.862,0.0,20.43,19.452,12.7,71.081,26.056,1.57,3.967,13.234,0.929,0.604,3.819,0.0,-999.0,-999.0,
1939,10.27,37.105,53.702,38.95,25.744,0.0,-999.0,14.584,22.365,15.94,12.508,10.336,14.943,54.157,17.743,43.742,1.238,0.0,0.46,1.703,4.505,24.899,30.078,9.079,34.633,33.402,1.605,3.139,50.964,1.069,9.885,12.392,6.596,81.411,12.828,1.891,0.0,20.15,24.485,17.061,82.655,35.595,0.997,3.402,14.674,2.963,5.019,5.296,0.0,-999.0,-999.0,
1940,14.361,30.284,20.268,31.553,24.425,0.0,-999.0,16.862,22.49,16.047,17.64,16.873,11.571,35.101,16.415,19.999,0.456,0.0,0.511,2.411,4.312,12.568,17.875,10.523,33.551,43.014,0.306,5.189,44.272,0.665,15.161,8.781,6.849,42.43,7.584,1.661,0.0,21.715,21.374,12.482,47.519,41.275,0.0,5.181,10.874,2.304,3.448,6.477,0.0,-999.0,-999.0,
1941,20.342,16.987,41.417,22.378,11.564,0.0,-999.0,21.735,29.108,11.598,19.046,16.115,15.243,30.821,19.211,34.205,3.081,0.0,2.077,4.154,4.522,29.187,29.12,6.327,25.292,20.176,5.17,5.404,15.862,1.346,19.617,9.652,7.767,37.773,7.588,2.866,0.0,24.082,21.963,29.293,43.591,19.88,1.474,11.073,11.66,3.443,6.034,2.047,0.0,-999.0,-999.0,
1942,17.05,32.628,28.788,30.83,15.308,0.0,-999.0,29.699,18.844,14.831,5.368,4.734,3.608,25.088,11.827,18.665,1.037,0.0,0.038,1.064,0.754,24.064,12.632,4.331,14.967,33.136,0.023,2.761,32.994,0.499,16.59,1.545,2.71,32.415,11.999,0.457,0.0,24.802,5.845,18.899,42.293,31.578,0.52,6.088,14.786,1.486,1.476,1.456,0.0,-999.0,-999.0,
1943,44.412,38.882,60.475,28.935,21.269,0.0,-999.0,19.619,31.808,8.247,11.438,9.497,3.756,44.844,22.434,41.009,0.502,0.0,1.715,0.255,1.173,53.617,25.462,3.8,29.07,19.556,1.627,5.344,50.752,0.95,20.111,1.473,3.58,58.415,3.758,0.671,0.0,23.601,14.924,34.856,67.223,28.088,0.0,7.362,6.062,2.626,1.412,2.342,0.0,-999.0,-999.0,
1944,41.345,27.38,50.49,26.709,13.67,2.0,-999.0,27.542,28.39,9.479,18.018,19.116,3.694,26.668,30.121,43.543,8.395,0.0,7.768,4.728,0.964,37.809,21.367,2.164,13.839,15.271,7.743,10.734,40.927,3.766,16.015,1.727,14.247,51.157,8.093,4.663,1.0,23.874,5.596,26.629,60.628,27.247,6.963,8.339,9.654,7.205,3.485,2.638,0.0,-999.0,-999.0,
1945,26.371,29.562,23.622,34.595,12.676,0.0,-999.0,23.41,16.48,10.351,7.633,3.473,4.316,29.674,7.596,18.098,0.0,0.0,0.103,0.612,1.68,14.974,16.188,5.496,15.374,25.358,0.944,3.111,41.525,0.417,11.41,5.587,2.089,37.5,7.444,0.306,0.0,13.964,9.699,10.98,59.957,24.256,0.0,4.372,8.175,2.805,1.082,2.047,0.0,-999.0,-999.0,
1946,7.565,30.337,32.069,27.993,20.152,0.0,-999.0,7.497,8.955,11.824,5.876,2.753,3.227,44.416,1.948,14.761,1.275,0.0,1.13,0.43,0.88,5.024,18.951,5.056,24.656,21.361,1.156,1.013,45.177,0.381,5.593,4.258,2.424,60.093,6.515,0.057,0.0,8.33,10.732,3.725,59.503,30.449,0.997,1.886,8.055,1.596,0.913,4.41,0.0,-999.0,-999.0,
1947,22.328,30.168,48.962,31.452,23.257,0.0,-999.0,6.771,18.787,10.033,20.174,8.082,22.415,48.8,6.73,45.314,3.482,0.0,3.008,5.462,8.044,31.549,35.985,5.573,33.894,16.651,2.88,1.23,41.574,1.247,9.0,6.957,3.606,-999.0,1.878,1.089,0.0,11.847,23.625,16.451,74.91,26.511,1.522,2.724,4.985,0.881,9.043,2.638,0.0,-999.0,-999.0,
1948,21.52,29.202,28.122,25.333,17.174,1.0,-999.0,18.659,22.682,6.283,7.913,7.457,7.993,21.801,8.757,49.562,3.043,1.0,4.465,2.869,3.195,33.587,9.302,4.691,21.257,18.906,2.963,4.3,40.649,3.031,16.731,7.039,5.326,54.292,3.486,3.87,4.0,18.629,15.275,12.252,76.864,27.804,0.997,3.412,3.967,3.571,5.12,2.933,0.0,-999.0,-999.0,
1949,7.361,23.215,16.519,27.088,12.876,2.0,-999.0,12.065,8.914,8.757,7.565,6.1,5.3,19.504,2.493,21.26,6.282,0.0,11.062,1.819,4.01,17.647,5.536,5.902,15.425,21.636,7.479,9.104,29.269,2.215,11.091,8.427,5.743,40.505,4.426,4.42,6.0,9.371,20.659,4.295,51.988,26.376,7.107,3.534,7.644,0.929,2.684,2.638,0.0,-999.0,-999.0,
1950,9.384,26.331,6.35,32.329,8.15,0.0,-999.0,21.725,10.946,8.884,0.823,0.501,0.385,10.622,0.658,13.948,0.0,0.0,0.038,0.086,0.858,10.731,1.274,2.074,5.361,27.564,0.023,0.657,30.349,0.336,6.202,1.348,0.378,20.8,6.74,0.057,0.0,14.013,4.202,1.302,44.105,25.332,0.104,1.383,7.444,0.654,0.312,1.161,0.0,-999.0,-999.0,
1951,39.121,31.332,35.717,30.225,16.4,0.0,-999.0,26.326,35.529,9.925,2.31,3.528,0.652,16.589,7.889,54.045,0.0,0.0,0.038,0.119,0.475,52.354,5.404,4.827,6.786,20.228,0.023,0.881,49.907,0.331,14.723,3.653,1.478,55.333,6.082,0.29,0.0,22.634,5.12,16.132,82.77,29.501,0.0,3.72,9.891,0.601,0.16,2.638,0.0,-999.0,-999.0,
1952,50.196,26.82,61.456,33.012,24.636,1.0,-999.0,23.667,46.824,8.086,13.356,17.283,4.023,56.193,32.143,40.328,4.256,0.0,3.739,1.215,0.521,53.948,33.024,3.931,29.037,15.239,4.673,4.116,44.035,2.102,22.138,8.08,11.908,76.924,8.776,5.054,1.0,34.125,14.593,43.153,76.74,24.57,3.382,7.993,12.793,4.033,1.153,4.114,0.0,-999.0,-999.0,
1953,39.944,30.368,66.701,28.631,20.349,2.0,-999.0,16.092,27.621,9.583,24.584,24.903,10.511,50.373,33.78,44.279,0.77,2.0,7.386,4.081,0.891,49.123,48.093,6.155,26.432,28.379,7.506,9.595,45.859,4.276,19.375,2.288,13.218,71.357,3.692,8.579,1.0,26.454,10.676,33.656,81.582,30.125,3.05,9.725,7.193,10.575,4.788,3.228,0.0,-999.0,-999.0,
1954,74.837,26.026,83.698,26.208,33.412,0.0,-999.0,25.106,65.845,8.06,24.453,21.042,9.21,67.42,35.574,62.411,0.0,0.0,0.541,0.791,1.278,73.733,54.125,6.286,29.685,22.03,0.023,4.005,39.203,1.181,29.622,2.442,6.313,92.025,1.216,2.027,0.0,50.239,13.189,49.04,92.088,32.336,0.0,9.666,3.598,3.485,1.213,3.524,0.0,-999.0,-999.0,
1955,19.285,22.144,30.542,34.22,20.188,1.0,-999.0,15.559,21.197,11.546,18.353,15.57,22.804,46.125,16.113,13.598,1.496,0.0,4.494,7.292,5.815,17.808,25.647,6.022,39.625,35.24,6.206,8.354,26.634,4.607,7.917,6.607,7.05,54.851,6.458,4.158,0.0,11.855,26.006,16.868,60.495,27.501,4.529,6.116,8.047,2.807,8.736,3.228,0.0,-999.0,-999.0,
1956,31.223,32.631,50.169,26.082,18.707,0.0,-999.0,19.06,26.382,8.245,6.764,4.578,8.859,62.459,9.759,33.965,0.0,0.0,1.437,1.313,1.653,32.01,27.641,4.288,28.041,13.704,2.382,1.544,46.555,0.437,10.177,2.757,0.912,94.262,6.833,0.252,0.0,24.498,15.32,16.846,93.89,29.334,0.472,2.976,10.52,0.654,1.335,2.933,0.0,-999.0,-999.0,
1957,26.975,22.634,21.082,31.57,14.548,0.0,-999.0,8.269,22.424,5.415,3.664,1.949,7.295,34.141,9.114,24.987,0.0,0.0,1.463,0.287,1.718,16.526,16.784,4.437,19.081,26.446,1.154,5.782,36.037,0.844,12.039,4.74,1.287,55.684,2.516,1.217,1.0,17.075,9.917,11.069,61.631,23.329,0.0,5.336,3.474,2.272,0.379,2.047,0.0,-999.0,-999.0,
1958,7.456,30.659,16.009,36.47,18.969,0.0,-999.0,17.737,17.576,14.52,0.845,0.254,1.954,22.022,1.885,16.051,0.0,0.0,0.038,0.142,1.899,9.173,3.14,4.703,10.977,24.056,0.023,0.44,42.597,0.255,5.335,7.496,0.174,58.415,10.774,0.057,0.0,13.615,15.002,4.536,65.868,32.226,0.0,0.594,18.182,0.654,0.673,2.638,0.0,-999.0,-999.0,
1959,12.326,25.609,13.667,35.556,19.454,0.0,-999.0,10.578,22.204,11.976,5.328,3.812,2.434,30.024,4.505,12.491,0.0,0.0,1.13,0.265,2.515,8.293,8.56,5.482,22.107,40.162,1.06,2.767,35.13,1.124,8.012,11.559,2.442,41.168,8.985,1.71,0.0,12.731,24.728,4.819,47.928,32.119,3.527,5.103,8.396,2.26,0.666,2.933,0.0,-999.0,-999.0,
1960,20.903,32.568,25.754,39.627,24.781,0.0,-999.0,14.234,22.749,16.283,6.969,4.14,2.429,28.454,8.352,34.674,0.0,0.0,0.286,0.476,1.22,33.459,13.588,12.774,18.499,34.992,0.023,0.44,32.079,0.308,3.391,7.184,0.595,39.581,9.974,0.057,0.0,10.973,15.897,10.626,62.17,40.474,0.0,2.095,11.908,0.654,0.428,11.059,0.0,-999.0,-999.0,
1961,1.955,33.237,8.943,41.829,14.305,0.0,-999.0,20.997,10.958,20.983,1.693,1.03,1.597,21.413,1.165,4.65,0.0,0.0,0.336,0.273,2.663,3.166,3.044,14.387,16.21,40.928,0.023,1.665,32.389,0.492,2.688,14.779,0.276,31.686,12.876,0.057,0.0,6.835,15.115,2.169,29.68,31.027,0.0,1.859,16.898,0.654,0.449,2.342,0.0,-999.0,-999.0,
1962,27.084,29.234,33.62,28.557,14.59,0.0,-999.0,23.171,27.059,6.827,3.02,3.137,0.632,23.619,6.893,40.976,0.502,0.0,0.162,0.215,0.38,37.661,13.446,2.758,6.123,19.432,0.4,1.124,37.592,0.573,3.982,0.74,1.024,43.223,5.207,0.486,0.0,15.624,3.493,14.265,67.778,26.975,0.0,2.586,6.588,0.768,0.188,1.752,0.0,-999.0,-999.0,
1963,10.224,22.793,37.127,23.518,22.667,0.0,-999.0,25.537,14.629,7.12,7.527,3.561,5.356,48.571,3.043,33.808,3.052,0.0,3.999,1.349,1.53,25.438,18.172,6.693,20.279,13.819,6.326,4.124,34.36,1.306,5.041,3.267,0.834,61.056,3.997,0.395,0.0,11.793,11.338,7.19,80.656,25.214,5.006,4.845,5.825,0.654,1.908,2.342,0.0,-999.0,-999.0,
1964,11.451,21.708,34.775,28.856,21.413,1.0,-999.0,19.094,12.254,6.582,9.585,6.98,6.011,43.501,14.08,26.54,0.0,0.0,2.07,2.754,4.867,17.779,17.018,5.53,20.98,25.126,3.468,2.638,43.559,0.847,5.559,5.238,2.538,61.901,3.874,0.643,1.0,10.325,17.765,9.082,69.399,24.456,1.045,5.302,4.869,1.42,5.418,4.41,0.0,-999.0,-999.0,
1965,2.964,19.655,20.165,23.865,9.973,0.0,-999.0,8.48,4.12,7.882,4.282,2.73,3.979,20.816,7.268,17.733,0.264,0.0,0.584,0.942,1.296,13.012,6.022,3.04,8.972,10.603,1.77,1.363,30.631,0.542,2.369,2.257,1.736,48.075,6.282,0.424,0.0,3.71,7.519,4.831,63.386,13.996,0.0,3.511,10.449,2.831,1.11,2.047,0.0,-999.0,-999.0,
1966,11.448,19.879,22.999,30.215,17.33,0.0,-999.0,9.512,11.65,10.291,12.183,9.426,5.578,28.932,10.138,16.404,0.0,0.0,1.771,2.254,2.105,17.832,13.782,8.686,16.948,32.647,1.415,7.789,37.832,1.627,7.959,3.467,3.21,39.139,4.885,2.756,1.0,8.373,15.586,11.023,46.673,26.791,1.474,7.717,5.74,1.983,2.33,4.41,0.0,-999.0,-999.0,
1967,2.779,14.963,9.279,37.583,10.504,0.0,-999.0,8.726,3.179,20.923,0.918,0.87,1.726,14.655,1.194,8.415,0.0,0.0,0.038,0.111,0.503,5.053,2.042,7.363,8.937,38.378,0.4,0.44,19.661,0.311,1.342,5.062,1.01,30.685,16.876,0.057,0.0,1.044,8.035,1.004,50.675,22.817,0.0,1.462,15.018,0.654,0.16,1.456,0.0,-999.0,-999.0,
1968,15.584,23.107,13.495,28.797,14.047,0.0,-999.0,15.875,19.332,10.314,5.115,1.974,4.263,24.939,9.256,5.151,0.0,0.0,1.386,0.782,1.287,13.167,4.98,3.398,17.951,32.058,0.967,3.708,32.054,0.498,13.199,2.816,0.659,31.244,8.608,0.13,0.0,20.418,11.33,11.481,33.352,22.699,0.0,5.661,8.956,0.768,1.324,3.228,0.0,-999.0,-999.0,
1969,15.035,27.62,31.533,32.478,19.473,0.0,-999.0,16.51,15.444,9.78,1.7,0.947,1.277,27.603,9.536,31.211,0.0,0.0,0.657,0.364,1.145,27.735,11.864,8.796,14.564,37.53,0.4,1.571,38.959,0.448,6.017,6.132,0.285,50.117,3.793,0.397,0.0,12.759,10.273,12.991,66.565,31.025,0.0,3.392,5.203,0.654,0.24,5.0,1.0,-999.0,-999.0,
1970,11.155,27.164,25.705,37.816,19.091,0.0,-999.0,16.302,14.148,15.207,6.013,3.406,6.393,46.299,5.991,14.254,0.0,0.0,0.832,0.281,1.832,14.467,15.843,8.032,27.947,31.834,1.438,0.919,34.927,0.255,7.008,6.529,1.13,62.33,11.586,0.057,0.0,16.826,21.395,7.837,57.959,30.83,0.0,3.272,13.3,0.654,1.663,2.047,0.0,-999.0,-999.0,
1971,3.652,29.135,21.265,35.567,18.194,0.0,-999.0,9.519,5.365,15.507,5.714,2.375,5.002,28.159,3.416,8.296,0.0,0.0,0.336,1.965,1.828,9.2,11.387,10.997,14.118,30.756,0.023,0.802,34.725,0.346,2.487,6.287,1.831,37.929,11.173,0.63,0.0,5.057,15.449,3.611,45.263,31.952,0.472,1.319,15.627,1.576,1.082,1.752,0.0,-999.0,-999.0,
1972,15.557,25.417,28.235,30.33,12.653,-999.0,-999.0,14.326,12.475,9.541,2.061,1.808,2.99,19.77,5.239,19.071,0.041,0.0,0.038,0.169,1.384,18.455,11.842,3.332,10.395,22.794,0.023,0.78,23.473,0.265,3.27,3.379,0.299,38.372,13.549,0.057,0.0,6.755,7.808,3.026,45.367,25.81,0.0,1.896,9.641,0.654,0.571,2.342,0.0,-999.0,-999.0,
1973,2.908,28.858,15.938,32.58,15.98,0.0,-999.0,11.997,5.561,14.937,1.773,1.205,2.005,29.133,4.293,7.992,0.5,0.0,2.611,0.729,1.39,9.75,7.451,7.619,17.164,27.324,0.306,2.49,27.035,0.617,2.356,6.979,0.779,38.177,9.363,0.992,0.0,3.122,17.645,3.994,35.227,26.562,0.472,2.77,10.394,0.768,1.031,3.524,0.0,-999.0,-999.0,
1974,4.104,29.173,14.832,31.632,19.064,0.0,-999.0,4.553,3.492,10.286,6.04,1.638,9.627,35.546,1.434,10.271,0.041,0.0,0.212,0.791,3.111,7.367,16.014,4.795,26.713,26.689,0.023,1.643,35.408,0.479,1.71,4.435,1.134,48.075,8.478,0.0,0.0,2.695,19.86,2.583,46.608,32.11,0.0,2.091,8.129,0.654,2.344,1.752,0.0,-999.0,-999.0,
1975,4.859,23.964,13.606,26.095,14.263,1.0,-999.0,9.137,6.891,10.191,1.936,0.589,4.6,30.957,4.591,6.116,2.04,0.0,3.03,0.852,2.13,4.91,12.845,4.055,18.565,17.427,3.068,2.727,26.476,0.994,6.307,5.048,0.682,25.508,4.718,1.05,1.0,9.544,16.968,4.35,27.004,20.173,4.087,1.933,7.057,1.091,0.726,3.228,0.0,-999.0,-999.0,
1976,8.382,17.384,14.845,29.018,16.255,0.0,-999.0,6.236,8.184,5.853,4.949,1.716,7.342,34.949,2.225,10.856,0.0,0.0,0.212,0.769,8.411,12.352,12.76,4.26,22.007,18.709,0.873,0.669,26.392,0.336,5.054,9.987,0.622,40.453,2.548,0.057,0.0,6.558,28.737,3.567,28.371,26.4,0.0,1.652,4.235,0.654,2.772,2.933,0.0,-999.0,-999.0,
1977,29.856,25.288,34.317,29.443,20.998,0.0,-999.0,19.027,32.907,12.411,8.668,7.228,10.975,31.444,11.788,31.535,2.033,0.0,3.384,1.759,2.514,29.896,15.022,3.894,16.298,31.333,1.959,3.129,42.351,0.667,19.192,3.374,2.583,62.577,11.493,0.524,0.0,30.228,10.937,16.813,70.02,24.096,1.474,11.0,14.044,0.802,2.943,3.228,0.0,-999.0,-999.0,
1978,29.095,29.423,41.953,32.332,20.699,0.0,-999.0,9.291,26.648,8.644,4.034,4.173,3.503,53.059,7.222,28.574,0.0,0.0,1.698,0.322,2.901,27.65,18.872,3.662,22.693,25.96,1.627,0.48,42.721,0.336,6.594,7.742,0.92,68.378,9.303,0.057,0.0,15.447,13.309,12.888,64.051,30.635,0.52,2.475,9.264,0.78,0.639,5.0,0.0,-999.0,-999.0,
1979,9.054,32.756,7.559,33.898,19.522,0.0,-999.0,12.73,15.015,10.44,1.461,0.625,2.076,26.873,2.288,12.119,0.0,0.0,0.336,0.111,0.967,6.052,4.104,4.965,12.383,30.392,0.0,0.446,33.122,0.568,4.409,2.565,0.196,47.75,6.057,0.057,0.0,8.841,7.277,1.945,37.769,31.619,0.0,2.059,8.818,1.057,0.206,4.705,0.0,-999.0,-999.0,
1980,44.806,31.299,71.686,27.75,27.723,0.0,-999.0,23.776,45.893,5.294,14.032,13.201,11.191,63.579,25.355,57.991,0.0,0.0,1.625,0.265,4.458,53.225,47.283,3.863,33.424,19.764,0.4,3.467,54.442,1.093,19.447,7.741,2.57,85.248,4.286,1.558,1.0,32.554,19.598,37.256,84.629,29.901,0.0,7.886,5.285,2.248,1.456,6.477,0.0,-999.0,-999.0,
1981,29.266,23.298,20.99,35.02,18.431,0.0,-999.0,36.206,29.698,9.708,1.902,1.794,3.209,24.719,2.661,24.194,0.0,0.0,1.271,0.269,0.704,29.49,6.717,5.439,10.935,38.966,0.377,1.621,31.801,0.367,11.328,4.469,0.384,49.675,11.769,0.057,0.0,23.162,10.581,6.064,43.167,33.111,0.0,2.678,14.12,0.654,0.311,2.933,0.0,-999.0,-999.0,
1982,6.662,16.845,16.271,21.723,16.091,1.0,-999.0,9.047,7.695,6.771,0.871,0.769,2.353,25.109,2.048,18.15,0.0,0.0,1.574,0.092,1.608,11.963,7.179,3.063,10.26,12.129,1.298,0.997,30.474,0.367,2.252,3.121,0.211,49.193,5.028,0.057,0.0,5.249,8.386,4.013,57.418,23.304,0.472,1.492,9.856,0.654,0.516,2.342,0.0,-999.0,-999.0,
1983,24.25,22.589,40.721,27.164,19.493,1.0,-999.0,17.099,28.328,5.77,20.874,18.005,18.212,55.995,28.908,19.109,0.264,-999.0,0.635,1.937,5.406,23.361,35.087,10.626,29.415,12.275,2.22,7.664,38.905,1.127,23.647,13.415,4.532,60.132,3.777,1.222,0.0,27.931,21.797,25.392,47.722,25.621,0.52,9.396,6.492,4.612,2.75,2.439,0.0,-999.0,-999.0,
1984,7.298,14.976,21.548,35.797,15.175,2.0,-999.0,9.378,9.635,9.229,5.671,1.528,6.228,41.228,4.512,9.003,0.531,0.0,0.46,0.188,2.732,10.347,14.736,7.817,16.858,16.744,1.132,1.671,27.837,0.356,3.459,8.437,0.427,50.013,5.667,0.19,0.0,8.85,9.378,4.734,65.179,26.258,0.0,2.257,7.065,0.654,1.235,1.258,0.0,-999.0,-999.0,
1985,11.834,32.214,26.274,29.184,19.063,0.0,-999.0,19.607,11.839,12.06,1.953,1.027,3.488,30.46,2.551,20.547,0.0,0.0,0.038,0.122,1.209,14.612,8.441,11.487,14.546,27.984,0.732,0.936,32.972,0.293,5.105,3.339,0.195,56.49,8.613,0.088,0.0,16.604,9.488,5.738,59.874,32.253,0.0,2.415,11.6,0.541,1.085,10.631,0.0,-999.0,-999.0,
1986,23.375,20.754,26.716,24.187,12.225,0.0,-999.0,15.766,34.655,10.885,3.333,3.514,1.217,23.825,9.858,21.146,0.0,0.0,0.212,0.581,0.633,21.642,11.585,3.483,11.417,30.653,0.023,1.85,23.871,0.593,17.048,2.206,0.463,37.865,9.584,0.057,0.0,30.473,4.219,12.454,41.192,29.605,0.0,5.44,10.564,2.283,0.783,2.047,0.0,-999.0,-999.0,
1987,19.887,20.419,29.009,26.965,13.19,0.0,-999.0,24.419,21.944,8.661,10.274,2.669,9.872,26.877,6.154,19.635,0.0,0.0,1.493,2.882,4.371,18.618,16.72,3.01,16.56,17.61,2.881,2.74,30.054,0.586,14.093,4.348,1.167,37.578,10.313,0.539,0.0,19.143,13.851,11.661,37.171,23.363,0.0,11.0,8.79,4.261,1.844,4.41,0.0,-999.0,-999.0,
1988,19.331,21.743,31.322,31.71,19.503,0.0,-999.0,13.648,16.554,13.724,30.715,23.374,23.347,42.451,24.436,14.64,0.226,2.0,6.897,9.936,17.124,18.71,27.764,13.331,28.994,40.405,8.596,10.164,22.223,3.004,15.579,22.95,14.864,54.682,12.316,12.066,0.0,16.357,27.996,21.546,50.998,36.905,2.38,13.56,13.146,13.338,14.603,6.181,0.0,-999.0,-999.0,
1989,5.344,33.612,6.841,25.695,19.49,0.0,-999.0,29.494,7.556,8.19,4.867,1.439,5.679,18.664,2.791,11.748,0.0,0.0,0.46,0.353,2.794,4.233,5.457,6.194,15.104,22.49,2.15,0.491,35.818,0.311,4.283,8.56,0.544,30.854,2.658,0.057,0.0,10.206,13.051,1.788,50.766,33.27,0.0,2.636,4.3,0.685,1.391,3.228,0.0,-999.0,-999.0,
1990,31.729,23.285,30.506,30.247,21.797,0.0,-999.0,24.965,31.709,14.816,6.122,3.85,3.615,38.529,8.721,33.793,0.0,0.0,0.162,0.505,1.404,28.704,16.288,8.285,19.978,32.296,0.4,1.215,39.278,0.439,9.305,2.891,0.781,58.207,13.619,0.468,0.0,23.024,13.223,15.263,54.556,34.986,0.0,3.541,12.095,0.715,0.658,2.638,0.0,-999.0,-999.0,
1991,8.208,17.297,18.087,28.537,11.463,0.0,-999.0,11.734,8.329,7.846,10.365,8.615,4.35,36.241,8.233,11.969,1.459,0.0,4.332,0.834,1.604,8.179,15.424,7.532,20.357,25.399,1.321,7.332,22.193,1.379,7.646,5.886,1.902,39.659,8.747,2.943,2.0,11.182,14.35,6.293,34.861,28.48,0.949,4.913,6.997,1.89,0.596,1.161,0.0,-999.0,-999.0,
1992,3.512,17.366,2.079,28.522,8.622,0.0,-999.0,12.944,5.838,14.459,1.174,0.653,0.161,8.914,2.58,4.874,0.0,-999.0,0.038,0.148,0.177,4.247,1.068,2.497,1.221,21.704,0.023,0.557,32.051,0.255,5.942,1.529,0.176,17.834,13.668,0.057,0.0,10.654,1.902,0.816,23.549,30.02,0.0,1.664,14.476,0.654,0.181,1.161,0.0,-999.0,-999.0,
1993,22.356,25.563,30.797,23.544,10.278,0.0,-999.0,23.883,31.237,3.433,1.524,1.76,0.193,17.65,10.384,27.693,0.0,0.0,3.533,0.137,0.195,16.354,5.567,1.351,3.011,12.892,2.1,7.329,36.105,1.109,17.521,0.211,1.821,42.989,4.197,0.652,2.0,31.811,1.36,13.94,52.516,23.69,0.0,5.79,4.602,2.808,0.164,1.456,0.0,-999.0,-999.0,
1994,1.797,34.764,5.739,27.231,20.347,0.0,-999.0,8.804,1.494,16.252,3.849,2.237,0.519,26.715,4.457,6.131,0.0,0.0,1.89,0.852,0.371,1.803,2.892,6.336,9.435,40.405,1.415,1.839,49.782,0.68,2.997,1.577,2.591,47.477,9.975,0.47,0.0,3.92,3.553,1.034,47.635,47.072,1.426,2.03,12.174,1.668,0.661,1.752,0.0,-999.0,-999.0,
1995,27.593,36.598,25.809,28.767,23.135,-999.0,-999.0,18.718,19.669,4.65,8.266,5.275,4.938,31.202,12.544,35.55,1.267,0.0,1.509,3.058,1.912,21.631,9.998,4.157,19.936,16.152,3.564,3.123,40.637,1.185,6.825,3.791,2.069,47.229,6.215,1.811,1.0,13.438,9.384,10.248,46.577,31.159,3.921,2.194,6.747,2.07,3.214,2.342,0.0,-999.0,-999.0,
1996,7.591,36.545,9.166,36.005,14.378,-999.0,-999.0,8.688,10.81,11.25,1.854,0.682,0.578,17.05,4.091,10.413,0.0,0.0,0.038,0.372,0.409,4.353,4.01,5.949,4.598,33.938,0.023,0.696,42.253,0.387,5.213,2.667,0.324,36.941,15.811,0.252,1.0,12.463,2.994,2.759,55.899,38.508,0.104,1.696,12.251,0.815,0.423,2.047,0.0,-999.0,-999.0,
1997,8.219,30.684,19.866,26.86,13.348,0.0,-999.0,11.764,11.805,4.978,3.936,2.932,1.818,19.362,5.268,23.959,0.0,0.0,0.268,0.411,0.251,8.905,7.09,2.011,10.766,16.886,0.023,3.936,39.545,0.394,7.621,0.987,0.283,46.189,4.206,0.057,0.0,7.122,4.476,3.96,50.485,23.622,0.104,3.862,6.233,0.654,0.344,1.752,0.0,-999.0,-999.0,
1998,27.325,29.761,43.376,28.489,19.502,-999.0,-999.0,43.122,25.947,15.317,3.365,2.477,1.332,39.874,7.421,52.36,0.0,0.0,0.336,0.777,0.466,28.902,11.345,8.341,15.575,30.655,0.023,1.07,47.867,0.239,9.167,1.779,0.51,87.108,14.094,0.057,0.0,33.237,6.082,10.143,88.924,31.412,0.104,3.094,15.738,0.702,0.295,2.933,0.0,-999.0,-999.0,
1999,21.882,13.916,28.901,23.187,15.169,-999.0,-999.0,12.15,26.155,9.204,7.812,6.234,3.329,25.564,22.917,30.126,0.531,0.0,4.834,0.762,1.51,24.22,16.192,5.062,11.511,19.005,4.44,16.058,34.219,1.874,15.242,1.903,3.886,52.406,5.073,3.058,3.0,24.385,6.858,19.241,55.043,23.853,0.104,8.382,7.57,3.84,2.054,2.047,0.0,-999.0,-999.0,
2000,31.934,38.261,40.011,29.233,28.078,-999.0,-999.0,19.605,23.429,12.257,2.715,0.517,3.32,50.535,4.5,42.356,0.0,0.0,0.038,0.08,1.019,38.465,16.005,12.669,25.446,31.091,0.028,0.446,59.928,0.239,4.512,2.142,0.165,80.488,4.91,0.057,0.0,19.011,10.677,12.354,77.114,44.084,0.0,1.737,6.784,0.654,0.204,4.114,0.0,-999.0,-999.0,
2001,2.145,28.303,23.446,32.115,26.329,-999.0,-999.0,9.283,2.868,10.934,3.927,1.167,3.332,37.878,3.058,15.606,0.264,0.0,2.706,2.13,3.33,4.389,8.639,8.052,18.668,39.244,2.792,3.693,48.635,2.082,3.364,3.53,1.234,60.249,6.467,2.074,1.0,13.487,11.625,2.609,58.359,36.185,1.045,2.078,9.292,0.78,1.958,3.228,0.0,-999.0,-999.0,
2002,13.151,39.578,17.859,30.897,33.703,-999.0,-999.0,7.88,20.133,11.24,6.526,7.082,4.099,38.411,14.975,19.14,1.81,0.0,7.072,0.952,1.379,7.522,10.548,9.162,28.714,39.584,6.447,13.418,46.728,2.516,14.13,4.2,4.015,52.003,8.811,1.312,3.0,23.261,18.28,9.308,35.838,46.404,1.045,6.595,10.736,1.582,1.032,5.0,0.0,-999.0,-999.0,
2003,1.042,44.744,16.295,34.425,29.242,0.0,-999.0,1.966,0.844,18.937,3.946,1.511,5.229,37.182,1.259,14.717,0.0,0.0,1.015,0.172,1.338,1.886,13.142,18.233,19.205,34.664,1.77,1.293,45.08,0.239,1.944,6.9,0.211,51.717,17.231,0.068,0.0,1.574,12.522,1.623,43.092,45.542,0.0,4.475,13.876,0.654,0.792,3.819,0.0,-999.0,-999.0,
2004,3.36,26.584,4.771,27.97,14.775,0.0,-999.0,12.818,7.819,12.472,0.486,0.192,0.231,16.992,0.905,15.115,0.0,0.0,0.038,0.105,0.503,3.91,1.003,3.821,7.841,24.079,0.023,0.335,35.107,0.239,4.009,0.972,0.248,35.94,9.589,0.041,0.0,8.771,4.728,1.047,25.149,25.905,0.0,4.549,15.271,0.256,0.128,1.456,0.0,-999.0,-999.0,
2005,9.977,32.863,34.516,26.225,26.751,0.0,-999.0,11.776,7.326,11.757,9.971,4.388,3.245,27.016,12.788,33.699,0.226,-999.0,1.22,0.655,1.01,20.313,14.892,7.35,16.267,31.253,0.306,3.773,41.435,1.785,8.878,2.796,2.219,51.118,10.274,2.155,0.0,8.396,12.573,8.124,57.763,32.009,0.0,4.278,8.863,1.251,1.488,4.114,0.0,-999.0,-999.0,
2006,31.512,22.9,30.55,31.28,22.752,0.0,-999.0,12.951,24.706,14.194,4.655,2.27,4.688,41.127,8.523,28.418,0.0,0.0,2.239,2.578,3.969,37.179,16.233,11.583,20.835,31.574,1.911,4.653,37.541,1.318,7.872,7.471,0.335,73.399,12.938,0.448,2.0,17.729,18.627,12.779,70.64,34.836,0.0,3.137,13.044,1.024,3.2,6.181,0.0,-999.0,-999.0,
2007,31.1,34.412,22.576,26.725,25.651,0.0,-999.0,16.606,23.279,19.229,6.123,9.243,1.415,24.238,26.151,19.247,0.0,0.0,0.933,1.213,1.525,27.798,13.57,17.243,13.05,44.641,3.044,1.895,33.647,0.374,16.732,6.226,1.467,27.68,5.974,1.978,0.0,22.779,10.851,23.906,15.612,42.183,0.0,6.172,10.659,2.582,0.46,3.524,0.0,-999.0,-999.0,
2008,10.857,26.865,15.317,33.904,21.874,0.0,-999.0,8.176,14.513,11.08,0.554,0.49,0.569,20.965,5.035,19.394,0.0,0.0,1.625,0.111,0.354,12.708,3.517,5.747,6.353,38.554,1.698,3.252,33.022,0.685,10.803,2.064,0.253,52.25,9.825,0.057,1.0,22.014,3.021,6.998,56.584,29.62,0.0,3.026,9.862,0.654,0.16,2.439,0.0,-999.0,-999.0,
2009,7.54,30.298,12.275,36.088,11.709,0.0,-999.0,13.5,15.316,9.724,1.272,0.861,0.62,16.646,1.21,27.264,0.0,0.0,0.038,0.254,0.584,16.39,3.125,2.818,3.649,29.391,0.023,0.052,42.88,0.255,3.12,1.025,0.206,51.079,11.636,0.057,0.0,11.178,2.386,2.366,68.955,28.589,0.0,1.732,11.43,0.654,0.468,-999.0,0.0,-999.0,-999.0,
2010,36.441,31.684,38.931,27.983,17.463,0.0,-999.0,24.37,31.022,6.626,3.948,4.034,0.785,32.098,16.758,39.872,0.0,0.0,3.455,0.233,0.457,36.832,10.651,3.277,8.464,30.104,4.66,6.516,45.493,1.403,16.262,1.387,1.269,66.87,7.072,2.188,5.0,29.989,5.072,18.234,53.943,30.029,1.57,9.462,7.55,0.75,0.182,1.258,0.0,-999.0,-999.0,
2011,33.885,36.467,50.353,25.035,24.108,1.0,-999.0,23.33,44.463,6.048,10.213,10.245,7.0,52.802,12.079,55.412,0.531,0.0,1.873,1.595,2.416,40.052,25.328,4.058,15.451,20.595,2.336,3.908,62.232,1.627,13.938,1.175,4.413,95.315,3.7,4.142,2.0,36.17,9.85,15.264,110.65,27.558,1.045,4.842,4.729,1.702,1.896,4.211,0.0,-999.0,-999.0,
2012,15.75,38.615,40.348,36.172,32.303,0.0,-999.0,8.809,20.567,12.787,21.069,18.778,16.406,52.57,20.979,24.95,0.0,0.0,2.551,3.832,3.639,19.515,35.324,9.337,38.929,35.523,1.676,5.195,56.512,1.134,11.564,4.257,8.51,74.089,8.034,2.521,2.0,14.255,23.599,18.111,68.376,32.153,0.52,4.736,8.984,2.407,6.031,10.708,0.0,-999.0,-999.0,
2013,0.0,30.512,18.498,29.264,20.187,0.0,-999.0,3.252,1.426,13.187,4.19,2.206,4.29,31.2,1.766,21.489,0.0,0.0,0.516,0.764,0.821,9.103,7.174,4.035,14.18,35.49,0.967,1.71,47.529,0.479,1.671,1.891,0.737,51.86,7.95,0.157,2.0,3.618,4.788,2.045,61.685,31.019,0.52,1.884,8.711,0.654,0.717,3.972,0.0,-999.0,-999.0,
2014,6.762,30.57,8.373,36.438,13.038,0.0,-999.0,11.288,10.215,14.576,0.69,0.307,0.304,24.789,1.68,11.171,0.0,0.0,0.038,0.08,0.323,7.64,5.634,2.165,5.702,25.578,0.023,0.875,40.047,0.255,4.242,0.572,0.257,47.087,11.06,0.157,0.0,13.63,2.775,1.629,49.313,29.813,0.0,1.565,12.301,0.654,0.16,1.752,0.0,-999.0,-999.0,
2015,17.032,31.433,22.642,34.904,16.885,0.0,-999.0,15.342,16.616,19.176,0.799,0.483,0.66,27.711,2.066,33.17,0.0,0.0,0.268,0.08,0.445,17.783,2.886,8.789,10.268,29.467,0.589,1.455,43.673,0.479,10.191,4.736,0.172,52.809,15.713,0.59,0.0,19.677,4.663,3.487,50.413,31.028,0.0,1.383,15.23,0.654,0.199,1.848,0.0,-999.0,-999.0,
2016,25.069,39.883,20.871,33.745,20.158,0.0,-999.0,18.262,21.306,7.988,2.108,0.862,1.395,26.424,3.154,26.975,0.0,0.0,2.241,0.236,0.655,19.268,6.87,4.095,12.8,40.038,1.44,3.292,42.894,0.601,8.864,2.089,0.49,46.956,9.796,1.514,0.0,24.369,10.466,7.638,48.677,34.474,0.52,4.728,9.017,1.137,0.16,3.03,0.0,-999.0,-999.0,
2017,3.202,44.967,9.281,40.273,18.278,0.0,-999.0,14.05,3.097,18.3,3.064,1.015,1.241,23.511,0.988,7.557,0.0,0.0,0.268,0.383,0.64,3.896,7.477,10.97,12.882,53.193,0.023,0.841,40.886,0.28,4.156,3.915,0.396,38.944,12.534,0.157,0.0,6.928,9.72,3.449,48.681,35.283,0.0,2.561,12.417,0.654,0.182,2.933,0.0,-999.0,-999.0,
2018,9.434,42.665,22.363,29.462,23.85,1.0,-999.0,12.347,4.55,14.057,2.677,1.53,3.081,27.028,3.761,31.238,0.0,0.0,1.015,1.064,1.459,10.286,14.516,6.262,9.631,54.166,1.392,3.876,51.634,0.79,5.014,3.599,0.765,59.391,12.223,0.283,2.0,7.939,6.598,5.949,72.229,41.188,1.57,1.492,9.047,1.812,0.622,1.161,0.0,-999.0,-999.0,
2019,39.085,40.07,17.694,32.975,21.795,0.0,-999.0,18.437,25.043,8.496,1.266,0.758,1.043,19.857,11.329,28.917,0.0,0.0,0.789,0.103,0.629,26.396,3.821,2.512,6.779,37.977,0.306,2.329,51.277,0.367,12.606,0.662,0.361,53.499,5.553,0.037,1.0,25.02,2.271,9.582,65.433,32.611,0.0,2.673,5.152,0.75,0.069,2.836,0.0,-999.0,-999.0,
2020,9.78,60.562,6.671,45.327,29.241,0.0,-999.0,15.986,9.82,12.373,1.19,0.338,2.879,25.889,1.375,16.563,0.0,0.0,1.318,0.543,1.147,6.472,2.218,6.676,14.159,56.262,0.944,2.586,61.814,0.658,5.393,3.311,1.521,42.885,11.543,0.491,1.0,7.205,7.201,3.934,61.844,46.276,0.0,2.281,9.637,1.925,0.294,2.836,0.0,-999.0,-999.0,
