Year,AK,AL,AR,AZ,CA,CO,CT,DE,FL,GA,HI,IA,ID,IL,IN,KS,KY,LA,MA,MD,ME,MI,MN,MO,MS,MT,NC,ND,NE,NH,NJ,NM,NV,NY,OH,OK,OR,PA,RI,SC,SD,TN,TX,UT,VA,VT,WA,WI,WV,WY
1895,-999.0,68.2,67.87,62.33,56.47,47.2,56.8,62.9,70.9,68.07,-999.0,57.77,44.73,61.3,60.33,61.67,63.13,71.3,56.0,62.0,50.77,52.03,52.0,63.47,69.5,45.2,64.73,49.5,55.53,52.37,60.0,54.5,52.6,54.47,58.67,67.1,45.27,56.0,58.03,68.77,51.93,64.37,68.07,51.97,61.57,51.7,47.67,53.33,57.83,44.23
1896,-999.0,69.33,68.83,65.03,58.83,50.33,57.6,63.4,71.97,69.73,-999.0,58.8,48.5,62.13,61.13,62.87,63.7,71.47,56.57,62.83,50.1,53.57,53.03,64.3,69.77,47.93,66.1,51.87,57.27,52.7,60.57,57.43,55.5,55.23,60.17,67.63,47.83,57.17,58.3,69.83,54.4,65.17,69.47,54.9,63.0,51.97,49.27,54.67,59.97,46.93
1897,-999.0,68.87,67.53,62.87,57.77,47.9,56.53,62.3,71.6,69.1,-999.0,58.4,45.4,61.23,60.17,62.73,62.97,71.4,55.43,61.53,49.9,52.37,53.03,63.7,69.5,47.83,65.07,51.63,56.4,52.03,59.33,56.07,53.67,54.67,58.7,66.77,47.33,55.9,56.73,68.97,54.47,64.17,68.17,51.83,62.17,52.07,48.1,53.7,59.0,45.37
1898,-999.0,68.93,68.4,65.7,57.23,49.97,58.63,65.37,70.93,69.73,-999.0,59.7,47.23,62.47,61.87,63.33,64.73,71.63,57.53,64.53,52.13,53.2,53.17,65.03,69.73,48.83,66.3,52.1,57.97,53.6,62.03,57.33,55.03,57.23,61.57,67.17,47.07,59.3,59.23,69.63,54.93,65.5,68.6,53.7,63.9,53.2,49.1,54.5,60.97,46.73
1899,-999.0,68.8,68.07,63.27,54.93,48.73,56.73,64.4,71.0,68.83,-999.0,60.23,44.13,62.33,62.13,63.7,64.13,71.37,56.33,63.7,50.57,53.57,54.5,64.6,69.7,46.9,65.67,52.2,57.73,51.8,61.07,56.57,51.27,55.43,60.23,68.23,44.13,57.7,57.87,69.4,55.13,65.17,69.6,51.77,63.43,51.6,46.83,55.4,59.57,44.53
1900,-999.0,68.47,68.4,62.2,56.2,48.43,58.07,65.73,71.1,68.83,-999.0,61.0,45.47,63.2,63.23,63.9,65.63,72.07,56.63,64.47,51.5,54.23,55.1,65.07,69.73,48.87,66.7,54.43,59.27,52.63,62.1,56.3,53.03,56.6,61.43,67.67,46.43,59.3,58.33,69.6,57.7,66.2,70.0,52.6,64.43,52.23,48.37,56.1,60.87,48.37
1901,-999.0,68.03,68.07,64.07,56.8,50.17,58.87,65.67,70.83,68.43,-999.0,61.87,46.27,63.17,63.2,65.1,65.1,71.53,57.4,64.63,52.0,55.23,55.9,65.93,69.4,48.37,66.4,54.0,59.73,54.23,62.73,56.97,53.4,57.83,62.23,68.83,45.8,59.93,59.13,69.2,57.7,65.47,70.67,53.93,64.23,53.7,46.37,56.43,61.03,48.63
1902,-999.0,69.3,68.03,62.27,55.73,48.37,54.67,61.47,70.73,68.6,-999.0,58.23,43.9,60.57,59.73,62.7,62.73,71.8,53.2,61.03,47.7,51.67,52.1,63.53,69.73,45.73,64.43,50.27,56.53,49.47,58.5,55.87,52.0,53.6,58.1,67.63,44.27,56.0,54.83,68.1,53.37,64.27,70.63,51.43,61.1,49.3,45.87,53.1,57.23,45.53
1903,-999.0,66.8,65.1,63.77,55.67,48.53,53.97,61.33,70.13,67.4,-999.0,57.37,46.07,59.37,58.53,61.13,62.0,69.27,52.67,61.0,47.43,51.1,50.8,61.83,67.4,47.73,64.17,50.87,56.4,48.9,58.43,55.77,52.4,52.4,57.57,65.3,45.87,55.63,54.8,67.7,54.2,62.8,67.6,53.07,61.1,48.43,48.57,51.87,57.33,46.5
1904,-999.0,66.37,66.03,62.77,57.03,47.6,55.9,61.97,68.7,66.53,-999.0,56.83,45.5,58.7,58.2,61.33,62.0,69.67,54.53,61.37,49.9,51.17,51.57,61.77,67.53,46.8,63.83,49.6,55.8,50.73,59.57,55.6,53.07,54.13,57.5,66.3,45.97,56.2,56.27,66.43,52.97,62.63,68.1,52.33,61.43,49.83,47.73,51.83,57.33,45.5
1905,-999.0,68.23,67.77,61.63,55.93,48.93,56.37,62.97,71.07,68.27,-999.0,59.97,46.27,61.37,61.0,63.03,63.93,72.03,55.07,62.63,49.33,53.2,53.67,63.83,69.37,48.5,64.73,52.4,57.6,50.63,60.37,55.37,51.67,55.23,60.2,67.3,46.67,57.93,57.0,67.7,54.57,64.57,69.27,52.23,62.9,50.53,48.37,54.4,59.43,46.97
1906,-999.0,68.27,65.83,61.97,57.5,47.23,58.27,65.53,71.27,68.8,-999.0,58.5,46.43,60.77,60.93,60.33,64.4,71.23,56.8,64.7,50.77,54.33,53.87,62.3,68.57,48.17,66.4,53.37,54.87,52.23,62.9,55.0,52.3,56.27,60.73,65.4,47.27,59.13,58.43,69.07,54.1,64.07,68.13,52.27,64.3,51.57,48.93,54.57,61.07,45.7
1907,-999.0,67.0,67.7,60.93,55.4,48.23,54.77,60.97,69.77,67.37,-999.0,58.9,44.47,60.7,59.07,62.77,62.27,71.2,53.83,59.97,50.13,51.57,52.7,63.63,68.3,46.43,63.27,51.37,56.83,50.13,57.93,54.9,49.1,52.9,57.67,67.37,45.4,54.4,55.43,67.13,54.0,63.1,68.63,50.77,60.3,49.4,47.13,53.07,57.0,45.0
1908,-999.0,67.37,67.33,61.7,56.07,48.27,57.83,62.8,69.97,67.53,-999.0,58.4,45.73,60.7,59.7,62.3,62.93,71.67,56.07,62.07,50.77,53.17,53.03,63.07,68.57,47.23,64.07,51.23,56.33,51.43,60.03,54.97,51.6,54.83,58.53,66.5,46.43,56.47,57.7,67.4,53.63,63.7,68.6,51.4,61.83,50.73,47.8,53.53,58.1,45.67
1909,-999.0,68.63,68.43,63.07,56.3,50.7,55.5,61.43,71.3,68.4,-999.0,60.97,46.03,61.97,60.97,64.33,63.97,72.53,54.43,61.17,48.83,53.5,55.43,64.63,69.97,49.17,63.9,54.63,59.53,49.67,58.37,57.23,52.77,53.43,59.4,68.73,44.97,55.43,55.97,67.77,57.87,64.57,69.97,54.3,61.23,49.2,45.77,55.1,58.2,48.6
1910,-999.0,66.97,66.83,63.53,55.7,49.5,56.13,62.23,69.5,66.93,-999.0,58.5,44.9,60.13,58.37,62.2,61.73,70.87,55.3,61.87,50.5,52.7,53.0,62.57,68.13,47.6,64.27,52.37,56.6,50.67,59.1,57.23,52.27,53.87,57.8,67.6,44.6,55.83,56.77,66.87,54.77,63.07,69.33,54.17,61.43,50.53,45.93,53.77,57.63,46.87
1911,-999.0,67.6,67.83,62.1,55.63,49.43,57.0,63.8,69.87,67.57,-999.0,60.23,45.6,61.97,60.47,63.6,63.27,71.67,56.0,63.3,51.9,54.3,53.53,64.77,69.0,47.17,65.13,51.93,57.67,51.77,60.73,56.4,51.63,55.53,60.07,68.9,45.7,57.9,57.27,67.73,55.3,64.0,69.93,52.67,62.37,51.3,47.37,54.87,58.73,46.5
1912,-999.0,67.17,66.37,61.07,55.4,48.2,55.0,61.7,70.77,67.37,-999.0,58.0,45.43,60.4,59.57,61.93,62.3,71.13,54.33,60.93,48.97,51.7,52.0,62.97,68.23,47.3,63.93,51.77,56.33,49.37,58.3,55.23,50.63,52.4,58.4,66.7,46.1,55.1,55.9,67.07,54.4,63.3,68.5,51.97,60.93,48.27,48.3,52.73,57.53,46.23
1913,-999.0,67.37,67.3,60.9,57.57,49.67,55.7,62.0,69.37,67.33,-999.0,61.4,47.23,63.03,61.7,64.93,64.0,70.5,54.5,61.77,49.23,53.73,54.3,65.37,67.8,48.73,64.7,53.47,58.93,49.4,58.83,55.33,51.67,52.87,59.3,68.37,47.8,55.53,56.3,67.37,57.23,64.07,68.37,52.83,62.03,48.8,48.67,54.93,58.63,48.2
1914,-999.0,69.43,69.43,63.3,56.4,50.13,56.07,63.07,70.73,68.97,-999.0,61.23,45.97,63.23,61.67,65.27,64.27,72.27,54.97,62.07,48.43,53.3,54.37,66.43,70.13,48.0,65.5,53.43,59.43,50.27,59.6,56.57,52.87,53.93,59.37,69.73,46.67,56.4,56.4,68.27,56.5,65.37,69.53,53.17,62.13,49.87,47.47,54.63,58.1,47.5
1915,-999.0,67.63,65.67,61.7,56.23,46.83,55.73,62.07,71.0,68.03,-999.0,55.4,45.3,58.53,58.3,59.53,61.9,71.23,54.73,61.2,50.17,49.87,49.5,60.93,67.97,46.5,64.13,48.8,54.37,50.77,59.03,54.63,51.53,53.17,57.6,64.83,46.97,55.83,56.33,66.93,51.5,62.87,68.2,51.3,61.03,50.3,48.97,49.67,57.17,44.3
1916,-999.0,67.8,67.73,61.4,55.13,48.83,56.93,62.93,69.97,67.93,-999.0,59.9,44.4,62.1,61.43,62.87,63.77,71.3,55.87,62.0,52.07,54.43,55.5,64.23,68.67,47.3,64.63,53.67,57.9,52.73,60.03,55.9,50.07,55.57,59.23,67.57,45.07,57.03,57.93,67.7,56.17,64.53,69.2,51.4,61.97,52.73,46.9,55.4,58.43,45.87
1917,-999.0,66.87,65.33,63.07,57.83,47.67,58.57,64.1,69.7,66.9,-999.0,57.37,45.1,59.47,58.8,61.07,61.5,69.97,57.73,62.73,53.23,51.57,51.5,61.6,67.33,47.47,63.9,50.4,55.13,53.7,61.3,55.67,53.4,55.63,58.13,66.1,46.3,57.23,59.8,67.07,53.23,62.23,68.8,52.7,61.17,53.2,46.6,51.97,57.3,45.13
1918,-999.0,67.0,67.5,64.03,57.7,50.4,55.8,61.77,69.63,66.63,-999.0,60.47,47.57,62.03,60.6,64.87,62.7,70.77,55.07,61.33,49.77,52.53,53.43,65.37,68.03,49.3,63.03,52.13,58.97,50.8,58.9,57.43,53.6,53.23,58.97,69.2,46.77,56.3,56.97,66.2,56.07,63.57,70.03,54.7,60.6,50.37,48.6,53.73,57.73,48.03
1919,-999.0,68.47,67.87,63.53,56.63,49.73,56.9,62.9,70.63,67.77,-999.0,61.1,46.5,62.77,61.6,63.23,64.03,71.13,55.93,62.4,51.4,56.07,56.13,64.5,69.17,50.5,64.2,55.3,58.97,52.27,60.0,55.73,53.6,55.3,60.33,67.4,45.63,57.7,57.9,67.53,57.47,65.2,67.67,54.43,62.13,51.77,46.03,56.47,59.2,48.43
1920,-999.0,67.2,65.57,61.6,56.3,48.2,56.67,62.67,69.8,67.0,-999.0,58.03,46.2,59.87,58.73,60.97,61.3,69.93,55.8,61.73,51.53,52.2,52.8,61.77,67.67,48.93,63.8,53.27,56.53,52.53,59.9,54.73,52.03,54.23,58.0,65.77,46.3,56.4,57.27,67.17,55.07,62.77,67.67,52.9,60.87,51.83,47.97,52.8,57.47,46.13
1921,-999.0,68.83,69.2,63.43,57.23,50.27,57.13,62.83,69.93,68.0,-999.0,62.43,47.37,64.43,63.5,64.6,65.07,71.3,56.03,62.73,51.5,57.2,56.97,66.3,69.8,50.1,65.33,55.63,59.77,52.27,60.13,56.17,54.9,55.73,61.1,68.67,46.37,57.47,57.07,67.97,58.6,65.97,69.2,54.23,62.47,52.2,47.83,58.1,59.6,48.6
1922,-999.0,67.57,67.57,64.07,57.63,50.3,57.83,64.13,69.93,67.47,-999.0,59.77,48.33,61.4,59.93,63.7,62.57,70.63,56.97,63.2,52.5,53.03,54.23,64.03,68.23,49.93,64.97,53.73,58.4,53.3,60.77,57.2,53.97,54.87,58.6,68.13,47.6,57.0,58.1,67.6,56.43,63.57,68.97,54.7,62.3,52.73,49.23,54.53,58.57,48.13
1923,-999.0,67.43,68.2,61.37,54.83,49.5,55.3,62.87,70.5,67.53,-999.0,60.57,47.33,62.27,60.3,64.13,63.13,70.37,53.77,62.5,48.7,52.87,54.73,64.83,68.17,50.17,64.93,54.07,59.07,49.4,58.73,56.37,50.77,52.33,58.47,68.73,47.33,55.5,55.3,67.73,57.1,64.13,69.5,52.53,62.0,48.87,49.23,55.23,58.43,48.4
1924,-999.0,68.17,67.5,62.97,55.8,48.0,55.57,61.7,70.93,68.2,-999.0,57.4,44.73,59.97,58.8,62.83,62.33,71.07,54.4,61.37,50.13,50.73,50.77,63.17,68.97,46.1,64.6,49.73,56.23,49.9,58.17,56.27,51.7,52.47,57.43,68.87,45.3,54.8,55.83,67.9,53.07,63.8,69.73,52.67,61.17,49.73,47.87,51.67,58.03,44.67
1925,40.6,68.27,68.2,63.0,57.33,50.3,57.37,62.83,70.6,68.13,-999.0,59.17,47.0,61.93,60.53,64.37,62.6,71.1,56.07,62.3,50.97,53.1,53.47,64.27,68.97,48.4,64.7,51.77,58.1,51.7,59.5,56.8,52.97,54.13,59.2,69.37,47.03,56.13,57.43,68.3,55.1,63.77,70.13,53.67,61.57,51.37,48.63,54.6,57.87,47.5
1926,42.73,67.57,66.53,62.33,58.03,49.1,55.87,62.23,70.3,67.7,-999.0,58.67,47.77,60.93,59.87,62.7,62.57,70.4,54.17,61.87,49.37,51.7,52.2,62.97,68.1,48.5,65.07,51.97,57.7,49.87,58.9,54.97,54.93,52.8,58.67,66.5,47.7,56.0,55.63,68.3,55.37,63.63,68.1,54.1,61.63,49.37,49.13,53.07,58.33,47.77
1927,41.8,67.6,66.2,62.67,56.53,48.83,54.93,59.5,70.83,67.23,-999.0,55.8,46.7,58.2,56.53,61.27,60.0,70.83,53.97,59.17,48.97,49.2,50.57,60.97,68.17,47.7,62.9,50.93,55.73,49.67,56.93,55.87,53.0,51.3,55.07,66.27,47.03,53.4,55.7,66.4,53.17,62.27,68.8,53.77,59.33,48.8,49.23,50.23,55.57,46.43
1928,40.73,68.3,67.9,62.33,56.33,47.37,58.83,63.9,70.27,67.87,-999.0,58.17,45.47,61.07,59.6,61.7,63.3,71.37,57.63,63.17,52.0,52.7,52.3,63.17,69.2,46.8,65.53,50.97,56.23,53.77,61.37,55.37,52.07,55.6,59.23,67.37,46.63,57.83,59.03,68.17,53.73,64.73,69.67,51.87,62.77,53.23,48.73,53.5,59.6,44.6
1929,41.07,66.77,66.53,63.1,57.2,49.77,55.57,61.17,69.73,66.5,-999.0,58.5,46.57,60.1,58.37,63.6,60.87,70.03,54.03,60.37,49.8,50.9,52.27,63.17,67.43,48.57,63.1,51.67,58.37,50.23,58.23,56.1,53.47,52.07,56.2,67.97,46.47,54.07,55.93,66.27,55.77,62.77,68.87,54.4,60.07,49.53,47.67,52.9,55.9,47.87
1930,41.9,66.6,66.37,63.0,56.7,49.8,57.43,62.5,69.87,66.33,-999.0,60.13,47.47,61.7,59.27,64.0,61.6,69.13,56.5,61.73,52.93,53.37,54.73,63.6,67.1,50.03,63.03,54.73,58.97,52.5,59.57,56.3,53.53,54.13,57.5,67.93,46.33,55.2,58.57,66.33,57.27,62.23,68.7,54.4,60.63,51.97,47.87,54.77,55.63,47.83
1931,40.97,66.8,66.8,64.23,59.4,50.6,58.8,63.87,70.17,67.57,-999.0,61.53,47.83,63.33,62.17,64.17,63.77,69.47,57.63,63.43,52.9,55.43,55.83,64.93,67.27,50.3,64.83,54.97,60.0,53.37,61.8,56.07,55.97,55.97,60.67,67.67,47.53,58.0,59.4,67.73,58.67,63.93,68.3,55.9,62.73,52.5,48.0,56.43,59.23,48.73
1932,40.2,69.13,69.0,62.67,56.3,49.9,56.27,62.17,71.4,68.83,-999.0,61.07,46.0,62.67,60.83,65.03,63.7,71.9,54.93,61.77,51.1,54.37,55.4,65.4,70.1,49.9,64.9,55.1,59.7,50.8,59.5,55.73,52.13,53.8,58.63,68.9,46.0,55.97,56.33,68.8,57.47,65.3,69.73,53.43,61.87,50.43,47.73,55.63,57.97,47.53
1933,39.97,67.17,67.3,64.07,57.47,51.07,57.9,62.93,70.03,67.27,-999.0,60.97,47.6,62.83,61.17,65.5,63.07,70.1,56.4,62.4,51.0,54.53,55.83,64.83,68.07,50.57,64.43,55.57,60.5,52.03,60.77,56.63,53.8,55.13,59.97,68.7,47.73,57.07,57.97,67.3,58.83,63.63,69.07,55.33,61.97,51.7,47.5,56.43,58.5,48.93
1934,40.43,69.33,70.27,62.87,57.3,51.23,57.53,64.4,70.73,69.07,-999.0,62.13,47.07,64.97,63.4,68.5,66.17,71.77,55.77,64.3,50.0,53.3,53.77,68.17,70.37,48.7,67.23,53.07,61.37,51.03,60.93,57.27,52.93,54.07,61.83,71.8,47.5,57.9,57.37,69.73,57.3,66.77,71.0,54.87,64.77,50.27,48.33,54.9,61.1,48.37
1935,40.87,67.77,67.77,62.73,57.23,50.37,58.07,63.57,70.27,67.87,-999.0,60.8,45.53,62.73,61.67,65.1,63.87,70.97,56.7,63.2,53.1,55.27,55.63,64.7,68.57,47.97,65.03,54.03,59.63,53.4,60.93,56.67,52.5,55.73,60.73,68.5,46.5,57.9,57.83,68.17,57.0,64.47,69.3,54.53,62.73,52.8,47.37,56.2,59.87,47.6
1936,42.97,68.23,68.47,64.57,58.87,52.1,57.1,63.1,70.4,68.03,-999.0,62.23,49.43,64.03,62.3,66.9,64.83,70.8,55.33,62.83,50.6,52.77,55.67,67.07,69.27,52.53,65.1,56.83,61.8,51.2,60.17,56.7,54.63,53.87,60.1,70.2,48.93,56.83,57.23,68.03,60.5,65.8,69.27,56.87,62.9,50.37,49.03,55.03,59.17,51.1
1937,41.57,68.17,68.37,63.33,58.1,50.6,59.03,64.33,70.4,67.9,-999.0,61.3,46.5,62.7,61.07,66.07,63.83,70.9,57.83,63.87,54.4,55.2,56.27,65.4,68.83,49.4,65.43,55.63,60.4,54.6,61.7,56.4,53.33,56.87,60.57,70.1,47.77,58.6,59.67,67.97,58.33,64.8,70.03,54.87,63.23,54.03,48.5,56.4,59.67,48.6
1938,41.0,67.73,68.1,62.4,57.8,49.93,58.67,63.8,69.63,67.0,-999.0,61.07,47.03,63.0,61.3,65.5,63.87,70.47,57.77,63.1,54.43,55.3,55.63,65.27,68.67,49.2,64.73,53.77,60.1,54.2,61.1,55.8,53.07,56.03,59.83,68.73,47.37,57.3,59.43,67.07,57.5,64.7,69.43,54.23,62.37,53.53,48.53,56.17,59.17,47.77
1939,40.6,68.0,68.2,63.23,57.5,48.93,57.93,64.3,70.37,68.13,-999.0,60.17,46.03,62.47,61.4,64.67,63.93,71.1,56.77,63.67,52.93,55.0,55.2,64.53,69.13,47.7,66.0,53.13,58.43,53.0,61.27,55.53,53.33,55.27,60.47,68.47,47.27,57.7,58.23,68.73,56.47,64.7,69.37,53.7,63.33,52.03,48.13,55.77,59.97,46.37
1940,41.33,67.27,66.17,64.2,58.0,50.2,55.47,62.4,70.8,67.57,-999.0,60.5,47.77,62.2,61.03,63.6,63.03,70.17,54.27,62.1,50.57,54.23,54.23,63.37,68.0,49.47,64.97,53.83,59.37,50.83,58.87,55.7,54.13,53.8,60.03,66.3,48.13,56.3,55.4,67.73,57.1,63.7,67.53,55.47,62.23,50.6,49.17,55.43,59.13,48.67
1941,41.9,68.57,67.7,60.3,56.57,48.97,56.77,62.17,71.13,68.93,-999.0,60.8,48.5,62.73,60.8,63.6,64.17,71.5,55.3,61.87,50.8,54.0,56.07,64.93,69.17,50.7,65.77,55.17,58.93,51.17,59.37,54.1,52.03,54.5,59.47,67.27,48.87,56.2,57.0,68.97,57.77,65.53,68.23,52.97,62.53,50.77,50.4,55.7,59.43,48.7
1942,42.33,67.6,67.83,61.97,57.27,48.93,57.93,64.07,70.83,67.8,-999.0,60.23,45.73,62.63,61.57,63.77,64.37,71.13,56.3,63.5,51.87,54.1,53.9,64.2,68.87,47.33,65.9,52.27,58.5,52.43,60.97,54.9,52.63,55.3,60.33,68.0,47.4,57.37,58.0,68.63,55.73,64.8,68.63,52.97,63.43,52.0,49.57,54.93,60.47,46.6
1943,42.63,69.27,69.3,62.67,55.03,50.57,59.03,64.6,70.6,68.8,-999.0,62.0,45.0,64.47,63.2,65.93,65.5,71.73,57.27,64.47,51.57,55.6,56.0,66.37,70.2,47.23,66.37,53.47,59.83,52.87,61.83,56.73,50.73,56.6,61.53,70.5,45.67,58.87,58.77,69.23,56.8,66.2,69.97,53.5,63.97,52.83,47.27,57.3,60.77,47.17
1944,43.1,67.47,67.8,60.03,54.47,48.47,58.03,62.77,70.63,67.33,-999.0,60.23,44.5,62.7,61.53,64.3,63.43,71.2,57.03,62.2,52.03,54.47,54.7,64.17,68.8,46.73,63.97,52.5,58.37,52.53,60.5,55.3,48.83,55.67,60.0,68.77,45.93,57.2,58.8,66.93,55.1,64.17,69.6,51.2,61.67,52.47,48.7,55.63,58.1,45.27
1945,41.27,67.5,66.5,61.6,57.43,48.7,57.23,62.7,70.93,67.4,-999.0,57.63,45.73,59.97,59.0,61.8,61.77,71.07,56.03,61.8,51.43,51.8,52.63,62.0,68.2,47.37,64.63,51.1,56.43,52.1,60.1,54.73,51.9,54.77,57.7,66.23,46.33,56.53,58.03,67.87,53.7,63.0,68.47,52.87,61.37,51.87,47.93,52.37,57.7,46.03
1946,41.73,66.6,66.83,63.17,57.03,50.2,55.23,60.23,70.3,66.57,-999.0,58.63,46.97,60.73,58.6,64.27,61.6,70.43,54.23,59.77,49.97,51.93,53.47,63.33,67.77,47.87,63.07,52.63,58.17,50.27,58.2,56.53,52.57,52.47,56.67,67.87,47.0,54.43,56.83,66.27,55.33,62.8,68.87,54.9,59.87,49.7,48.13,53.3,56.57,47.2
1947,40.93,66.47,67.27,61.8,55.7,49.6,57.73,62.7,70.17,66.17,-999.0,60.57,45.83,62.73,61.27,64.0,62.93,70.23,56.9,62.07,52.57,54.5,55.47,64.6,67.77,48.2,63.27,54.43,58.7,53.63,60.4,55.8,50.2,56.3,59.77,67.8,46.37,57.4,58.67,66.23,56.5,63.17,69.03,53.03,61.33,53.7,47.97,55.4,58.57,47.0
1948,40.8,67.5,67.3,61.57,55.63,49.17,57.33,63.0,70.4,67.3,-999.0,59.9,46.8,61.63,60.3,63.5,62.13,71.0,56.07,62.2,50.67,53.77,54.8,63.5,68.6,49.17,64.27,54.1,58.23,51.93,60.87,55.97,50.67,54.83,58.93,67.83,46.97,56.7,58.2,67.5,56.1,63.53,69.7,52.8,61.73,51.5,49.3,54.8,58.93,47.43
1949,40.9,68.37,68.2,61.57,56.43,49.57,59.73,65.33,70.73,68.0,-999.0,61.5,46.03,64.3,63.47,64.07,65.0,71.03,58.7,64.73,52.93,56.47,56.9,65.0,69.37,48.13,66.63,53.67,59.1,54.37,62.47,55.17,51.6,57.53,62.17,67.77,45.63,59.27,60.53,68.7,56.87,65.7,68.5,52.7,64.0,54.03,46.93,57.43,61.4,47.03
1950,42.63,66.1,65.97,60.53,57.07,47.37,56.2,61.3,70.1,66.6,-999.0,56.27,45.4,59.33,58.53,61.23,61.0,70.0,55.33,60.93,50.33,51.3,51.73,60.97,67.47,45.9,63.77,50.43,55.03,51.3,58.83,54.57,51.63,53.5,56.93,65.83,47.2,54.87,57.43,67.13,52.43,62.5,68.07,51.03,60.8,50.8,48.77,51.67,57.57,43.9
1951,42.8,68.3,68.4,61.4,56.83,48.87,57.43,62.83,70.73,67.6,-999.0,57.97,45.37,60.97,59.97,62.63,62.83,71.47,56.1,62.0,50.87,52.23,52.63,63.53,69.47,45.97,64.67,50.73,56.13,51.87,60.0,56.1,51.9,54.23,58.6,68.6,46.13,56.1,58.47,67.8,53.53,64.6,70.4,53.2,61.6,51.7,47.83,52.77,58.27,45.2
1952,41.5,68.7,68.73,61.93,56.67,51.0,59.03,64.63,71.3,68.77,-999.0,60.5,46.0,63.8,62.37,66.33,64.9,71.27,57.8,63.93,52.63,55.07,54.77,65.73,69.63,47.27,66.1,52.43,59.57,52.97,61.87,57.03,52.07,56.03,60.6,70.3,47.03,57.8,60.4,69.1,56.17,65.93,70.5,53.93,63.37,52.57,47.97,55.57,60.2,47.33
1953,43.27,67.97,68.4,62.37,56.13,51.0,56.1,62.6,71.23,67.8,-999.0,60.67,45.5,63.23,61.47,65.17,63.1,71.5,55.17,61.87,50.43,54.8,55.93,65.2,69.43,48.2,64.27,54.2,59.97,50.8,59.6,56.77,51.33,54.03,59.37,69.17,45.87,55.73,57.57,67.67,57.27,64.53,71.03,53.9,61.73,50.77,47.57,55.7,58.33,48.43
1954,41.67,68.23,69.67,62.1,56.23,51.0,55.9,62.0,71.17,67.77,-999.0,62.03,45.53,64.37,61.97,67.03,63.83,71.13,54.87,61.37,50.37,53.8,55.17,67.17,69.67,47.73,64.1,53.43,60.47,50.97,59.0,56.63,51.5,53.77,59.27,70.77,45.4,55.43,56.73,67.87,56.8,65.3,70.53,53.7,60.97,50.7,46.47,55.47,58.4,47.7
1955,40.63,66.23,66.4,61.17,56.1,50.13,59.33,65.07,69.7,66.23,-999.0,61.5,46.33,63.27,61.83,64.5,63.1,69.13,58.3,63.9,52.87,57.1,58.0,63.9,67.23,48.53,64.23,55.07,60.07,54.4,62.63,55.27,52.27,57.13,60.6,67.4,45.93,58.33,60.27,67.07,57.93,63.43,68.47,53.87,62.4,53.9,47.53,57.77,59.53,47.97
1956,42.03,66.37,67.13,61.97,56.33,49.57,56.5,62.7,69.67,66.53,-999.0,60.43,45.8,62.37,61.0,65.03,62.43,69.47,55.4,61.9,49.17,53.93,54.73,64.37,67.6,48.27,64.3,53.73,59.13,50.53,59.97,56.1,51.03,53.97,59.53,69.1,46.97,56.23,57.67,67.4,56.57,63.43,69.83,53.0,61.3,50.37,48.6,54.83,58.3,46.97
1957,43.8,67.6,67.57,63.57,57.43,50.27,56.2,62.57,71.13,67.13,-999.0,61.13,46.03,63.17,61.2,64.53,62.53,71.07,55.13,61.63,49.73,53.8,55.4,64.77,68.6,48.77,63.8,54.07,59.4,50.37,59.73,56.8,51.77,54.1,59.07,68.27,46.13,55.63,57.5,67.03,57.03,63.63,69.73,54.33,61.17,50.6,47.77,55.43,58.03,47.97
1958,43.73,67.57,67.53,63.77,58.93,49.93,56.33,63.13,71.4,67.73,-999.0,57.8,48.33,60.9,59.63,62.87,62.57,71.13,55.3,62.03,49.5,51.43,51.4,63.3,68.6,48.07,65.23,50.53,57.37,50.3,60.37,57.13,53.4,53.23,58.3,67.7,50.37,55.67,57.4,68.53,53.83,63.97,70.1,54.23,62.03,50.07,52.43,51.9,58.57,46.93
1959,41.47,67.53,66.83,64.63,58.87,50.53,58.93,64.67,70.93,67.47,-999.0,61.23,46.37,63.43,62.1,64.03,63.3,70.7,57.7,64.07,52.83,56.3,56.5,64.0,68.33,48.0,64.97,53.83,59.43,54.17,62.17,56.8,54.03,57.13,60.47,67.1,47.17,58.37,59.5,67.93,57.37,63.9,68.87,55.07,62.63,54.23,48.2,56.77,59.07,47.8
1960,41.6,67.5,66.83,63.87,59.0,49.3,56.73,63.27,70.63,67.37,-999.0,59.03,46.77,61.47,59.87,62.87,62.6,70.7,55.7,62.17,50.9,52.5,54.27,63.33,68.4,48.37,64.97,53.23,57.7,51.03,60.33,55.87,53.87,53.4,58.43,67.1,47.03,55.73,57.77,67.9,56.0,63.9,69.37,53.9,61.9,50.17,48.63,53.6,58.37,47.4
1961,41.77,65.47,64.8,64.03,59.93,50.53,57.7,63.37,69.9,65.8,-999.0,58.87,49.83,60.87,59.7,62.6,61.33,68.63,56.73,62.47,51.33,53.47,54.77,62.1,66.07,51.03,64.03,54.33,58.23,52.17,61.13,55.67,55.93,55.33,58.6,65.2,50.03,56.83,58.8,66.53,56.57,61.97,67.13,56.47,61.33,52.07,51.13,54.5,58.0,49.2
1962,43.37,67.3,66.8,61.67,56.53,48.3,55.4,61.63,71.03,67.07,-999.0,58.87,45.1,61.17,59.77,63.1,61.93,71.1,54.7,60.8,50.27,52.3,53.97,63.27,68.5,47.2,63.73,53.07,57.6,50.83,59.03,54.57,51.5,53.27,58.27,66.87,45.57,55.03,56.5,67.3,55.4,62.97,68.97,52.23,60.3,50.03,47.4,53.17,57.23,45.77
1963,41.57,66.8,67.3,62.13,55.97,51.37,56.03,61.33,70.77,66.67,-999.0,60.7,46.03,60.93,58.53,65.93,61.13,70.73,55.57,60.57,51.93,53.03,56.13,64.53,68.4,48.73,63.0,55.63,60.9,51.67,59.03,56.4,50.73,53.43,56.93,68.83,46.3,54.53,57.5,66.67,58.33,62.83,69.97,54.13,59.73,51.27,48.83,54.17,56.17,48.17
1964,42.17,67.23,67.2,62.37,57.2,49.7,55.23,61.77,70.77,67.17,-999.0,59.5,46.17,61.87,60.37,63.67,62.27,71.17,54.3,61.37,50.07,53.2,54.3,63.6,68.67,48.13,64.27,52.9,58.0,50.03,59.37,55.97,52.0,53.27,58.6,68.07,46.73,55.37,56.47,67.47,55.93,63.43,69.87,53.6,60.93,49.97,47.8,54.33,57.3,46.83
1965,40.93,66.77,66.53,60.4,56.53,49.27,55.43,61.8,69.73,66.43,-999.0,59.0,46.4,60.8,59.13,63.23,61.67,69.8,54.4,61.0,50.07,51.2,53.3,63.23,67.77,48.17,63.8,53.0,58.13,49.83,58.97,54.93,51.37,52.1,57.17,67.13,47.5,54.13,56.83,66.9,56.1,63.2,68.8,52.57,60.63,49.03,49.3,52.73,56.63,46.77
1966,41.77,65.93,66.03,63.1,57.53,50.53,56.93,62.63,70.23,65.87,-999.0,59.3,45.9,61.23,59.87,64.3,61.4,69.73,55.83,61.97,51.2,54.3,55.47,63.13,67.13,47.9,63.03,53.67,59.0,51.27,60.47,56.7,52.63,53.97,58.67,67.47,46.37,55.67,58.27,65.97,56.67,62.73,69.1,54.23,60.5,50.77,47.77,54.8,56.83,47.3
1967,43.33,65.27,64.93,62.47,59.03,49.33,58.7,62.37,69.7,65.27,-999.0,57.2,48.03,59.53,58.73,61.1,60.37,69.37,57.8,61.63,53.63,52.87,52.47,60.77,66.57,48.17,62.73,50.83,56.07,54.2,60.93,56.0,54.1,55.9,58.23,65.47,49.17,56.8,59.4,65.53,53.83,61.7,68.4,54.17,60.17,53.5,50.2,52.67,57.27,46.73
1968,42.97,66.4,67.2,61.0,57.7,49.13,57.37,63.43,70.57,66.93,-999.0,60.1,46.43,62.63,61.73,63.77,62.63,69.83,56.1,62.83,50.2,53.63,54.1,64.27,67.63,47.17,64.73,51.47,58.1,51.9,61.0,54.93,52.97,54.5,59.9,67.1,48.2,56.87,58.2,67.57,55.23,63.53,68.23,52.93,61.93,51.4,48.97,54.63,58.63,45.97
1969,40.97,66.8,66.63,63.47,58.3,50.6,58.2,64.03,71.2,67.47,-999.0,58.93,46.37,61.67,60.4,63.37,62.77,70.73,57.2,63.33,52.1,53.33,53.1,63.6,67.9,47.17,65.03,52.0,57.8,52.87,61.63,57.07,53.87,55.1,59.47,67.87,47.47,57.17,59.5,68.17,55.23,63.67,69.9,54.53,62.37,52.33,48.9,53.13,59.33,46.73
1970,41.07,66.8,66.53,63.7,58.73,50.37,58.0,63.27,70.57,67.03,-999.0,60.1,47.8,62.1,60.57,63.73,62.13,70.2,57.2,62.63,52.97,54.73,55.9,63.53,67.9,49.67,64.43,54.73,58.9,52.9,61.1,55.97,54.5,54.7,59.77,67.33,48.23,56.83,59.5,67.77,57.07,63.17,68.27,54.97,61.67,52.27,49.6,55.43,58.57,47.93
1971,41.9,67.0,66.63,62.8,58.4,49.77,56.67,62.57,70.0,67.13,-999.0,59.33,47.13,61.47,60.2,63.0,62.4,70.0,55.7,61.97,51.03,52.87,53.7,63.03,67.93,48.33,64.77,52.97,58.13,51.07,60.27,55.4,54.4,53.53,58.7,66.9,48.3,55.8,58.9,67.63,55.7,63.63,68.37,54.77,61.6,50.5,48.87,53.77,58.5,47.17
1972,42.93,65.33,65.67,62.93,58.63,49.9,57.6,62.27,70.03,65.03,-999.0,59.23,47.3,60.67,59.4,62.57,61.0,69.67,56.6,61.57,51.67,52.43,53.7,62.47,66.77,48.47,62.43,52.47,57.47,52.67,60.5,55.63,54.1,54.7,58.17,66.4,48.1,56.37,58.6,65.03,55.2,61.93,67.9,54.4,60.2,52.2,49.13,53.63,57.3,46.83
1973,41.07,67.23,66.63,61.87,58.0,49.03,60.17,65.37,70.7,67.6,-999.0,61.33,46.7,63.5,62.53,63.33,63.57,70.37,59.63,64.57,55.5,56.43,55.87,64.1,68.17,48.4,65.23,53.47,58.73,55.67,63.5,53.9,53.5,57.43,61.4,66.27,47.07,58.97,61.53,67.87,56.67,64.43,67.5,53.43,63.17,54.63,48.13,57.03,59.93,47.23
1974,41.6,65.4,65.3,62.67,58.0,49.0,57.1,62.07,69.7,65.6,-999.0,58.83,46.77,61.1,60.07,62.33,61.1,69.07,55.93,61.6,51.53,53.43,54.4,62.1,66.47,48.3,63.53,52.4,57.2,51.93,60.4,55.3,52.83,54.57,58.5,65.73,47.9,55.97,58.4,66.13,55.33,62.17,67.67,53.73,60.7,51.93,48.83,53.67,57.4,46.47
1975,41.13,67.13,67.07,61.1,56.63,48.57,58.73,63.83,70.53,67.17,-999.0,61.0,46.93,63.03,62.13,63.4,63.57,70.63,58.03,63.33,53.4,55.4,55.9,64.27,68.53,48.37,64.5,54.13,58.5,53.8,61.87,54.0,52.1,56.1,60.87,66.63,47.5,58.0,60.27,67.23,57.1,64.07,67.77,52.03,62.13,53.4,49.07,55.97,59.87,46.17
1976,41.87,65.17,64.17,61.23,56.5,48.87,57.93,62.67,69.9,65.5,-999.0,58.97,45.8,60.3,59.37,62.43,60.37,68.17,57.07,61.6,52.83,53.37,55.1,61.73,65.77,48.6,62.83,54.23,58.17,53.23,60.7,54.5,51.37,54.87,57.93,64.93,46.63,56.27,58.87,65.7,57.3,61.43,66.9,52.6,59.9,52.47,47.57,53.97,56.53,46.6
1977,43.5,68.07,68.67,64.03,59.17,51.97,57.23,63.0,71.0,67.63,-999.0,60.13,48.6,62.43,61.47,65.1,63.73,71.5,56.2,62.33,51.73,52.93,53.93,65.5,69.4,48.37,64.8,52.13,59.77,51.87,60.53,57.3,55.3,54.23,59.63,69.17,49.5,56.47,58.8,68.03,56.3,65.03,69.97,55.8,61.8,51.4,50.3,54.03,58.4,48.43
1978,42.47,68.13,67.57,62.23,57.7,49.57,57.2,63.7,71.33,67.97,-999.0,59.83,45.6,62.23,61.23,63.93,63.5,70.9,56.27,63.03,51.57,53.13,54.53,64.3,69.03,47.23,64.6,52.6,58.03,52.2,61.17,56.17,51.57,54.43,60.07,68.6,48.1,56.87,58.57,67.9,55.5,64.57,69.7,52.57,62.07,51.83,49.8,54.5,59.27,45.73
1979,43.37,66.8,66.6,60.73,56.97,49.1,57.97,62.1,70.67,66.5,-999.0,59.77,46.77,61.9,60.77,62.73,62.6,70.67,56.93,61.43,52.63,53.03,53.77,63.33,68.27,48.37,62.93,53.13,58.13,53.1,60.3,54.2,52.53,54.37,59.2,66.63,47.87,56.2,59.1,66.1,56.03,63.7,68.03,52.83,60.57,52.47,49.57,54.07,57.9,47.23
1980,41.83,68.33,69.37,62.33,56.77,50.5,57.67,63.47,71.3,68.17,-999.0,61.57,45.47,63.93,62.47,66.93,64.1,71.73,56.73,62.53,52.0,54.5,54.67,66.73,69.77,47.4,64.43,52.73,60.2,52.47,61.17,57.13,51.97,54.93,60.5,71.0,46.2,56.83,59.07,67.8,56.87,65.37,71.23,53.03,61.83,51.9,47.7,55.53,58.73,47.13
1981,41.7,68.7,68.5,65.13,59.4,51.4,58.07,63.27,71.7,68.73,-999.0,60.37,46.47,63.27,62.27,64.57,64.1,72.13,56.8,62.57,52.1,54.73,55.4,65.1,70.0,47.93,65.73,53.6,59.03,52.63,61.33,57.0,54.43,55.27,60.13,68.63,47.2,56.87,58.97,68.97,56.63,65.43,69.37,55.47,62.33,52.13,48.73,55.63,58.6,47.8
1982,42.27,67.33,67.2,61.77,57.33,50.1,55.8,61.83,71.5,67.63,-999.0,58.8,47.6,60.6,59.33,63.03,61.6,71.03,54.7,61.37,49.97,51.8,53.03,63.17,68.73,48.17,64.73,52.0,58.07,50.43,59.1,56.07,53.27,52.9,57.63,67.4,48.57,54.8,57.0,68.0,55.47,63.43,69.43,53.8,61.37,49.93,49.8,52.7,57.5,47.73
1983,42.4,67.57,67.47,61.67,57.17,50.8,57.97,63.33,71.23,67.4,-999.0,63.33,47.63,64.77,63.3,65.07,64.03,70.87,57.1,62.8,52.4,56.6,58.03,65.4,68.83,49.73,64.17,55.93,60.8,52.77,61.37,55.23,52.43,55.33,61.2,67.27,47.8,57.1,59.57,67.13,58.83,64.43,68.5,54.2,61.57,52.17,49.3,57.77,58.7,48.97
1984,42.03,66.23,66.3,63.0,59.27,50.83,58.8,63.83,69.77,66.67,-999.0,60.33,47.63,62.53,61.33,63.8,62.67,69.57,58.1,63.03,53.77,55.13,56.13,63.5,67.27,49.47,64.7,54.57,59.3,54.03,62.03,56.3,54.23,55.87,59.7,67.53,47.33,56.8,60.57,67.1,57.33,63.43,68.97,54.27,62.03,53.17,48.2,56.17,58.6,48.3
1985,41.47,67.43,66.57,63.37,59.0,50.17,56.53,62.93,71.37,67.4,-999.0,57.27,47.23,60.57,60.0,61.97,62.57,70.6,55.43,62.1,51.0,52.1,51.9,62.43,68.37,47.8,64.23,50.23,56.57,51.13,60.13,55.5,54.23,53.1,58.23,66.87,48.2,55.33,57.93,67.17,54.1,64.0,68.47,54.7,61.1,50.63,49.07,52.57,57.73,46.83
1986,41.93,68.37,67.93,63.7,58.67,50.7,56.67,63.5,71.37,68.93,-999.0,60.6,47.87,62.33,61.4,64.9,63.5,71.23,55.2,62.93,49.93,53.13,54.67,64.77,69.33,49.0,66.03,53.07,59.37,51.23,60.57,56.37,54.7,54.07,59.5,68.5,48.83,56.33,57.37,69.33,56.47,65.17,69.3,55.37,62.6,50.83,50.23,54.47,58.7,48.0
1987,42.87,68.2,68.3,61.77,57.23,49.83,58.03,64.93,72.03,68.57,-999.0,62.07,46.43,64.3,63.17,63.97,64.17,71.6,56.43,64.57,51.37,56.8,56.07,65.67,69.37,48.13,66.4,53.97,58.87,52.27,62.13,54.63,53.47,55.87,61.6,67.63,47.67,58.53,58.47,69.1,57.17,65.37,68.8,53.73,63.6,51.97,49.47,57.27,59.87,46.97
1988,43.33,67.1,66.83,63.97,58.87,51.77,59.07,64.87,70.8,66.9,-999.0,61.9,48.07,63.3,61.7,64.73,62.5,70.37,58.03,64.0,53.27,55.77,57.43,64.43,68.07,50.7,64.33,56.67,60.3,53.57,62.1,56.57,55.07,55.37,59.93,67.57,47.73,57.3,60.2,66.67,59.57,63.7,68.57,56.0,61.9,52.77,48.6,57.13,58.1,49.97
1989,44.2,67.87,66.6,63.0,57.57,49.9,58.57,65.63,71.23,68.17,-999.0,59.9,47.47,62.2,61.73,62.23,63.37,70.47,57.57,64.7,51.67,54.37,55.33,63.13,68.43,49.27,66.03,54.2,57.97,53.0,62.6,55.9,53.33,55.57,60.57,65.97,47.37,58.33,59.8,68.37,56.93,64.53,68.27,54.23,63.73,52.7,49.53,54.9,60.37,47.57
1990,44.03,67.27,67.5,63.37,58.87,50.4,59.37,64.37,71.23,67.93,-999.0,61.4,47.93,62.47,60.63,64.43,62.37,70.93,58.2,63.27,53.4,54.47,55.27,64.47,68.33,49.07,65.17,53.77,58.83,53.8,62.17,56.6,54.17,55.93,59.37,68.17,49.33,57.4,60.5,68.1,56.9,63.6,69.57,55.07,62.33,53.3,51.23,55.47,58.73,47.8
1991,42.27,68.5,67.9,61.73,57.33,50.57,58.7,65.03,71.63,68.7,-999.0,61.9,47.5,63.9,62.77,64.83,64.27,71.4,57.4,64.33,52.57,56.13,57.23,64.73,69.33,49.97,66.53,55.8,60.07,52.87,62.3,55.43,53.53,55.9,61.27,67.7,47.77,58.0,59.4,69.1,58.9,65.3,68.83,54.6,63.53,52.6,49.57,57.03,60.1,48.7
1992,43.37,66.7,65.73,61.9,58.87,48.63,55.93,62.0,71.53,67.5,-999.0,56.3,47.6,59.27,58.43,60.4,61.6,69.93,54.83,61.43,50.87,50.4,50.83,61.03,67.47,47.1,64.6,49.37,55.03,50.87,59.13,54.3,53.9,52.9,57.57,64.93,49.33,55.2,57.23,67.7,52.6,63.13,67.67,53.67,61.13,50.4,51.4,51.07,57.7,46.1
1993,44.33,68.63,69.6,61.63,56.8,48.9,58.5,64.83,71.27,68.67,-999.0,60.83,43.43,64.23,63.07,63.87,64.3,72.33,56.83,63.9,51.87,55.47,54.57,65.8,70.23,45.83,65.9,51.13,57.5,52.93,61.93,56.1,50.4,55.5,60.93,69.23,45.23,57.7,59.33,68.9,54.3,65.57,70.27,51.2,62.9,52.57,48.6,55.63,59.6,43.87
1994,43.63,67.83,67.13,65.4,59.1,51.6,60.43,64.9,71.13,67.9,-999.0,59.17,47.9,61.57,60.7,63.5,63.27,71.0,59.07,64.07,53.73,54.13,54.4,63.4,68.6,48.67,66.07,52.53,58.13,54.6,62.53,58.03,55.5,56.3,59.9,67.4,48.07,58.07,61.2,68.37,55.5,64.83,69.87,56.93,63.37,53.93,49.77,54.77,59.77,48.1
1995,43.1,68.27,67.93,62.5,57.3,49.57,58.8,65.07,71.97,68.47,-999.0,62.87,45.6,65.2,64.27,63.77,64.87,71.33,57.47,64.77,52.93,58.1,57.63,65.43,69.0,47.93,66.13,55.37,59.07,53.73,62.47,55.63,51.4,56.7,62.97,66.97,46.7,59.37,59.93,68.9,57.87,65.2,68.8,52.57,63.87,53.27,48.87,59.17,61.03,46.7
1996,41.93,67.57,67.4,65.3,59.93,51.07,58.87,63.57,71.1,67.67,-999.0,59.53,47.0,61.87,60.93,63.63,62.7,70.83,57.77,62.83,52.6,54.33,55.0,63.67,68.47,48.73,64.83,53.83,58.47,53.8,61.23,57.9,55.07,56.0,59.63,67.53,48.33,57.33,59.77,67.8,56.07,64.13,70.17,55.83,62.1,53.5,49.2,54.77,58.57,47.63
1997,44.8,67.33,66.93,62.5,58.23,50.63,57.03,62.07,71.1,66.83,-999.0,60.27,47.43,61.8,60.77,63.27,62.67,71.03,56.1,61.43,51.1,53.63,55.53,63.63,68.67,49.6,63.13,54.93,59.03,51.87,59.4,56.03,53.47,54.23,59.0,66.53,47.9,55.7,58.23,66.67,57.67,63.87,69.0,54.3,60.67,51.13,50.03,54.77,57.7,48.5
1998,43.2,69.8,70.53,62.83,58.47,50.37,59.03,63.87,73.13,69.43,-999.0,61.5,48.4,64.17,62.63,64.57,64.47,73.83,58.13,63.23,52.63,55.4,55.87,66.1,71.37,50.03,66.07,54.7,59.13,53.9,61.9,56.43,53.23,56.13,60.6,69.73,49.47,57.53,60.17,69.27,57.13,66.37,71.67,54.0,62.83,53.73,52.1,56.13,59.43,47.8
1999,43.5,69.03,68.53,63.0,56.67,50.87,59.53,65.07,72.1,68.87,-999.0,61.53,46.4,63.43,62.53,64.47,64.1,72.2,58.37,64.03,53.8,56.5,56.57,64.9,69.83,48.1,65.93,54.13,59.43,54.17,62.93,56.4,52.53,56.33,60.93,68.4,46.83,57.83,60.77,68.87,57.27,65.47,70.17,54.23,63.0,53.73,49.07,57.0,59.17,47.67
2000,42.03,67.6,68.3,65.0,58.63,51.77,57.0,63.63,71.1,67.47,-999.0,60.6,47.63,62.57,61.0,64.93,63.2,71.47,56.27,62.77,50.97,54.17,54.8,65.2,68.73,49.13,64.93,53.67,59.3,51.9,61.23,57.73,54.5,54.5,59.27,68.07,47.8,56.73,58.53,67.9,56.9,64.6,70.2,56.33,62.43,51.63,48.73,55.37,59.03,48.53
2001,43.07,67.93,68.7,63.93,58.9,51.77,58.57,64.33,71.47,68.13,-999.0,61.3,48.27,62.77,61.5,65.3,63.53,71.47,57.67,63.27,53.17,55.73,56.67,65.3,68.97,50.1,65.17,55.17,60.13,53.23,61.87,57.47,54.6,55.57,60.23,69.3,47.73,57.1,60.1,68.13,58.4,64.77,70.7,55.6,62.07,52.77,49.17,56.6,58.83,49.7
2002,42.13,68.1,68.67,64.67,59.0,52.2,58.6,65.27,71.53,68.17,-999.0,62.37,47.8,64.93,63.83,65.97,65.47,71.27,57.57,64.77,51.87,57.13,57.63,66.0,69.1,49.2,65.67,55.2,61.23,53.23,62.83,57.83,54.7,56.27,62.33,68.33,48.2,58.83,59.53,68.43,58.77,65.9,70.13,56.0,63.47,52.77,49.7,57.8,60.73,48.33
2003,43.23,68.27,67.7,65.0,60.23,51.6,59.67,65.03,72.2,68.47,-999.0,60.1,49.63,61.63,60.63,64.3,62.73,71.9,59.13,64.5,53.73,54.2,55.77,64.0,69.13,51.03,66.07,55.1,59.2,54.93,62.77,57.5,56.3,56.37,59.73,67.57,49.87,57.9,60.8,68.7,57.47,64.37,69.33,56.87,63.33,54.3,50.53,55.23,59.3,49.5
2004,46.43,67.43,66.5,62.57,58.93,48.67,58.13,64.47,71.93,68.43,-999.0,57.47,47.93,60.07,59.77,61.17,62.07,70.6,57.3,63.83,51.73,52.77,51.53,61.7,67.9,47.67,65.73,50.03,55.63,52.83,62.0,55.1,54.53,55.0,59.13,65.43,49.87,57.17,59.2,68.87,53.23,63.77,68.37,54.2,62.73,52.37,52.1,52.6,58.8,46.0
2005,44.2,69.7,68.63,63.07,58.8,50.0,61.0,66.7,73.63,70.07,-999.0,61.8,46.63,64.43,63.67,64.4,65.57,71.8,60.03,66.0,53.5,57.87,57.07,65.63,69.87,48.53,67.33,54.77,59.97,55.87,64.83,56.17,53.63,59.1,62.97,67.37,47.83,60.27,61.47,70.17,58.03,66.73,69.37,53.7,64.97,56.2,49.6,57.67,61.97,47.23
2006,42.47,68.5,68.2,65.63,60.5,52.37,60.4,66.1,71.83,68.3,-999.0,61.73,48.97,63.83,62.53,65.43,64.13,71.53,59.67,65.17,54.3,56.03,56.67,65.57,69.2,50.57,65.93,55.17,60.53,55.27,63.7,58.67,55.5,57.27,61.03,69.07,49.37,58.73,61.67,68.4,58.8,65.43,70.23,56.23,63.43,54.77,50.43,56.67,59.47,49.77
2007,44.47,68.97,68.8,65.3,59.43,52.07,58.23,64.83,72.23,68.67,-999.0,61.93,49.6,63.57,61.83,65.63,64.03,72.03,57.43,63.97,51.53,55.67,56.53,65.87,69.53,51.4,65.53,55.33,61.3,52.8,62.13,57.07,55.97,55.17,60.27,68.4,48.93,57.17,59.67,68.73,59.27,65.67,69.1,57.13,62.83,52.43,50.27,56.47,59.27,50.43
2008,41.47,67.87,68.2,64.47,59.6,50.3,59.27,64.37,71.87,68.27,-999.0,59.9,46.87,62.5,61.2,63.73,62.63,71.9,58.67,63.4,54.07,54.97,54.33,64.37,68.7,47.93,65.1,53.0,58.33,54.57,62.1,56.97,54.37,56.37,59.93,68.3,47.23,57.23,60.87,68.43,56.27,64.1,70.07,55.0,61.8,54.1,48.83,54.93,57.93,47.07
2009,42.9,67.8,67.23,63.7,58.63,49.23,58.57,64.77,72.57,68.3,-999.0,58.07,47.6,61.27,60.27,62.6,62.73,71.7,57.87,63.73,52.93,53.0,52.43,62.9,68.47,47.4,65.7,50.93,56.53,53.57,62.0,56.73,53.63,55.1,59.0,67.5,49.17,56.77,60.03,68.67,53.8,64.17,70.5,53.5,62.6,53.33,51.2,52.97,58.7,45.83
2010,43.57,71.53,71.8,64.47,58.17,51.57,60.9,67.73,74.17,71.27,-999.0,63.2,46.2,66.0,64.63,66.47,66.8,74.7,59.67,66.57,54.13,58.4,57.47,67.8,72.57,48.13,68.47,54.87,60.53,54.97,64.87,57.9,53.57,57.73,63.03,70.9,46.77,59.77,61.63,71.53,58.17,68.5,71.53,54.57,65.53,54.6,48.97,58.9,61.87,47.37
2011,42.83,69.77,71.5,64.43,57.7,52.0,60.27,66.1,72.7,69.73,-999.0,63.0,46.37,65.23,63.63,67.2,65.4,74.13,58.73,65.53,53.5,56.93,57.2,67.8,71.3,48.8,67.03,55.8,61.03,54.4,64.1,59.27,52.77,57.2,62.17,73.07,46.77,59.1,60.67,70.1,58.53,66.87,73.43,54.4,64.17,54.33,48.17,57.5,60.6,47.93
2012,42.87,68.17,68.5,65.23,58.9,52.97,60.17,66.63,72.03,68.0,-999.0,61.5,48.33,63.1,61.6,64.8,63.4,72.03,58.9,65.27,54.13,56.87,57.07,64.87,69.17,50.33,65.63,55.4,60.37,54.4,63.63,58.67,54.9,56.73,60.77,68.73,48.0,58.57,60.93,68.07,58.73,64.73,70.73,56.5,63.23,53.83,49.73,57.23,59.2,50.13
2013,44.6,68.67,67.2,65.37,60.27,52.0,60.97,66.33,72.83,69.1,-999.0,60.33,49.67,62.13,61.17,63.93,63.5,71.53,59.83,65.07,53.57,55.1,55.67,63.73,69.0,50.2,66.33,54.7,59.33,55.1,63.97,58.43,56.07,56.8,60.6,67.8,49.93,58.77,62.1,69.13,57.3,64.9,70.13,56.83,63.87,54.5,51.4,55.67,60.13,49.57
2014,42.97,67.67,67.17,64.07,60.47,50.7,58.53,63.53,72.03,68.0,-999.0,60.23,48.73,62.37,61.03,63.43,63.13,71.33,57.17,62.73,53.37,54.33,55.87,64.03,68.5,49.33,65.2,54.2,57.93,53.37,61.17,57.73,55.5,55.2,59.77,67.4,50.07,56.83,59.1,68.27,55.77,64.33,70.23,55.1,62.03,52.8,52.1,55.8,58.77,47.3
2015,43.7,69.2,69.17,65.0,61.0,51.83,59.23,65.67,72.8,69.47,-999.0,60.0,50.1,62.87,61.43,64.47,64.27,72.6,57.83,64.53,52.73,54.63,55.6,65.4,70.07,50.43,67.0,54.8,58.93,53.73,63.0,58.27,56.27,55.57,60.3,68.73,51.43,57.97,60.2,69.77,57.2,65.9,70.33,56.03,63.97,53.3,53.33,55.2,60.3,48.83
2016,45.53,70.1,70.73,65.47,60.47,51.63,60.8,66.93,73.5,70.13,-999.0,62.17,47.7,65.4,64.17,65.87,66.53,73.57,58.67,66.13,53.43,57.13,56.9,67.1,71.43,49.07,67.97,54.97,60.17,54.03,64.13,58.1,55.23,56.97,63.1,69.57,48.6,59.7,61.23,71.13,57.73,67.8,71.07,56.43,65.07,53.73,50.47,57.67,61.87,48.43
2017,44.67,68.9,68.17,65.27,61.9,51.4,58.7,65.83,73.43,69.27,-999.0,59.67,49.77,61.97,60.7,63.5,63.03,72.5,57.23,64.4,51.9,55.3,54.53,63.73,69.93,50.23,66.23,53.73,58.63,52.77,62.43,57.73,56.97,55.43,60.0,67.97,50.97,57.63,59.53,69.43,56.4,64.9,70.17,57.17,62.97,52.1,51.3,55.03,58.57,48.67
2018,44.07,69.63,69.67,65.53,61.07,52.07,61.53,66.77,73.0,69.6,-999.0,62.23,48.37,64.63,63.73,65.23,65.73,72.87,60.13,65.63,53.83,57.17,57.17,66.37,70.7,49.13,67.2,54.97,59.9,55.27,64.33,58.87,56.5,57.7,62.87,69.4,49.13,59.8,62.27,69.97,57.87,66.77,71.67,57.57,64.5,54.33,50.7,57.37,61.07,48.47
2019,45.87,69.1,68.47,64.27,60.0,50.83,60.13,66.77,73.63,69.27,-999.0,61.03,47.93,63.5,62.27,63.93,64.33,72.67,58.8,65.33,52.43,55.0,55.6,65.13,70.17,48.8,66.5,54.1,59.47,53.5,64.13,57.7,54.17,55.87,61.8,68.07,48.87,58.53,61.2,69.17,57.2,65.73,70.53,54.9,63.67,52.47,50.93,55.67,60.0,47.63
2020,43.8,69.37,68.5,65.53,60.43,52.37,61.4,67.47,73.37,69.37,-999.0,62.23,48.0,63.83,62.43,65.17,64.87,72.47,60.5,66.53,54.37,57.1,57.57,65.53,70.37,49.27,67.43,55.53,60.83,55.4,65.13,59.07,55.23,57.7,61.97,68.3,48.83,59.4,63.0,69.9,58.73,66.13,71.07,56.13,65.07,54.57,50.23,57.47,61.07,48.67
2021,43.93,69.4,69.0,66.37,62.63,52.57,61.47,66.7,73.3,69.07,-999.0,62.07,51.37,64.63,63.6,65.03,65.03,72.8,61.03,65.9,54.9,57.97,57.63,65.97,70.73,52.0,66.47,56.47,60.57,56.53,64.53,58.67,58.5,58.4,62.93,68.43,52.13,60.1,62.93,69.37,59.1,66.23,70.33,58.07,64.17,56.23,53.4,57.7,60.7,50.43
