Year,AL,AZ,AR,CA,CO,CT,DE,FL,GA,ID,IL,IN,IA,KS,KY,LA,ME,MD,MA,MI,MN,MS,MO,MT,NE,NV,NH,NJ,NM,NY,NC,ND,OH,OK,OR,PA,RI,SC,SD,TN,TX,UT,VT,VA,WA,WV,WI,WY,AK,HI,PR,VI
1900,0.0,0.212,0.195,0.163,12.335,3.0,-999.0,0.0,0.0,4.672,8.358,5.492,21.32,3.071,2.556,0.0,28.913,-999.0,3.469,15.849,42.957,0.0,3.835,18.016,14.445,0.548,19.869,2.345,-999.0,13.763,0.597,61.074,7.33,-999.0,1.07,5.628,1.0,0.0,27.718,0.268,0.0,1.681,33.684,2.435,1.642,2.887,27.978,12.702,-999.0,-999.0,-999.0,
1901,0.001,0.846,0.464,0.245,14.674,3.0,-999.0,0.0,0.0,2.526,13.227,10.056,19.86,7.916,4.487,0.001,25.025,-999.0,6.119,17.331,43.033,0.0,6.98,21.919,17.412,6.455,16.32,1.199,-999.0,16.154,0.459,53.792,8.78,-999.0,1.243,9.075,2.0,0.0,26.869,1.51,0.569,4.885,32.257,1.095,0.997,2.728,30.908,12.421,-999.0,-999.0,-999.0,
1902,0.001,0.846,0.177,0.265,15.652,4.0,-999.0,0.0,0.0,8.787,12.053,5.603,24.155,7.692,0.028,0.0,25.273,-999.0,5.323,10.721,41.268,0.0,6.985,20.217,18.342,4.221,17.743,0.839,1.192,13.024,0.066,46.867,5.569,-999.0,2.051,4.336,3.0,0.0,29.36,0.0,0.016,5.26,30.8,0.331,2.678,1.594,25.112,11.411,-999.0,-999.0,-999.0,
1903,0.001,2.245,0.772,0.398,17.191,8.0,-999.0,0.0,0.0,8.258,11.817,9.388,19.631,4.631,2.524,0.0,30.016,-999.0,8.57,13.024,49.763,0.0,4.863,19.455,12.669,11.065,18.282,4.143,1.192,14.005,0.145,57.702,8.101,0.794,1.247,5.549,6.0,0.0,31.586,0.536,0.087,11.827,24.547,2.565,1.301,3.186,28.56,23.23,-999.0,-999.0,-999.0,
1904,0.001,0.905,0.197,0.183,10.909,11.0,-999.0,0.0,0.0,3.941,14.541,11.333,29.949,4.023,0.148,0.0,46.929,22.0,19.748,30.339,49.853,0.0,5.56,27.282,17.051,2.291,38.72,8.092,1.192,29.003,0.126,63.361,13.456,0.794,0.855,16.083,10.0,0.0,35.032,0.014,0.016,5.778,48.994,4.63,0.783,4.381,37.327,14.258,-999.0,-999.0,-999.0,
1905,0.83,1.094,1.231,0.203,19.57,9.0,-999.0,0.0,0.125,7.064,17.48,10.56,30.737,15.634,4.095,0.284,41.482,12.0,9.186,19.939,44.879,0.488,14.006,25.514,24.191,9.587,26.647,6.259,3.441,20.227,0.235,54.138,12.592,8.21,1.508,11.531,2.0,0.0,32.893,1.943,0.263,6.332,34.893,4.401,2.09,8.074,34.659,29.371,87.0,-999.0,-999.0,
1906,0.001,0.909,0.16,0.179,9.428,5.0,-999.0,0.0,0.001,5.467,3.889,4.296,13.673,1.758,1.161,0.001,34.215,8.0,6.697,12.828,40.011,0.0,3.323,22.512,11.655,6.508,18.552,2.105,0.884,15.803,0.048,64.559,6.887,0.0,1.529,6.603,3.0,0.0,25.314,0.102,0.02,3.684,27.819,0.413,1.283,3.747,22.086,22.139,122.0,-999.0,-999.0,
1907,0.001,1.092,0.093,0.178,6.66,12.0,-999.0,0.0,0.001,6.199,3.65,1.221,13.663,2.544,1.584,0.0,34.308,10.0,16.302,14.435,37.362,0.0,1.884,28.351,12.002,3.525,21.688,5.301,0.193,19.747,0.052,55.691,5.808,-999.0,2.089,7.431,9.0,0.0,28.955,0.058,0.03,2.078,30.733,1.802,3.815,4.753,19.815,11.874,106.0,-999.0,-999.0,
1908,0.001,1.492,0.111,0.245,11.291,6.0,-999.0,0.0,0.001,4.229,2.392,0.983,9.17,1.22,0.017,0.0,31.841,8.0,9.624,13.284,28.31,0.0,0.882,16.436,5.47,5.822,20.463,2.019,0.739,16.033,0.064,43.083,1.601,0.0,1.148,4.556,5.0,0.0,16.679,0.011,0.033,5.173,33.646,1.651,1.262,2.767,13.345,17.708,120.0,-999.0,-999.0,
1909,0.061,0.521,0.166,0.187,19.408,4.0,-999.0,0.0,0.0,8.362,12.892,4.935,25.029,9.531,1.63,0.0,29.512,3.0,6.257,8.65,43.215,0.0,7.508,35.482,26.91,2.092,14.891,1.23,3.801,10.705,0.072,55.813,3.57,1.618,3.427,1.825,1.0,0.0,38.649,0.144,0.261,10.133,14.657,1.241,5.658,1.209,26.413,34.35,118.0,-999.0,-999.0,
1910,0.0,0.974,1.033,0.384,12.227,2.0,-999.0,0.0,0.0,8.062,7.52,4.139,19.57,3.494,1.918,0.0,31.878,7.0,9.081,11.699,38.182,0.0,3.209,21.668,12.646,12.521,23.148,3.343,1.709,17.497,0.061,51.409,6.264,0.008,1.646,7.455,5.0,0.0,30.572,1.116,0.101,5.048,28.006,2.078,1.626,3.252,26.457,11.641,128.0,-999.0,-999.0,
1911,0.0,1.47,0.275,0.457,18.772,0.0,-999.0,0.0,0.0,6.568,3.58,0.932,13.886,6.114,0.703,0.0,34.471,4.0,1.37,7.042,42.952,0.199,2.775,29.342,13.803,9.583,13.612,0.764,3.987,11.896,0.011,66.576,0.951,2.516,1.284,0.965,0.0,0.0,28.939,0.477,0.164,6.128,22.852,0.331,2.007,0.457,18.316,20.353,128.0,-999.0,-999.0,
1912,0.001,0.695,1.977,0.221,18.579,6.0,-999.0,0.0,0.0,7.047,19.937,15.192,34.801,11.707,6.211,0.001,35.861,17.0,13.994,34.201,56.084,0.249,12.008,26.084,24.92,5.036,27.723,4.926,2.833,23.054,0.302,63.306,17.579,3.976,1.417,15.588,9.0,0.0,37.648,1.657,0.499,8.72,27.819,5.467,2.602,12.627,44.838,24.86,106.0,-999.0,-999.0,
1913,0.001,3.29,0.101,0.367,21.975,2.0,-999.0,0.0,0.0,11.583,5.875,3.43,20.17,7.155,0.017,0.0,19.601,2.0,2.53,10.605,42.998,0.0,2.556,34.791,21.626,4.888,9.594,0.569,5.219,8.131,0.02,62.911,2.439,1.692,1.544,1.342,1.0,0.0,36.87,0.03,0.101,9.69,11.31,0.456,3.133,0.549,26.531,28.283,143.0,-999.0,-999.0,
1914,0.001,1.088,0.529,0.297,15.991,7.0,-999.0,0.0,0.0,9.752,11.112,8.531,24.389,7.041,2.359,0.0,40.897,17.0,15.725,17.937,50.135,0.0,5.107,24.815,18.819,8.395,30.07,6.564,0.487,25.165,0.039,65.162,10.203,0.008,1.65,14.842,10.0,0.0,36.079,0.978,0.142,5.187,35.438,4.102,1.997,10.291,32.17,21.907,101.0,-999.0,-999.0,
1915,0.001,0.841,0.101,0.196,12.968,1.0,-999.0,0.0,0.0,5.317,7.037,3.885,12.944,3.027,0.017,0.0,15.612,3.0,2.306,7.49,27.324,0.0,2.965,13.742,10.754,4.413,7.792,0.407,1.476,9.499,0.014,39.781,4.418,0.008,1.275,2.539,0.0,0.0,19.503,0.012,0.004,7.931,9.048,0.385,1.224,0.658,15.84,19.886,134.0,-999.0,-999.0,
1916,0.001,2.107,0.573,0.393,21.582,7.0,-999.0,0.0,0.0,15.112,11.735,6.58,35.141,11.694,2.74,0.0,32.789,9.0,7.947,15.246,62.889,0.0,6.437,49.398,33.825,9.74,21.833,2.759,2.136,17.85,0.031,79.406,7.064,1.692,3.58,7.065,-999.0,0.0,54.949,0.431,0.025,7.869,32.891,3.049,6.2,7.886,40.391,28.261,120.0,-999.0,-999.0,
1917,0.001,1.05,0.859,0.514,19.354,10.0,-999.0,0.0,0.0,9.942,19.844,16.752,37.407,10.743,9.375,0.0,49.923,22.0,14.261,25.164,62.996,0.0,12.541,39.796,23.669,20.942,28.305,6.123,1.476,26.048,1.455,74.734,19.444,1.656,1.999,15.968,-999.0,0.0,48.402,2.897,0.005,17.234,39.838,8.187,1.89,10.647,46.591,29.295,120.0,-999.0,-999.0,
1918,0.662,2.162,4.058,0.205,20.792,9.0,-999.0,0.0,0.0,6.287,19.465,16.312,27.292,13.735,7.235,0.286,43.414,10.0,16.123,22.02,39.639,0.783,13.356,25.51,25.179,5.934,25.202,9.811,7.026,27.048,0.651,45.429,15.161,3.34,1.093,13.876,10.0,0.081,32.498,3.338,0.636,4.651,32.009,4.782,1.028,9.504,30.601,24.551,139.0,-999.0,-999.0,
1919,0.164,2.633,0.252,0.402,24.165,4.0,-999.0,0.0,0.005,13.916,6.396,2.12,22.489,8.581,0.017,0.001,22.126,10.0,4.881,8.508,45.475,0.15,4.443,34.704,21.092,11.813,12.136,2.065,3.396,12.996,0.194,63.146,2.108,0.42,3.123,6.254,4.0,0.0,33.516,0.435,0.049,9.867,21.881,1.875,5.796,3.076,27.398,22.061,122.0,-999.0,-999.0,
1920,0.061,0.982,0.077,0.148,13.84,-999.0,-999.0,0.0,0.005,3.308,7.896,4.444,17.596,2.268,0.028,0.001,38.025,7.0,13.037,22.438,40.828,0.0,2.046,20.871,10.912,3.043,24.302,2.963,1.43,20.554,0.214,58.342,5.738,0.008,1.039,10.043,4.0,0.0,25.305,0.018,0.005,6.236,31.553,0.83,0.817,2.831,30.807,16.85,117.0,-999.0,-999.0,
1921,0.0,0.518,0.097,0.196,7.744,-999.0,-999.0,0.0,0.005,4.13,0.98,0.187,5.357,0.603,0.028,0.001,25.217,2.0,6.427,3.642,26.856,0.0,0.514,19.892,3.404,1.544,16.786,2.55,0.652,10.2,0.037,47.869,0.15,0.047,1.02,1.789,2.0,0.003,15.331,0.014,0.0,2.624,20.851,0.206,1.151,1.169,10.651,12.419,117.0,-999.0,-999.0,
1922,0.001,2.637,0.077,0.335,13.487,8.0,-999.0,0.0,0.0,16.572,4.92,1.405,17.403,3.464,0.076,0.0,35.254,4.0,10.049,10.91,44.715,0.0,1.466,41.623,17.018,16.434,22.192,3.851,1.709,15.959,0.036,66.862,3.995,0.008,3.197,5.933,3.0,0.0,40.943,0.014,0.108,9.288,26.886,0.989,6.909,1.504,28.727,27.976,112.0,-999.0,-999.0,
1923,0.001,2.108,0.077,0.277,12.248,11.0,-999.0,0.0,0.042,7.739,3.699,1.213,12.099,3.67,0.017,0.0,43.723,8.0,13.811,13.008,38.801,0.001,1.419,21.857,10.503,9.582,27.673,2.615,0.982,17.036,0.041,56.536,1.406,0.047,1.143,3.194,3.0,0.0,20.641,0.029,0.002,5.198,35.468,0.456,1.896,1.48,22.552,24.706,103.0,-999.0,-999.0,
1924,0.164,2.633,0.536,0.416,25.897,7.0,-999.0,0.0,0.083,17.5,16.643,9.589,31.166,13.816,2.334,0.0,34.216,12.0,8.054,18.821,46.875,0.0,12.106,29.566,29.066,18.292,23.097,1.727,3.298,15.504,0.186,53.603,9.553,3.862,3.691,8.26,2.0,0.0,39.006,0.827,0.154,11.966,26.915,1.03,7.932,4.167,37.259,35.747,106.0,-999.0,-999.0,
1925,0.017,1.379,0.289,0.172,18.031,6.0,-999.0,0.0,0.0,1.294,6.448,3.978,18.333,4.429,1.627,0.0,31.153,7.0,5.375,11.56,35.954,0.0,3.182,12.498,14.13,1.544,18.247,3.014,0.884,14.94,0.114,49.389,6.104,0.008,0.824,4.699,3.0,0.0,25.349,0.264,0.002,7.256,20.761,1.66,0.799,2.741,21.961,15.062,116.0,-999.0,-999.0,
1926,0.001,2.542,0.321,0.172,10.733,5.0,-999.0,0.0,0.0,4.615,4.67,2.502,12.598,2.183,0.196,0.0,39.022,7.0,5.834,13.314,38.324,0.0,2.193,11.176,6.238,3.515,20.342,2.356,1.104,14.595,0.027,40.844,4.131,0.008,1.045,7.147,1.0,0.0,17.785,0.084,0.09,5.764,37.469,1.358,1.18,2.451,26.075,14.053,77.0,-999.0,-999.0,
1927,0.001,1.267,0.098,0.189,15.468,2.0,-999.0,0.0,0.0,9.172,5.102,2.465,17.574,4.823,0.951,0.0,20.628,3.0,3.559,8.344,46.468,0.0,3.148,32.585,16.677,5.842,10.009,0.873,0.982,11.181,0.071,56.984,2.483,0.42,1.818,3.004,2.0,0.0,33.938,0.18,0.002,5.03,18.968,0.663,3.409,1.913,24.675,23.695,133.0,-999.0,-999.0,
1928,0.164,2.368,0.402,0.196,9.032,3.0,-999.0,0.0,0.083,6.709,4.957,3.875,8.521,2.545,3.019,0.0,23.601,9.0,2.306,9.41,31.927,0.0,4.311,15.207,5.852,4.857,10.442,1.435,0.487,10.547,0.401,34.359,4.347,0.42,0.768,1.438,1.0,0.0,13.157,1.427,0.002,5.648,18.879,0.984,0.705,3.166,18.614,17.319,105.0,-999.0,-999.0,
1929,0.017,2.057,0.454,0.266,22.775,6.0,-999.0,0.0,0.0,18.805,16.762,8.878,40.291,6.346,2.073,0.0,26.387,4.0,4.092,14.88,61.416,0.035,9.366,34.448,25.742,4.838,15.683,0.764,3.318,10.835,0.104,67.765,7.658,2.104,3.317,4.747,1.0,0.0,43.874,0.456,0.172,8.516,17.699,0.413,7.672,3.225,42.923,30.303,90.0,-999.0,-999.0,
1930,0.017,2.047,2.321,0.254,22.153,3.0,-999.0,0.0,0.0,18.06,10.683,6.449,19.645,10.176,3.103,0.214,26.416,7.0,4.25,10.8,37.527,0.167,8.701,26.074,16.595,13.838,16.64,1.958,3.551,10.778,0.018,40.374,6.381,3.976,5.088,6.14,2.0,0.0,24.31,1.466,1.13,14.739,18.482,2.652,8.505,4.09,25.083,32.485,115.0,-999.0,-999.0,
1931,0.096,3.324,0.115,0.213,9.43,3.0,-999.0,0.0,0.0,7.782,1.054,0.293,2.482,0.509,0.017,0.0,17.267,3.0,4.43,3.047,10.999,0.0,0.633,10.236,2.505,8.425,16.514,0.352,0.157,9.137,0.022,16.424,0.249,0.008,0.946,0.886,1.0,0.0,8.019,0.17,0.001,10.948,23.031,0.35,1.508,0.864,5.717,25.951,94.0,-999.0,-999.0,
1932,0.001,3.894,0.077,0.609,20.042,1.0,-999.0,0.0,0.0,18.268,5.531,2.06,20.099,5.346,0.267,0.0,11.663,6.0,1.693,5.811,44.632,0.0,3.115,34.889,21.896,16.593,7.736,1.586,1.961,7.419,0.007,57.826,1.763,0.644,2.901,1.618,2.0,0.0,36.815,0.022,0.005,15.561,10.475,0.682,5.276,2.464,24.639,39.172,99.0,-999.0,-999.0,
1933,0.061,4.542,0.629,0.317,14.499,4.0,-999.0,0.0,0.0,8.735,7.051,3.311,14.824,5.165,1.548,0.0,17.869,5.0,5.279,9.927,38.82,0.0,4.568,23.98,9.348,23.514,12.262,3.073,3.869,12.573,0.092,54.454,4.333,2.104,1.814,4.388,5.0,0.0,23.122,0.869,0.955,12.024,19.543,0.406,2.919,2.605,23.182,16.465,121.0,-999.0,-999.0,
1934,0.0,0.415,0.077,0.172,4.892,13.0,-999.0,0.0,0.042,1.127,6.935,4.701,11.846,1.525,1.666,0.0,45.049,15.0,15.397,17.561,34.695,0.0,2.55,10.384,5.829,1.23,34.122,6.999,0.157,28.16,0.12,35.424,9.861,0.008,0.716,14.454,14.0,0.0,18.429,0.012,0.005,1.867,44.565,3.758,0.681,7.704,20.983,11.954,98.0,-999.0,-999.0,
1935,0.017,0.977,0.19,0.285,8.59,10.0,-999.0,0.0,0.0,6.671,7.948,3.958,16.087,2.506,1.966,0.0,41.766,10.0,12.436,12.403,36.494,0.0,3.554,24.851,8.207,4.826,31.238,5.694,0.719,21.284,0.282,46.824,5.052,1.056,1.286,9.123,11.0,0.04,22.262,0.062,0.102,4.909,36.954,4.656,1.955,7.16,22.926,14.675,107.0,-999.0,-999.0,
1936,0.327,0.415,0.566,0.196,15.69,7.0,-999.0,0.0,0.0,11.349,23.248,15.916,38.442,12.168,7.364,0.0,31.523,14.0,9.066,24.592,58.477,0.221,15.161,47.288,33.814,3.197,28.193,5.184,0.487,21.299,0.557,78.818,15.403,1.468,1.599,15.896,6.0,0.125,50.89,2.028,0.049,3.295,34.923,3.889,4.832,11.727,41.001,26.881,106.0,-999.0,-999.0,
1937,0.001,5.671,0.077,0.587,20.55,0.0,-999.0,0.0,0.005,18.216,2.936,0.492,27.649,4.356,0.017,0.0,11.593,3.0,0.237,7.144,58.765,0.003,1.839,42.137,26.431,26.513,3.753,0.407,1.544,7.413,0.068,73.04,0.596,0.008,4.303,0.994,0.0,0.0,48.603,0.074,0.049,22.651,10.872,0.58,7.334,1.412,28.014,27.118,108.0,-999.0,-999.0,
1938,0.001,0.518,0.077,0.172,8.78,2.0,-999.0,0.0,0.0,2.605,2.871,1.009,12.929,1.142,0.221,0.0,26.634,3.0,3.469,8.264,34.209,0.003,0.858,20.426,9.756,1.701,16.91,1.685,0.157,12.611,0.022,48.879,0.746,0.008,0.692,1.341,3.0,0.0,24.093,0.016,0.005,2.248,22.456,0.488,0.681,1.069,18.066,17.241,102.0,-999.0,-999.0,
1939,0.001,1.9,0.077,0.172,12.191,5.0,-999.0,0.0,0.0,3.979,2.152,1.236,11.711,3.454,0.017,0.001,28.859,3.0,3.345,8.54,34.303,0.0,1.538,18.121,11.112,4.063,22.153,1.901,1.611,13.769,0.022,48.007,1.712,0.008,0.78,2.731,3.0,0.0,20.901,0.018,0.005,5.066,24.428,0.206,1.226,0.751,18.343,23.541,132.0,-999.0,-999.0,
1940,1.669,0.521,1.186,0.148,18.634,3.0,-999.0,0.0,0.458,2.728,14.876,10.771,28.015,11.91,6.551,0.001,27.893,10.0,3.653,10.693,47.309,1.7,13.535,28.713,22.657,4.495,24.479,1.544,1.311,18.239,1.225,50.195,8.501,1.88,1.012,4.883,5.0,0.5,35.269,4.698,0.191,4.777,21.098,3.515,0.708,4.296,27.235,23.306,115.0,-999.0,-999.0,
1941,0.061,0.415,0.077,0.148,6.921,2.0,-999.0,0.0,0.0,1.867,2.516,0.347,6.864,0.481,0.017,0.0,15.814,6.0,2.763,6.735,31.938,0.0,0.371,14.212,4.619,1.085,15.702,0.839,0.157,12.502,0.028,42.768,0.31,0.008,0.668,1.626,0.0,0.0,16.83,0.018,0.002,2.653,21.941,0.206,0.756,2.139,16.238,13.275,108.0,-999.0,-999.0,
1942,0.001,1.542,1.279,0.271,17.359,13.0,-999.0,0.0,0.0,10.296,10.39,7.09,18.649,6.569,3.86,0.0,24.452,12.0,12.027,13.362,31.04,0.1,6.655,23.047,14.758,5.113,17.883,6.128,1.049,18.914,0.403,39.285,7.638,1.692,1.435,7.451,11.0,0.0,21.97,2.174,0.002,8.223,25.003,2.968,2.755,9.037,24.525,29.141,100.0,-999.0,-999.0,
1943,0.001,0.521,0.32,0.148,12.372,5.0,-999.0,0.0,0.0,7.673,12.116,7.304,22.913,6.919,0.528,0.0,34.001,12.0,9.16,16.506,51.821,0.0,8.295,31.246,14.818,2.545,24.5,2.963,1.446,20.07,0.082,56.861,7.556,2.104,1.569,6.183,4.0,0.0,35.317,0.016,0.155,3.892,31.038,1.075,2.849,6.203,38.65,17.552,92.0,-999.0,-999.0,
1944,0.001,0.521,0.166,0.148,9.35,4.0,-999.0,0.0,0.0,6.515,5.85,1.723,14.184,1.758,0.134,0.0,29.891,8.0,3.177,8.053,28.406,0.0,2.068,21.203,10.188,8.454,21.182,1.651,0.157,15.722,0.038,42.95,3.392,0.008,0.789,2.604,3.0,0.0,20.549,0.018,0.032,7.044,31.375,0.331,0.923,2.537,21.416,28.75,89.0,-999.0,-999.0,
1945,0.001,1.86,0.166,0.148,11.379,5.0,-999.0,0.0,0.0,5.374,9.733,6.588,18.627,2.873,1.604,0.0,28.344,11.0,7.888,13.052,42.207,0.005,3.717,22.755,10.526,5.486,20.119,2.963,0.817,18.411,0.105,52.467,8.626,0.008,0.869,7.975,13.0,0.0,26.444,0.094,0.006,4.322,26.489,0.331,0.739,2.391,31.132,25.019,106.0,-999.0,-999.0,
1946,0.001,0.953,0.085,0.17,8.205,3.0,-999.0,0.0,0.0,5.155,3.505,1.372,10.556,1.64,0.076,0.0,33.409,3.0,6.712,8.565,38.925,0.0,0.911,15.317,5.235,4.531,21.125,0.623,0.322,13.161,0.021,50.925,2.171,0.008,0.864,2.249,1.0,0.003,18.917,0.016,0.006,4.485,24.032,0.545,0.823,0.709,18.687,12.576,129.0,-999.0,-999.0,
1947,0.001,0.487,0.158,0.181,11.039,1.0,-999.0,0.0,0.0,7.595,4.399,1.518,14.815,4.132,0.865,0.0,24.482,6.0,1.835,9.195,40.987,0.0,2.313,25.722,9.935,5.083,13.99,0.839,1.424,9.144,0.022,49.654,2.019,-999.0,1.189,1.546,0.0,0.0,23.074,0.016,0.26,6.099,22.397,0.621,1.843,2.16,19.433,23.695,92.0,-999.0,-999.0,
1948,0.001,1.054,0.157,0.262,20.63,15.0,-999.0,0.0,0.0,10.652,10.199,7.093,22.18,7.869,7.124,0.0,41.829,14.0,16.465,22.258,52.075,0.317,6.901,32.48,16.711,7.195,29.621,8.672,2.621,24.277,0.056,62.862,13.19,0.008,1.833,13.696,9.0,0.0,32.212,1.183,0.008,7.733,30.433,2.989,1.786,7.556,34.395,36.529,124.0,-999.0,-999.0,
1949,0.001,3.595,0.097,0.906,21.149,2.0,-999.0,0.0,0.0,27.178,4.073,0.922,18.599,4.899,0.234,0.004,11.824,2.0,1.682,6.066,45.808,0.005,2.468,47.208,22.575,28.432,8.133,0.839,2.921,7.521,0.022,69.251,0.443,0.42,3.419,0.42,2.0,0.0,40.858,0.029,0.511,22.454,10.961,0.206,8.059,0.304,20.779,34.195,100.0,-999.0,-999.0,
1950,0.164,0.521,0.159,0.455,15.136,7.0,-999.0,0.0,0.0,15.266,8.453,4.645,27.447,5.194,1.313,0.0,25.338,6.0,8.826,13.035,62.519,0.0,3.272,37.983,21.869,6.775,15.575,1.86,0.564,13.912,0.122,81.021,3.111,0.008,5.075,4.987,5.0,0.0,45.022,0.548,0.005,8.782,21.993,0.456,11.04,1.161,37.039,21.207,120.0,-999.0,-999.0,
1951,0.164,0.372,1.472,0.221,17.704,2.0,-999.0,0.0,0.0,8.947,12.391,8.015,29.681,7.092,2.994,0.143,25.437,7.0,4.656,13.615,57.231,1.167,7.042,41.653,19.552,4.922,12.026,2.042,3.481,13.959,0.118,76.484,7.808,1.692,1.526,3.984,1.0,0.0,42.606,1.227,0.881,7.178,18.453,1.117,2.021,3.518,35.778,32.642,117.0,-999.0,-999.0,
1952,0.001,0.843,0.074,0.27,13.747,2.0,-999.0,0.0,0.0,7.706,1.837,0.57,11.256,2.886,0.017,0.004,14.175,3.0,1.957,5.262,32.043,0.0,0.7,25.294,11.529,6.272,7.431,0.839,1.214,7.869,0.007,44.554,0.491,0.008,1.508,0.5,2.0,0.0,23.143,0.016,0.005,9.677,13.934,0.331,1.66,0.489,15.128,36.844,101.0,-999.0,-999.0,
1953,0.001,0.792,0.077,0.148,7.542,0.0,-999.0,0.0,0.0,1.785,3.192,1.842,8.821,1.177,0.672,0.0,10.874,0.0,0.237,4.834,30.866,0.0,0.916,6.585,4.409,2.173,3.069,0.407,1.609,6.422,0.036,29.628,1.235,0.008,0.716,0.158,0.0,0.0,13.714,0.016,0.005,3.093,8.018,0.331,0.681,0.016,16.451,15.453,112.0,-999.0,-999.0,
1954,0.001,0.54,0.136,0.148,8.958,2.0,-999.0,0.0,0.0,4.102,2.286,0.748,9.562,2.189,1.184,0.0,19.982,3.0,4.573,7.112,27.78,0.0,1.142,21.369,8.351,4.534,11.106,2.986,0.157,12.911,0.05,38.471,1.227,0.008,0.999,1.643,3.0,0.0,19.302,0.016,0.008,2.654,21.029,0.655,1.941,0.948,13.677,21.831,109.0,-999.0,-999.0,
1955,0.001,0.953,0.077,0.189,13.643,3.0,-999.0,0.0,0.0,11.385,6.92,6.563,19.827,2.098,1.845,0.0,27.695,13.0,4.622,10.412,56.403,0.0,2.683,38.652,15.795,12.496,12.982,3.548,0.894,16.894,0.054,75.478,6.054,0.008,1.667,5.478,5.0,0.0,36.932,0.145,0.005,11.167,24.458,1.411,2.466,5.281,29.229,42.831,124.0,-999.0,-999.0,
1956,0.001,0.898,0.077,0.266,14.106,0.0,-999.0,0.0,0.0,10.889,2.429,1.44,14.5,2.771,0.017,0.0,15.883,5.0,1.724,7.736,45.269,0.0,0.982,24.269,10.08,6.974,11.36,0.548,0.157,11.432,0.022,55.383,1.776,0.008,1.821,0.964,0.0,0.0,29.493,0.016,0.005,5.853,14.449,0.58,3.755,1.222,22.1,30.544,126.0,-999.0,-999.0,
1957,0.001,0.415,0.069,0.189,9.723,3.0,-999.0,0.0,0.0,13.59,5.941,3.3,13.813,2.667,0.386,0.0,26.774,6.0,6.307,10.127,41.354,0.0,1.494,28.591,11.265,8.29,14.746,3.624,0.63,13.159,0.151,45.296,3.411,0.008,3.124,3.912,7.0,0.0,24.596,0.016,0.005,4.712,25.459,0.481,6.241,2.594,24.581,28.83,78.0,-999.0,-999.0,
1958,1.156,0.515,0.326,0.148,7.775,4.0,-999.0,0.0,0.042,2.911,12.839,9.011,26.064,2.307,3.583,0.0,35.307,16.0,7.196,17.089,42.372,0.1,5.329,14.237,13.565,1.085,22.588,3.999,0.157,21.951,0.599,45.112,10.532,0.42,0.716,9.152,7.0,0.0,26.375,2.625,0.006,2.525,38.559,1.462,0.681,5.615,30.925,22.452,110.0,-999.0,-999.0,
1959,0.001,0.415,0.386,0.148,12.174,1.0,-999.0,0.0,0.0,4.871,9.352,4.643,22.381,5.359,2.24,0.0,31.764,10.0,5.338,16.28,42.475,0.001,4.186,27.401,14.078,5.496,17.738,1.694,2.009,16.194,0.082,47.794,4.913,1.468,1.089,3.022,1.0,0.0,29.012,0.494,0.246,3.378,27.46,1.435,1.532,3.933,33.012,18.873,123.0,-999.0,-999.0,
1960,0.001,1.209,0.094,0.214,20.058,1.0,-999.0,0.0,0.0,8.381,9.353,7.329,23.876,6.844,4.323,0.004,23.703,17.0,3.421,13.223,44.826,0.0,4.436,26.651,23.549,5.217,17.07,2.832,1.526,17.27,0.241,60.12,7.209,0.42,1.321,5.592,2.0,0.0,39.267,0.84,0.256,6.81,17.452,2.877,1.823,6.314,21.62,26.496,89.0,-999.0,-999.0,
1961,0.001,1.4,0.145,0.164,11.155,9.0,-999.0,0.0,0.0,5.471,10.468,7.395,19.666,4.498,3.157,0.004,31.046,9.0,15.858,13.921,30.899,0.0,5.119,14.101,14.646,4.22,26.877,8.09,1.031,22.442,0.102,43.909,8.018,0.008,0.921,7.495,16.0,0.0,25.756,0.643,0.006,4.407,31.613,2.179,1.206,5.706,22.953,15.92,131.0,-999.0,-999.0,
1962,1.323,1.545,2.482,0.449,21.234,6.0,-999.0,0.0,0.333,10.254,13.669,8.554,26.685,9.759,6.112,0.357,42.856,10.0,13.26,19.476,46.406,1.883,9.06,30.192,22.789,13.219,30.804,2.778,3.128,21.574,0.639,55.207,9.802,1.468,1.886,9.537,5.0,0.083,36.034,4.407,0.242,10.989,33.525,1.95,1.887,7.908,34.165,28.75,86.0,-999.0,-999.0,
1963,1.164,1.493,1.499,0.221,23.646,9.0,-999.0,0.0,0.249,10.175,29.601,25.38,40.668,13.276,9.06,0.0,43.048,18.0,15.385,30.261,53.339,0.517,16.067,29.418,26.758,9.434,29.275,6.674,4.352,24.664,0.404,55.268,21.463,2.928,1.554,16.953,6.0,0.0,41.574,3.555,0.329,10.919,35.071,5.091,2.051,10.557,49.305,19.106,88.0,-999.0,-999.0,
1964,0.327,0.647,0.228,0.148,11.97,1.0,-999.0,0.0,0.0,9.302,3.293,1.886,12.916,2.91,1.485,0.0,22.499,8.0,6.196,8.68,40.766,0.0,2.545,23.721,10.295,6.272,14.894,2.183,0.857,13.654,0.068,56.958,2.253,0.008,1.466,4.231,3.0,0.0,26.474,0.432,0.093,6.631,17.511,1.404,2.4,2.111,18.634,23.778,118.0,-999.0,-999.0,
1965,0.001,0.521,0.135,0.172,12.005,4.0,-999.0,0.0,0.0,3.196,8.351,8.636,21.305,2.091,5.048,0.0,23.924,8.0,8.522,13.423,48.135,0.005,3.979,29.371,16.364,4.931,17.215,3.806,1.104,14.672,0.1,64.188,6.88,0.008,0.742,6.387,9.0,0.0,35.961,0.618,0.005,3.263,22.971,1.867,0.729,5.121,27.736,19.729,107.0,-999.0,-999.0,
1966,1.16,1.542,0.813,0.172,17.624,2.0,-999.0,0.0,0.542,3.899,8.053,6.148,23.864,6.734,3.481,0.0,19.177,8.0,5.309,13.945,53.205,0.505,4.599,28.326,19.302,5.873,13.954,1.716,1.781,14.696,0.442,64.434,6.108,0.644,0.742,6.153,4.0,0.167,37.766,1.785,0.252,5.393,21.604,1.626,0.778,6.47,32.824,23.619,130.0,-999.0,-999.0,
1967,0.017,2.502,0.077,0.148,10.577,4.0,-999.0,0.0,0.0,4.535,6.412,4.467,16.928,1.663,1.586,0.0,32.342,8.0,6.668,14.74,46.45,0.0,1.88,18.64,9.006,2.96,20.188,4.004,1.294,16.845,0.161,55.217,4.231,0.008,1.235,3.525,4.0,0.0,25.713,0.016,0.005,6.265,28.006,2.095,0.762,3.686,27.322,18.562,100.0,-999.0,-999.0,
1968,0.001,4.391,0.166,0.196,14.411,9.0,-999.0,0.0,0.0,6.211,9.225,7.852,20.159,4.639,2.216,0.0,48.121,19.0,14.877,15.11,39.69,0.0,4.564,24.906,13.969,2.791,31.381,4.953,0.609,25.797,0.021,49.472,8.469,0.42,1.633,10.493,10.0,0.0,27.061,0.016,0.005,7.405,37.985,3.211,2.659,7.249,25.488,17.63,102.0,-999.0,-999.0,
1969,0.001,0.415,0.077,0.145,8.024,0.0,-999.0,0.0,0.0,5.822,5.666,4.151,19.74,1.67,0.549,0.0,29.957,6.0,3.624,9.022,43.063,0.0,1.944,33.498,13.205,2.568,14.566,0.407,0.988,13.075,0.021,60.241,3.261,0.008,1.719,2.613,1.0,0.0,32.773,0.145,0.005,2.995,22.516,0.621,3.819,2.844,25.621,18.408,101.0,-999.0,-999.0,
1970,0.658,0.917,0.698,0.23,8.953,3.0,-999.0,0.0,0.208,3.961,13.406,11.874,23.999,2.999,8.479,0.0,39.303,10.0,12.477,16.975,53.294,0.0,7.262,24.343,15.475,5.011,27.907,3.633,1.796,23.002,1.027,64.782,10.795,0.008,0.917,11.12,3.0,0.125,34.835,3.86,0.005,4.215,40.165,3.921,1.014,6.955,34.372,15.375,102.0,-999.0,-999.0,
1971,0.001,2.147,0.216,0.278,11.745,9.0,-999.0,0.0,0.0,5.185,8.767,6.199,20.589,4.644,3.237,0.0,39.273,8.0,13.514,13.613,45.354,0.067,3.617,28.377,12.68,9.062,20.621,2.885,2.771,17.854,0.064,58.244,6.121,0.008,0.948,5.764,8.0,0.0,31.083,0.859,0.199,9.429,28.551,0.995,1.175,2.706,30.077,17.398,111.0,-999.0,-999.0,
1972,0.001,0.415,0.186,0.694,18.03,-999.0,-999.0,0.0,0.0,17.024,11.906,7.418,32.287,7.987,2.064,0.0,43.717,7.0,6.532,18.495,59.113,0.0,5.116,34.772,24.127,10.533,18.048,1.759,1.525,16.671,0.293,68.825,7.959,0.42,5.549,6.004,3.0,0.0,41.133,0.889,0.005,9.966,24.458,1.739,6.03,3.185,40.827,24.784,122.0,-999.0,-999.0,
1973,0.001,0.415,0.166,0.148,13.642,4.0,-999.0,0.0,0.0,6.167,5.366,2.077,15.64,4.063,0.0,0.0,23.849,5.0,4.513,9.252,29.091,0.0,3.714,20.111,12.893,4.424,13.705,0.839,1.286,15.711,0.022,37.007,2.145,1.28,1.076,3.185,0.0,0.0,20.206,0.016,0.245,11.793,23.546,1.476,1.639,1.078,19.695,21.363,107.0,-999.0,-999.0,
1974,0.001,0.898,0.097,0.263,19.538,2.0,-999.0,0.0,0.0,12.229,6.787,3.074,15.43,7.153,0.017,0.0,27.687,1.0,6.18,11.891,32.825,0.0,4.702,17.048,14.054,6.005,13.9,1.704,1.846,13.115,0.028,45.636,3.494,0.008,2.987,1.31,3.0,0.001,21.567,0.016,0.005,7.913,18.631,0.419,4.623,0.549,22.617,23.852,-999.0,-999.0,-999.0,
1975,0.001,1.4,0.097,0.148,14.552,2.0,-999.0,0.0,0.0,6.278,3.623,1.202,16.967,2.252,0.017,0.0,32.307,3.0,6.431,7.832,46.485,0.0,1.4,29.807,12.834,4.347,14.081,0.407,1.708,11.059,0.028,59.016,1.697,0.008,0.84,1.804,1.0,0.0,29.373,0.016,0.005,5.398,22.008,0.746,1.205,1.319,23.657,19.729,124.0,-999.0,-999.0,
1976,0.001,0.753,0.278,0.148,14.44,4.0,-999.0,0.0,0.001,4.226,12.161,5.525,23.277,4.649,1.97,0.0,49.177,10.0,10.218,17.981,49.017,0.0,4.885,18.867,16.01,2.337,22.025,2.43,3.804,21.292,0.137,53.549,8.134,0.008,0.97,8.926,3.0,0.0,30.433,0.375,0.005,5.355,36.132,1.284,0.782,4.183,38.719,19.729,111.0,-999.0,-999.0,
1977,0.83,0.933,1.852,0.506,11.798,5.0,-999.0,0.0,0.458,6.431,28.055,22.55,33.766,8.429,11.501,0.0,39.696,28.0,9.318,23.981,47.261,0.383,16.44,24.636,19.424,3.204,24.749,5.031,2.021,20.696,1.203,55.352,22.756,1.056,1.591,17.317,5.0,0.0,34.852,4.457,0.005,4.522,23.576,6.061,1.756,16.447,43.361,17.317,103.0,-999.0,-999.0,
1978,0.017,2.64,0.232,0.197,17.299,2.0,-999.0,0.0,0.001,8.073,21.791,17.451,41.278,9.382,5.824,0.0,43.474,22.0,7.246,26.366,63.555,0.0,10.712,40.022,33.678,4.048,22.189,3.624,2.028,20.72,0.097,79.4,15.312,0.42,1.646,12.181,8.0,0.0,53.244,0.995,0.112,5.144,33.614,3.342,3.681,11.186,45.694,27.116,95.0,-999.0,-999.0,
1979,0.001,0.977,1.082,0.287,21.478,10.0,-999.0,0.0,0.0,17.107,23.996,19.245,35.812,16.102,4.071,0.0,34.236,16.0,10.675,23.41,51.48,0.0,16.409,37.092,31.718,5.09,21.162,7.386,2.574,21.156,0.185,67.647,14.062,1.244,3.036,14.994,8.0,0.002,44.107,1.111,0.102,9.83,26.123,5.39,7.0,8.882,39.26,24.395,117.0,-999.0,-999.0,
1980,0.001,0.415,0.093,0.164,9.166,5.0,-999.0,0.0,0.0,6.813,9.399,5.382,17.992,5.399,1.848,0.0,42.525,11.0,7.974,16.981,44.347,0.0,3.882,27.704,14.884,2.337,23.647,3.32,0.609,19.948,0.114,52.092,5.515,0.008,1.961,5.677,3.0,0.0,27.11,0.455,0.007,2.462,27.49,1.802,3.278,7.216,32.002,17.941,92.0,-999.0,-999.0,
1981,0.001,0.415,0.268,0.148,7.732,6.0,-999.0,0.0,0.042,2.337,10.747,8.484,17.337,2.747,2.721,0.0,30.426,13.0,11.008,14.184,32.742,0.033,4.871,9.078,9.785,0.915,21.304,5.38,1.089,16.847,0.275,32.016,9.23,0.42,0.716,7.841,11.0,0.0,20.032,0.555,0.005,1.909,20.573,1.869,0.853,10.423,24.17,12.185,71.0,-999.0,-999.0,
1982,1.323,0.666,1.688,0.319,15.26,8.0,-999.0,0.0,0.75,11.527,16.854,11.369,29.057,10.848,3.731,0.0,52.85,7.0,12.944,22.154,48.664,0.85,9.629,31.325,23.366,5.517,27.809,5.509,3.687,20.882,0.709,61.414,10.298,1.244,1.089,6.084,9.0,0.085,35.917,3.441,0.005,7.432,33.585,5.889,2.317,6.854,34.651,28.05,118.0,-999.0,-999.0,
1983,0.658,0.415,1.875,0.181,13.475,4.0,-999.0,0.0,0.377,7.864,11.783,8.281,19.228,11.559,4.107,0.0,26.076,-999.0,10.174,12.095,36.591,0.517,10.597,20.844,17.349,1.939,14.764,2.357,3.49,12.388,0.606,36.753,6.759,1.28,2.015,5.351,2.0,0.0,26.148,2.352,0.382,2.745,19.087,4.08,2.92,6.13,20.661,19.133,87.0,-999.0,-999.0,
1984,0.017,0.415,0.757,0.23,12.811,4.0,-999.0,0.0,0.0,9.855,9.091,6.385,15.872,5.38,4.752,0.0,36.5,12.0,7.667,15.656,37.722,0.0,4.407,22.184,10.61,5.008,15.811,4.647,1.526,15.922,0.036,43.259,8.315,1.692,1.426,9.687,4.0,0.0,23.84,1.689,0.009,9.856,19.998,2.987,2.174,4.999,20.278,13.536,109.0,-999.0,-999.0,
1985,2.206,0.953,1.682,0.195,17.967,3.0,-999.0,0.0,1.354,21.741,20.891,13.602,36.822,10.691,3.46,0.0,41.456,9.0,5.227,18.929,57.624,1.117,11.741,39.065,27.277,9.295,22.352,3.668,2.937,12.791,1.659,62.542,12.764,0.42,2.763,10.06,2.0,0.956,43.289,3.171,0.443,7.559,21.425,2.471,5.26,6.689,40.428,20.505,95.0,-999.0,-999.0,
1986,0.212,0.415,0.094,0.148,8.088,2.0,-999.0,0.0,0.042,3.44,7.752,2.636,15.766,1.508,2.606,0.0,23.032,5.0,3.5,13.139,32.36,0.0,2.668,16.0,9.485,1.23,13.378,0.678,1.948,11.807,0.303,33.392,3.835,0.644,0.716,4.176,1.0,0.0,17.651,0.515,0.058,2.237,21.425,0.803,0.83,2.564,25.016,11.796,96.0,-999.0,-999.0,
1987,0.0,1.059,0.045,0.16,10.858,2.0,-999.0,0.0,0.0,4.992,4.35,2.475,3.373,0.709,0.332,0.0,31.812,4.0,9.705,6.841,11.012,0.0,1.418,8.203,2.547,7.149,18.259,3.213,3.265,16.319,0.173,11.611,2.51,0.008,0.937,5.667,4.0,0.0,5.878,0.015,0.049,5.378,21.485,1.989,1.328,3.12,7.852,13.354,90.0,-999.0,-999.0,
1988,0.0,0.521,0.719,0.254,15.958,3.0,-999.0,0.0,0.0,5.422,12.2,6.002,23.786,6.152,0.528,0.0,42.671,11.0,10.948,15.771,46.683,0.0,6.703,20.97,20.087,6.157,17.325,6.192,1.104,17.194,0.078,48.308,6.941,1.692,1.019,9.721,8.0,0.0,30.771,0.971,0.005,7.369,25.369,3.501,1.314,5.268,34.471,17.941,101.0,-999.0,-999.0,
1989,0.973,0.753,2.163,0.409,23.273,4.0,-999.0,0.0,0.0,12.382,17.996,11.123,26.727,12.038,6.568,0.071,57.911,10.0,5.56,18.758,56.984,1.307,13.657,29.649,24.421,11.532,19.67,1.218,3.766,19.857,0.431,62.514,9.512,4.611,2.637,8.716,7.0,0.0,37.844,3.054,1.138,11.907,35.289,6.472,3.195,8.154,36.206,26.105,99.0,-999.0,-999.0,
1990,0.0,1.687,0.157,0.481,16.7,1.0,-999.0,0.0,0.0,10.854,3.759,1.044,11.234,5.538,0.006,0.0,24.33,1.0,1.957,7.657,26.144,0.0,2.211,21.031,10.898,16.278,5.231,0.623,2.718,4.997,0.009,33.945,0.729,1.656,2.69,1.381,1.0,0.0,17.078,0.016,0.049,9.209,6.987,0.647,3.922,0.654,14.696,15.996,113.0,-999.0,-999.0,
1991,0.001,0.415,0.077,0.164,10.834,2.0,-999.0,0.0,0.0,4.382,4.79,0.874,19.18,1.42,0.017,0.0,30.525,6.0,2.013,8.956,38.736,0.0,1.719,17.884,10.294,4.748,11.65,1.055,0.857,8.594,0.041,41.623,1.275,0.008,0.844,0.922,2.0,0.0,22.254,0.016,0.005,5.419,18.393,0.509,0.854,1.173,25.627,14.129,101.0,-999.0,-999.0,
1992,0.001,0.415,0.057,0.189,8.418,2.0,-999.0,0.0,0.0,4.482,3.149,1.987,5.597,0.406,0.349,0.0,26.814,-999.0,2.091,7.877,21.073,0.0,0.472,11.72,4.092,6.103,12.948,0.623,0.609,12.333,0.021,25.748,2.974,0.008,0.991,0.979,1.0,0.0,10.37,0.022,0.009,4.978,22.337,0.509,0.74,1.241,13.198,13.977,112.0,-999.0,-999.0,
1993,0.001,0.415,0.084,0.323,12.54,1.0,-999.0,0.0,0.0,8.673,5.101,3.48,20.079,3.081,0.124,0.0,43.692,2.0,7.907,13.796,45.16,0.0,2.29,29.636,14.158,9.024,20.21,2.907,0.981,20.925,0.124,49.416,3.949,0.008,2.079,7.407,4.0,0.0,32.031,0.091,0.005,5.204,27.946,0.837,3.129,2.073,24.587,22.141,67.0,-999.0,-999.0,
1994,0.386,0.521,0.385,0.212,8.487,8.0,-999.0,0.0,0.0,3.463,12.605,9.306,26.474,1.798,5.926,0.0,43.264,10.0,18.489,23.401,42.963,0.0,3.792,18.753,14.221,3.197,27.493,6.146,0.857,26.354,0.952,52.095,11.236,0.008,1.021,13.29,12.0,0.0,30.56,1.456,0.006,2.513,34.893,4.002,0.941,8.925,28.583,9.231,106.0,-999.0,-999.0,
1995,0.001,0.415,0.079,0.148,7.501,-999.0,-999.0,0.0,0.0,2.343,7.551,4.496,15.843,2.572,0.0,0.0,30.924,9.0,6.522,11.906,37.5,0.0,2.737,20.274,11.02,2.886,12.189,2.202,0.609,14.673,0.086,47.848,5.141,0.008,0.948,2.267,1.0,0.0,21.185,0.091,0.006,2.456,19.079,1.847,0.914,5.338,25.74,12.884,110.0,-999.0,-999.0,
1996,0.49,0.415,0.672,0.148,18.561,-999.0,-999.0,0.0,0.0,7.052,11.805,6.101,29.675,10.683,2.465,0.0,29.888,8.0,9.525,21.284,56.687,0.001,8.509,42.167,27.278,2.257,19.415,3.958,1.352,17.029,0.738,72.762,8.181,2.104,1.722,10.176,7.0,0.0,45.392,1.909,0.005,2.867,18.108,2.58,4.027,7.424,35.946,24.704,126.0,-999.0,-999.0,
1997,0.001,0.415,0.475,0.164,12.182,2.0,-999.0,0.0,0.0,5.502,11.006,7.027,17.243,4.197,1.418,0.0,24.739,5.0,2.812,9.641,36.527,0.0,8.921,19.706,11.845,1.862,6.513,0.98,1.978,11.509,0.022,43.809,6.199,0.008,0.864,3.425,1.0,0.0,25.896,0.496,0.005,4.258,18.108,1.443,0.838,4.796,20.636,18.875,111.0,-999.0,-999.0,
1998,0.001,0.415,0.077,0.262,11.337,-999.0,-999.0,0.0,0.0,6.432,2.377,0.283,9.929,2.534,0.0,0.0,14.526,1.0,0.819,4.112,23.94,0.0,0.862,17.47,9.136,5.064,5.251,0.407,0.609,5.611,0.036,33.742,0.212,0.008,1.52,0.522,0.0,0.0,18.118,0.016,0.004,4.06,5.483,0.456,1.706,0.488,10.892,14.44,97.0,-999.0,-999.0,
1999,0.001,0.415,0.077,0.148,5.26,-999.0,-999.0,0.0,0.0,1.432,8.089,4.036,12.803,1.162,0.0,0.0,17.619,3.0,4.784,11.153,25.127,0.0,2.571,4.876,5.166,1.862,9.811,0.839,0.609,14.412,0.007,26.702,3.94,0.008,0.742,1.874,1.0,0.0,12.994,0.016,0.005,1.752,18.108,0.206,0.709,1.113,19.178,4.566,127.0,-999.0,-999.0,
2000,0.001,0.415,0.097,0.148,7.585,-999.0,-999.0,0.0,0.0,2.084,12.945,8.163,22.89,2.295,0.279,0.0,24.591,5.0,9.959,14.823,39.303,0.0,4.307,18.467,12.015,1.467,14.654,2.159,0.609,18.826,0.31,46.538,10.589,0.008,0.88,4.304,0.0,0.0,24.68,0.173,0.005,1.661,31.672,0.844,0.905,6.552,27.749,6.43,69.0,-999.0,-999.0,
2001,0.001,0.305,0.241,0.148,7.917,-999.0,-999.0,0.0,0.0,2.683,4.397,1.05,15.068,1.504,0.162,0.0,29.827,1.0,3.256,5.476,30.211,0.0,2.556,15.002,7.387,2.802,7.625,0.623,1.475,6.054,0.077,34.879,0.925,0.008,0.963,0.158,0.0,0.0,22.03,0.04,0.005,3.719,18.661,0.456,0.729,0.244,17.269,7.832,89.0,-999.0,-999.0,
2002,0.001,0.666,0.097,0.196,11.792,-999.0,-999.0,0.0,0.001,2.944,1.934,0.386,6.19,1.662,0.017,0.0,8.923,3.0,0.237,4.756,19.452,0.004,1.226,21.449,5.932,3.752,3.178,0.407,1.104,7.429,0.022,36.489,0.324,0.008,0.936,0.158,0.0,0.0,14.914,0.09,0.005,4.159,12.2,0.8,0.654,1.173,9.117,14.364,80.0,-999.0,-999.0,
2003,0.001,0.415,0.211,0.148,7.476,7.0,-999.0,0.0,0.001,1.905,6.821,3.948,18.541,2.492,2.136,0.0,38.008,6.0,15.696,15.786,42.615,0.055,3.464,19.034,9.556,0.915,25.832,3.695,0.857,21.702,0.169,55.693,5.21,0.008,0.786,5.411,5.0,0.0,24.09,0.487,0.005,2.038,42.226,1.411,0.871,3.258,29.637,6.819,97.0,-999.0,-999.0,
2004,0.001,0.415,0.205,0.172,12.458,9.0,-999.0,0.0,0.0,3.694,7.853,5.488,19.67,4.576,0.721,0.0,30.236,11.0,12.481,16.167,33.006,0.001,2.608,13.867,15.488,4.06,17.2,2.107,0.907,21.209,0.022,39.12,7.004,0.008,1.098,7.229,7.0,0.0,22.544,0.21,0.096,4.583,37.251,0.87,1.925,5.194,26.493,8.764,103.0,-999.0,-999.0,
2005,0.0,0.54,0.063,0.143,8.897,6.0,-999.0,0.0,0.0,5.496,5.702,2.371,16.566,3.669,0.017,0.0,29.738,-999.0,11.488,11.056,31.127,0.001,1.228,21.772,14.232,2.886,17.777,3.104,1.155,18.168,0.054,39.323,4.285,0.008,1.188,4.961,7.0,0.0,23.377,0.012,0.006,2.307,29.73,0.927,1.42,1.583,21.254,9.542,80.0,-999.0,-999.0,
2006,0.001,0.259,0.072,0.143,10.421,0.0,-999.0,0.0,0.0,3.724,2.449,0.351,4.014,1.082,0.017,0.001,4.371,1.0,0.237,3.871,13.907,0.001,0.62,10.799,5.186,3.605,3.737,0.407,1.104,5.237,0.022,19.083,0.366,0.008,1.021,0.158,0.0,0.0,7.328,0.016,0.006,2.891,7.076,0.331,1.019,1.12,6.727,12.886,115.0,-999.0,-999.0,
2007,0.001,0.628,0.044,0.172,17.046,5.0,-999.0,0.0,0.001,5.216,8.068,4.792,20.147,2.403,0.267,0.001,31.054,4.0,2.396,10.771,39.773,0.001,1.692,15.871,16.913,5.635,11.035,0.646,1.228,15.162,0.021,48.38,8.241,0.008,0.935,6.193,0.0,0.0,25.448,0.016,0.003,7.487,29.185,0.428,1.438,5.234,24.612,19.419,103.0,-999.0,-999.0,
2008,0.001,0.628,0.051,0.192,12.002,0.0,-999.0,0.0,0.0,6.752,9.825,3.037,31.162,3.344,0.0,0.0,26.555,5.0,2.858,12.751,51.826,0.025,2.281,24.45,19.818,4.658,8.37,0.908,0.609,9.246,0.025,57.979,2.738,0.008,1.456,0.759,0.0,0.0,37.413,0.016,0.003,4.107,16.54,0.456,3.425,1.044,42.927,16.334,119.0,-999.0,-999.0,
2009,0.001,0.305,0.072,0.271,12.219,3.0,-999.0,0.0,0.0,7.379,7.424,5.269,21.802,2.485,1.005,0.0,33.248,2.0,8.613,15.26,46.131,0.026,1.951,25.237,16.007,7.384,18.517,1.853,1.031,15.107,0.054,61.828,7.59,0.008,1.314,5.394,6.0,0.0,31.151,0.016,0.006,5.679,22.545,2.331,2.26,4.632,32.834,-999.0,110.0,-999.0,-999.0,
2010,0.001,0.412,0.072,0.201,8.164,0.0,-999.0,0.0,0.012,3.045,9.584,2.5,24.307,4.252,0.303,0.0,9.161,5.0,0.237,4.244,40.027,0.001,6.436,20.777,11.469,2.547,4.792,0.407,0.609,6.703,0.082,49.07,2.367,0.008,0.948,2.216,0.0,0.0,28.005,0.061,0.002,3.491,7.621,1.83,1.472,2.601,18.576,9.337,96.0,-999.0,-999.0,
2011,0.001,0.977,0.191,0.22,19.358,2.0,-999.0,0.0,0.012,4.098,6.756,3.011,17.435,9.163,1.521,0.0,23.995,3.0,8.373,9.855,36.816,0.005,5.187,22.635,16.775,3.679,12.587,1.511,5.344,12.301,0.144,48.09,4.116,1.88,1.027,4.516,8.0,0.0,31.591,0.369,0.179,5.661,17.571,0.456,1.393,1.5,17.499,26.131,104.0,-999.0,-999.0,
2012,0.001,0.645,0.077,0.15,8.384,0.0,-999.0,0.0,0.016,1.045,1.086,0.262,7.41,0.927,0.0,0.0,10.017,1.0,0.635,3.083,19.465,0.003,0.281,11.709,7.275,4.312,4.853,0.407,0.857,5.701,0.022,29.609,0.354,0.008,0.752,0.395,0.0,0.0,14.374,0.016,0.01,2.516,6.591,0.152,0.679,0.457,7.964,10.737,119.0,-999.0,-999.0,
2013,0.061,1.286,0.072,0.465,16.602,1.0,-999.0,0.0,0.007,10.988,4.962,0.967,19.517,1.927,0.0,0.001,18.297,2.0,4.435,10.67,48.398,0.0,1.139,16.165,12.191,13.874,10.008,0.407,1.104,10.314,0.022,54.867,0.815,0.008,2.204,0.87,1.0,0.0,27.194,0.016,0.009,14.89,17.085,0.152,1.307,0.795,28.707,20.818,110.0,-999.0,-999.0,
2014,0.697,0.415,0.29,0.143,17.211,2.0,-999.0,0.0,0.007,5.182,20.849,12.884,34.648,8.157,3.569,0.001,39.878,16.0,10.603,29.185,59.77,0.001,8.308,29.004,25.179,1.23,21.219,4.794,1.104,22.121,0.741,60.097,18.023,0.42,1.329,16.764,5.0,0.0,39.046,1.573,0.009,2.789,30.037,5.188,1.272,10.716,45.986,15.06,80.0,-999.0,-999.0,
2015,0.0,0.521,0.072,0.15,8.307,10.0,-999.0,0.0,0.007,3.495,14.637,9.101,24.865,1.432,4.957,0.001,42.118,17.0,19.24,23.741,36.274,0.002,3.357,15.671,14.275,3.73,26.428,6.173,0.733,27.78,0.428,40.361,19.33,0.008,1.103,15.847,14.0,0.0,26.812,0.805,0.007,2.92,37.103,5.104,0.852,12.058,31.194,20.533,82.0,-999.0,-999.0,
2016,0.0,0.628,0.072,0.175,9.328,3.0,-999.0,0.0,0.0,5.182,5.504,2.24,13.734,3.66,0.0,0.0,16.669,6.0,5.891,6.782,25.045,0.003,2.885,14.144,7.69,2.809,8.584,0.839,0.907,10.117,0.035,26.942,2.236,0.832,1.149,2.351,2.0,0.0,16.471,0.016,0.006,4.224,13.022,0.705,2.139,3.606,21.196,7.938,80.0,-999.0,-999.0,
2017,0.0,0.415,0.063,0.17,8.545,0.0,-999.0,0.0,0.0,9.431,6.035,3.741,10.177,2.323,0.011,0.0,20.23,2.0,5.666,7.924,26.497,0.009,1.731,25.159,10.063,2.736,11.161,0.646,1.313,9.996,0.05,38.775,3.321,0.644,1.816,0.583,3.0,0.0,18.617,0.016,0.009,3.481,17.511,0.469,3.515,1.826,17.262,12.497,98.0,-999.0,-999.0,
2018,0.0,0.415,0.478,0.175,10.121,4.0,-999.0,0.0,0.0,2.469,11.951,7.911,19.62,5.202,2.267,0.0,19.102,8.0,6.078,9.883,36.328,0.0,7.472,22.953,14.146,0.339,9.612,3.031,0.733,14.327,0.137,46.545,7.396,0.42,0.896,4.633,4.0,0.002,28.763,0.094,0.002,2.233,19.027,2.45,0.798,7.581,23.452,11.639,74.0,-999.0,-999.0,
2019,0.0,0.884,0.063,0.175,10.569,4.0,-999.0,0.0,0.0,4.792,8.114,4.187,25.451,2.396,0.277,0.0,24.059,4.0,5.613,15.642,48.928,0.0,2.633,33.853,16.22,1.284,14.566,1.553,1.228,15.192,0.021,57.182,4.625,0.008,0.776,4.697,1.0,0.0,36.14,0.0,0.0,2.953,29.155,0.696,1.088,3.25,29.968,18.148,69.0,-999.0,-999.0,
2020,0.0,0.305,0.063,0.16,8.278,0.0,-999.0,0.0,0.0,1.979,2.765,0.677,11.845,0.715,0.011,0.006,10.527,0.0,2.227,4.059,24.471,0.0,1.102,11.196,6.48,0.915,8.727,0.766,0.733,7.612,0.021,27.725,0.54,0.008,0.668,0.495,0.0,0.0,13.953,0.024,0.0,1.993,14.657,0.254,0.757,0.457,11.679,6.479,107.0,-999.0,-999.0,
2021,0.046,0.415,1.571,0.123,9.901,0.0,-999.0,0.0,0.0,1.982,9.668,3.533,16.936,5.954,0.011,0.006,9.05,3.0,1.431,7.002,27.01,0.226,5.314,18.337,13.119,1.072,5.232,0.407,2.268,8.949,0.007,37.195,2.275,3.152,0.668,0.361,0.0,0.0,18.206,0.52,1.102,1.952,13.111,0.504,0.947,0.916,18.849,6.479,116.0,-999.0,-999.0,
