 Year,Northeast,#grids,Southeast,#grids,Midwest,#grids,Northern Great Plains,#grids,Northwest,#grids,Southwest,#grids,Southern Great Plains,#grids,Alaska,#grids,Hawaii,#grids,Puerto Rico,#grids
1950,    11.370,        71,     0.221,       148,    24.725,       151,    42.403,       128,    10.546,        63,     5.309,       142,     1.539,        99,    56.685,        23,     0.000,         4,
1951,    10.900,        70,     0.699,       148,    24.934,       149,    41.982,       129,     7.600,        65,     6.684,       143,     2.536,       100,    59.820,        25,     0.000,         4,
1952,     6.286,        70,     0.010,       151,    10.832,       148,    29.392,       132,     8.740,        64,     8.501,       145,     0.732,       100,    54.942,        26,     0.000,         4,
1953,     4.827,        72,     0.102,       151,    10.822,       150,    12.750,       133,     1.598,        65,     4.128,       146,     0.278,        99,    56.815,        27,     0.000,         4,
1954,     9.600,        72,     0.106,       149,    10.186,       150,    22.062,       133,     3.850,        65,     3.500,       144,     0.603,        98,    61.935,        27,     0.000,         4,
1955,    12.258,        71,     0.236,       149,    21.243,       151,    42.088,       133,     9.213,        66,     8.443,       145,     0.660,       101,    64.741,        27,     0.000,         4,
1956,     8.572,        73,     0.020,       150,    15.733,       151,    30.564,       132,     8.383,        66,     6.546,       143,     0.791,       100,    74.852,        27,     0.000,         4,
1957,    11.659,        73,     0.153,       150,    16.640,       151,    27.812,       133,    10.217,        66,     4.936,       145,     0.721,       101,    42.610,        25,     0.000,         4,
1958,    16.174,        73,     0.681,       150,    21.081,       150,    22.621,       132,     2.747,        66,     3.635,       144,     0.710,       100,    52.267,        25,     0.000,         4,
1959,    13.124,        72,     0.387,       152,    20.114,       149,    29.235,       132,     3.957,        67,     4.381,       146,     1.753,       100,    61.049,        27,     0.000,         4,
1960,    11.938,        72,     0.661,       152,    19.124,       150,    35.487,       133,     7.717,        67,     8.002,       145,     2.032,       101,    46.889,        27,     0.000,         4,
1961,    16.371,        72,     0.515,       152,    16.668,       151,    22.237,       133,     3.755,        67,     6.078,       143,     1.390,        99,    66.000,        27,     0.000,         4,
1962,    18.104,        73,     1.614,       151,    23.455,       151,    33.962,       132,     6.976,        67,     8.198,       146,     3.275,       101,    49.694,        27,     0.000,         4,
1963,    21.430,        73,     1.835,       152,    34.619,       151,    35.119,       132,     6.312,        67,     7.805,       147,     4.507,       100,    48.435,        27,     0.000,         4,
1964,    10.709,        72,     0.258,       152,    14.523,       150,    29.610,       133,     8.824,        66,     8.140,       146,     0.895,       101,    65.811,        26,     0.000,         4,
1965,    13.045,        72,     0.576,       151,    19.885,       150,    33.966,       133,     3.631,        67,     5.513,       146,     0.593,       101,    61.090,        27,     0.000,         4,
1966,    10.961,        72,     0.932,       152,    20.975,       150,    35.755,       133,     4.559,        67,     7.865,       146,     2.401,       101,    68.370,        27,     0.000,         4,
1967,    14.059,        71,     0.272,       151,    19.195,       151,    25.929,       133,     4.149,        67,     5.774,       145,     0.443,       101,    54.759,        27,     0.000,         4,
1968,    19.824,        71,     0.400,       150,    18.906,       151,    27.939,       131,     5.192,        67,     7.009,       145,     1.347,       100,    61.712,        26,     0.000,         4,
1969,     9.846,        73,     0.155,       152,    16.421,       151,    33.078,       131,     6.200,        67,     4.529,       145,     0.474,       101,    55.567,        26,     0.000,         4,
1970,    19.665,        73,     1.523,       151,    24.753,       151,    31.133,       132,     4.031,        67,     4.743,       146,     0.935,       100,    56.860,        25,     0.000,         4,
1971,    15.375,        73,     0.466,       151,    19.623,       150,    30.965,       132,     5.924,        67,     6.876,       145,     1.470,       100,    74.140,        25,     0.000,         4,
1972,    15.767,        73,     0.393,       152,    26.432,       150,    39.153,       133,    11.449,        67,     7.874,       145,     2.425,       100,    68.457,        23,     0.000,         4,
1973,    11.036,        73,     0.135,       152,    12.740,       150,    22.779,       131,     4.861,        67,     7.789,       144,     1.266,        99,    61.302,        24,     0.000,         4,
1974,    10.934,        71,     0.035,       152,    15.442,       150,    22.710,       131,     8.214,        66,     8.238,       143,     2.087,       100,    62.768,        23,     0.000,         4,
1975,    12.077,        72,     0.030,       151,    16.749,       150,    30.690,       131,     5.168,        66,     6.771,       146,     0.579,        99,    68.348,        23,     0.000,         4,
1976,    18.386,        73,     0.362,       152,    23.532,       150,    26.756,       130,     4.592,        66,     6.392,       146,     1.387,       100,    52.606,        26,     0.000,         4,
1977,    17.556,        72,     2.370,       152,    30.452,       151,    30.670,       131,     5.917,        67,     5.086,       147,     2.580,       100,    48.224,        26,     0.000,         4,
1978,    18.105,        70,     0.867,       151,    32.919,       151,    48.155,       129,     6.122,        66,     5.901,       147,     2.865,       101,    38.872,        26,     0.000,         4,
1979,    16.424,        71,     0.969,       151,    29.791,       150,    42.530,       127,    11.631,        67,     8.718,       145,     4.990,        99,    53.130,        27,     0.000,         4,
1980,    16.245,        71,     0.397,       151,    19.961,       149,    28.567,       129,     4.765,        67,     3.068,       144,     1.481,        99,    50.426,        27,     0.000,         4,
1981,    13.858,        70,     0.633,       151,    16.678,       150,    15.492,       129,     1.723,        66,     2.251,       146,     0.900,       100,    35.352,        27,     0.000,         4,
1982,    18.326,        73,     1.474,       152,    26.438,       149,    37.110,       129,     8.314,        67,     6.011,       147,     3.327,        99,    57.824,        27,     0.000,         4,
1983,    11.610,        73,     1.218,       152,    17.519,       148,    24.662,       129,     6.375,        67,     4.100,       147,     3.892,       100,    47.843,        27,     0.000,         4,
1984,    14.103,        72,     0.772,       152,    17.395,       151,    25.011,       130,     8.618,        67,     7.005,       146,     1.628,       100,    53.481,        26,     0.000,         4,
1985,    14.179,        71,     1.593,       152,    28.846,       150,    42.737,       130,    16.308,        67,     7.340,       147,     3.436,       101,    51.154,        26,     0.000,         4,
1986,    10.132,        72,     0.293,       150,    14.959,       149,    18.731,       131,     2.714,        67,     2.992,       145,     0.529,       100,    47.750,        27,     0.000,         4,
1987,    12.077,        72,     0.204,       152,     5.839,       150,    10.232,       131,     4.450,        64,     5.926,       147,     0.345,        98,    43.259,        27,     0.000,         4,
1988,    15.884,        73,     0.459,       149,    21.732,       150,    28.437,       132,     5.517,        66,     7.611,       147,     1.956,       100,    49.194,        27,     0.000,         4,
1989,    20.371,        72,     1.550,       149,    27.906,       150,    36.251,       132,     8.266,        66,     8.520,       145,     4.743,        99,    57.074,        27,     0.000,         4,
1990,     6.776,        72,     0.028,       148,    10.891,       150,    21.108,       133,     7.891,        65,     7.824,       145,     1.881,        98,    58.096,        26,     0.000,         4,
1991,     9.982,        72,     0.027,       150,    15.318,       150,    22.563,       131,     3.883,        65,     5.654,       146,     0.463,       100,    48.856,        26,     0.000,         4,
1992,    11.991,        72,     0.100,       149,     9.115,       150,    13.924,       132,     4.643,        66,     6.363,       146,     0.051,       100,    50.450,        25,     0.000,         4,
1993,    16.456,        73,     0.126,       149,    17.774,       149,    31.699,       133,     8.984,        65,     5.636,       146,     0.837,       100,    37.898,        27,     0.000,         4,
1994,    19.605,        73,     1.051,       146,    22.051,       150,    26.032,       132,     3.681,        66,     3.769,       146,     0.655,        99,    53.093,        27,     0.000,         4,
1995,    10.970,        72,     0.201,       148,    16.783,       150,    23.859,       132,     2.393,        65,     2.431,       145,     0.659,       100,    51.713,        27,     0.000,         4,
1996,    13.366,        73,     0.826,       149,    25.648,       149,    43.167,       133,     5.716,        65,     4.179,       145,     3.190,       101,    65.000,        26,     0.000,         4,
1997,    10.081,        72,     0.353,       150,    16.357,       149,    23.340,       132,     3.688,        65,     5.057,       147,     1.139,       100,    48.513,        25,     0.000,         4,
1998,     5.463,        73,     0.040,       150,     7.834,       149,    19.181,       131,     3.575,        65,     3.815,       145,     0.764,        98,    44.448,        27,     0.000,         4,
1999,     8.925,        73,     0.046,       150,    12.341,       149,    10.792,       131,     1.629,        66,     1.940,       146,     0.270,        98,    62.404,        26,     0.000,         4,
2000,    12.796,        72,     0.161,       151,    19.494,       148,    23.421,       131,     2.062,        64,     2.688,       145,     0.568,        96,    38.390,        25,     0.000,         4,
2001,     7.922,        73,     0.070,       150,    11.021,       150,    18.919,       131,     4.383,        64,     4.579,       145,     0.437,        97,    53.300,        25,     0.000,         4,
2002,     5.636,        73,     0.047,       152,     6.979,       149,    20.662,       130,     4.442,        65,     5.127,       147,     0.585,        98,    35.885,        26,     0.000,         4,
2003,    16.611,        72,     0.308,       150,    18.965,       150,    24.712,       128,     1.664,        65,     2.585,       147,     0.687,        97,    42.435,        27,     0.000,         4,
2004,    14.724,        71,     0.202,       150,    17.098,       149,    20.956,       131,     3.280,        64,     5.221,       146,     1.369,        94,    46.769,        27,     0.000,         4,
2005,    13.645,        71,     0.041,       147,    14.094,       149,    23.335,       129,     4.757,        63,     3.179,       143,     1.205,        95,    43.939,        26,     0.000,         4,
2006,     3.955,        70,     0.007,       150,     5.455,       150,    12.243,       129,     3.817,        63,     3.974,       143,     0.256,        96,    55.247,        27,     0.000,         4,
2007,    13.415,        71,     0.099,       148,    16.615,       148,    24.390,       130,     4.678,        63,     7.180,       144,     0.907,        95,    49.944,        27,     0.000,         4,
2008,     9.298,        72,     0.029,       149,    22.586,       143,    31.543,       130,     6.188,        63,     6.221,       142,     1.120,        98,    56.272,        27,     0.000,         4,
2009,    12.172,        72,     0.262,       147,    19.749,       146,    30.501,       127,     6.239,        61,     5.667,       142,     0.656,        97,    52.898,        27,     0.000,         4,
2010,     4.549,        71,     0.160,       148,    14.683,       146,    25.349,       127,     3.188,        62,     4.474,       144,     1.101,        97,    49.125,        26,     0.000,         4,
2011,     9.834,        70,     0.154,       150,    14.508,       146,    28.886,       127,     4.758,        64,     7.347,       140,     3.008,        93,    50.000,        26,     0.000,         4,
2012,     5.162,        69,     0.000,       148,     6.219,       145,    15.315,       124,     1.652,        65,     3.987,       139,     0.228,        92,    65.603,        26,     0.000,         4,
2013,     8.339,        68,     0.002,       144,    18.498,       142,    26.425,       121,     6.932,        61,    10.181,       135,     0.681,        91,    48.720,        25,     0.000,         4,
2014,    18.023,        69,     0.955,       145,    32.323,       140,    35.703,       118,     3.525,        59,     4.254,       135,     2.562,        87,    36.778,        24,     0.000,         4,
2015,    20.761,        69,     0.659,       141,    21.846,       138,    22.461,       121,     2.835,        59,     3.192,       139,     0.528,        87,    41.203,        23,     0.000,         4,
2016,     7.457,        69,     0.043,       141,    11.488,       139,    16.021,       119,     4.202,        61,     4.553,       137,     1.044,        87,    33.444,        24,     0.000,         4,
2017,     8.690,        68,     0.049,       140,    11.782,       140,    22.572,       117,     5.883,        61,     2.767,       131,     0.826,        82,    47.847,        24,     0.000,         4,
2018,    11.059,        68,     0.454,       141,    17.437,       140,    25.470,       116,     1.386,        59,     2.997,       129,     1.603,        82,    39.682,        22,     0.000,         4,
