 Year,Northeast,#grids,Southeast,#grids,Midwest,#grids,Northern Great Plains,#grids,Northwest,#grids,Southwest,#grids,Southern Great Plains,#grids,Alaska,#grids,Hawaii,#grids,Puerto Rico,#grids
1900,    40.572,        30,     4.094,        80,    45.660,       103,    46.187,        45,     6.833,        20,     3.750,        38,     7.910,        26,  -999.000,         0,  -999.000,         0,
1901,    53.454,        29,     5.922,        86,    50.281,       105,    47.774,        45,    11.492,        20,     8.329,        41,    12.304,        28,  -999.000,         0,  -999.000,         0,
1902,    46.138,        29,     5.032,        90,    49.566,       105,    53.081,        43,    13.160,        26,     8.881,        42,    14.028,        36,  -999.000,         0,  -999.000,         0,
1903,    45.322,        29,     3.413,        94,    52.563,       108,    55.344,        47,    16.500,        23,    12.103,        42,     7.872,        37,  -999.000,         0,  -999.000,         0,
1904,    71.875,        28,     3.742,        93,    60.301,       109,    51.692,        44,     9.380,        25,     6.074,        47,     8.655,        36,  -999.000,         0,  -999.000,         0,
1905,    50.213,        29,     6.935,        93,    51.287,       113,    52.730,        47,    14.038,        26,    10.888,        49,    16.269,        39,    97.000,         1,  -999.000,         0,
1906,    38.565,        31,     2.838,        94,    44.933,       112,    55.521,        47,    14.472,        27,    10.256,        45,     8.327,        38,   135.000,         1,  -999.000,         0,
1907,    40.308,        33,     2.495,        92,    38.514,       111,    48.555,        50,    17.048,        26,     5.667,        45,     7.887,        37,   130.000,         1,  -999.000,         0,
1908,    36.692,        33,     1.475,        93,    36.898,       111,    45.450,        46,    11.110,        25,     7.959,        49,     2.965,        38,   156.000,         1,  -999.000,         0,
1909,    37.672,        34,     4.518,        95,    49.724,       113,    62.034,        47,    18.479,        24,    13.245,        49,    16.240,        40,   140.000,         1,  -999.000,         0,
1910,    40.946,        34,     3.138,        93,    50.236,       111,    53.176,        46,    17.406,        24,     9.796,        49,     7.404,        38,   113.000,         1,  -999.000,         0,
1911,    31.980,        33,     1.912,        93,    37.314,       113,    53.636,        49,    15.279,        26,    11.559,        51,     9.840,        40,   134.000,         1,  -999.000,         0,
1912,    48.631,        33,     5.496,        94,    59.839,       112,    57.054,        49,    11.202,        26,     9.353,        51,    15.358,        41,   132.000,         1,  -999.000,         0,
1913,    28.130,        32,     1.477,        95,    43.073,       112,    55.320,        51,    20.427,        24,    12.833,        51,    15.227,        40,   156.000,         1,  -999.000,         0,
1914,    50.358,        34,     4.698,        95,    52.300,       113,    53.063,        51,    11.840,        25,     8.714,        49,    11.481,        40,   153.000,         1,  -999.000,         0,
1915,    32.686,        34,     1.704,        96,    42.777,       110,    58.085,        50,    13.463,        27,     8.970,        50,     7.177,        41,   151.000,         1,  -999.000,         0,
1916,    52.672,        33,     4.201,        97,    55.081,       109,    67.197,        50,    31.946,        28,    12.710,        50,    16.472,        39,   142.000,         1,  -999.000,         0,
1917,    52.040,        33,     8.831,        95,    57.221,       109,    64.036,        51,    17.089,        28,    11.885,        52,    12.459,        41,   147.000,         1,  -999.000,         0,
1918,    45.833,        31,     7.361,        93,    46.458,       110,    51.238,        51,    14.562,        28,    11.951,        51,    16.979,        40,   156.000,         1,  -999.000,         0,
1919,    33.924,        33,     2.688,        93,    43.876,       109,    61.554,        51,    22.420,        28,    10.230,        50,    12.024,        41,   163.000,         1,  -999.000,         0,
1920,    48.198,        32,     3.296,        95,    53.083,       112,    55.217,        52,    11.583,        27,     8.580,        50,     9.312,        40,   155.000,         1,  -999.000,         0,
1921,    28.922,        32,     0.726,        96,    32.386,       112,    43.929,        52,    14.907,        27,     5.080,        50,     4.405,        37,   146.000,         1,  -999.000,         0,
1922,    38.939,        33,     1.817,        96,    41.817,       114,    59.119,        52,    30.759,        27,    11.060,        50,     9.149,        38,   151.000,         1,  -999.000,         0,
1923,    41.343,        34,     1.393,        94,    37.725,       114,    42.202,        50,    13.833,        27,     9.137,        51,     3.271,        40,   140.000,         1,  -999.000,         0,
1924,    43.475,        34,     4.459,        96,    55.478,       114,    59.872,        52,    21.417,        27,    12.618,        51,    15.175,        38,   161.000,         1,  -999.000,         0,
1925,    31.725,        34,     2.201,        93,    47.934,       111,    48.823,        52,     6.648,        27,     7.127,        51,     9.133,        40,   143.000,         1,  -999.000,         0,
1926,    46.214,        32,     1.957,        97,    51.983,       111,    47.477,        51,    12.454,        27,     6.894,        52,     6.704,        40,   120.000,         1,  -999.000,         0,
1927,    30.500,        33,     2.051,        95,    41.232,       108,    57.946,        52,    17.333,        27,     6.596,        52,     9.185,        40,   168.000,         1,  -999.000,         0,
1928,    31.288,        33,     3.019,        94,    33.584,       110,    38.652,        51,    15.607,        28,     7.356,        52,     3.838,        39,   142.000,         1,  -999.000,         0,
1929,    41.904,        33,     4.345,        96,    58.804,       113,    66.080,        52,    24.652,        28,     9.888,        49,    15.323,        40,   145.000,         1,  -999.000,         0,
1930,    36.955,        33,     3.389,        95,    46.359,       113,    51.522,        52,    29.407,        27,    13.360,        50,    13.404,        41,   152.000,         1,  -999.000,         0,
1931,    24.049,        34,     0.489,        96,    18.581,       114,    34.138,        52,    15.670,        28,     9.288,        52,     2.488,        41,   148.000,         1,  -999.000,         0,
1932,    30.157,        34,     3.487,        96,    44.708,       114,    66.680,        51,    24.231,        27,    15.038,        53,    14.823,        41,   121.000,         1,  -999.000,         0,
1933,    28.701,        34,     1.811,        96,    33.971,       114,    43.421,        51,    14.704,        27,     7.817,        52,     5.071,        41,   160.000,         1,  -999.000,         0,
1934,    45.049,        34,     3.099,        93,    44.594,       115,    38.767,        51,     4.304,        28,     2.170,        53,     5.004,        41,   125.000,         1,  -999.000,         0,
1935,    43.471,        34,     4.989,        96,    47.200,       115,    50.164,        50,    17.062,        28,     4.221,        52,     5.961,        41,   144.000,         1,  -999.000,         0,
1936,    43.333,        34,     5.811,        94,    57.086,       115,    71.646,        51,    21.911,        28,     7.519,        53,    14.115,        39,   140.000,         1,  -999.000,         0,
1937,    28.601,        33,     2.592,        94,    56.052,       115,    73.575,        51,    25.455,        28,    13.837,        52,    16.579,        41,   133.000,         1,  -999.000,         0,
1938,    34.755,        34,     1.489,        95,    39.551,       113,    47.829,        52,    10.795,        28,     5.349,        53,     5.210,        40,   135.000,         1,  -999.000,         0,
1939,    35.853,        34,     0.632,        96,    36.441,       113,    42.916,        52,     8.304,        28,     8.377,        53,     5.217,        40,   165.000,         1,  -999.000,         0,
1940,    49.740,        34,     7.100,        97,    59.628,       115,    66.759,        51,    12.380,        27,     7.885,        52,    18.067,        40,   137.000,         1,  -999.000,         0,
1941,    41.181,        34,     1.229,        96,    43.763,       115,    50.411,        51,     7.705,        28,     5.577,        52,     6.606,        41,   142.000,         1,  -999.000,         0,
1942,    40.157,        34,     4.783,        97,    46.207,       115,    50.772,        52,    16.625,        28,     8.585,        53,     9.994,        41,   145.000,         1,  -999.000,         0,
1943,    43.121,        33,     3.313,        95,    46.297,       115,    46.703,        52,    18.036,        28,     4.490,        52,     7.846,        41,   129.000,         1,  -999.000,         0,
1944,    36.444,        33,     1.892,        95,    41.688,       114,    53.466,        52,    17.446,        28,     8.353,        51,     6.671,        41,   135.000,         1,  -999.000,         0,
1945,    46.131,        33,     3.095,        94,    52.935,       115,    54.252,        52,    13.196,        28,     7.176,        51,     9.339,        41,   146.000,         1,  -999.000,         0,
1946,    31.495,        32,     0.873,        93,    32.267,       112,    37.760,        51,     9.981,        27,     5.452,        52,     2.717,        40,   149.000,         1,  -999.000,         0,
1947,    40.358,        34,     3.046,        95,    49.785,       112,    58.236,        50,    10.955,        28,     8.951,        51,    10.562,        35,   141.000,         1,  -999.000,         0,
1948,    45.505,        33,     5.277,        93,    52.846,       113,    66.947,        48,    17.446,        28,    11.375,        52,    17.398,        40,   167.000,         1,  -999.000,         0,
1949,    25.951,        34,     1.301,        95,    39.436,       111,    64.064,        50,    25.942,        26,    17.260,        52,    13.970,        41,   137.000,         1,  -999.000,         0,
1950,    36.232,        33,     3.192,        96,    57.094,       114,    66.321,        51,    21.393,        28,     7.635,        52,     8.371,        40,   148.000,         1,  -999.000,         0,
1951,    32.559,        34,     4.299,        96,    55.106,       115,    67.822,        52,    18.352,        27,    10.480,        51,    13.033,        40,   155.000,         1,  -999.000,         0,
1952,    25.853,        34,     1.063,        94,    39.795,       114,    60.705,        52,    19.277,        28,    12.500,        51,     8.371,        40,   140.000,         1,  -999.000,         0,
1953,    20.647,        34,     1.093,        96,    34.382,       115,    37.470,        52,     2.920,        28,     5.292,        53,     3.771,        40,   143.000,         1,  -999.000,         0,
1954,    32.181,        34,     1.926,        97,    35.095,       114,    39.558,        52,    10.723,        28,     4.453,        53,     5.596,        39,   149.000,         1,  -999.000,         0,
1955,    45.755,        34,     2.636,        96,    54.607,       113,    74.709,        52,    23.741,        28,    13.255,        51,     9.360,        41,   167.000,         1,  -999.000,         0,
1956,    32.971,        34,     1.309,        95,    44.108,       114,    53.828,        50,    20.366,        28,     8.676,        51,    10.238,        41,   159.000,         1,  -999.000,         0,
1957,    29.338,        34,     1.955,        94,    39.538,       115,    46.413,        51,    19.991,        28,     6.712,        52,     8.528,        41,   136.000,         1,  -999.000,         0,
1958,    47.539,        34,     6.279,        93,    53.078,       113,    52.913,        52,     6.777,        28,     5.422,        51,    15.219,        40,   154.000,         1,  -999.000,         0,
1959,    37.147,        34,     2.596,        96,    47.224,       114,    52.130,        51,    11.491,        28,     4.788,        52,    10.321,        40,   168.000,         1,  -999.000,         0,
1960,    44.221,        34,     5.223,        95,    63.496,       114,    68.971,        52,    20.080,        28,    11.547,        53,    19.100,        40,   156.000,         1,  -999.000,         0,
1961,    37.899,        33,     4.084,        95,    40.997,       115,    46.337,        50,    10.393,        28,     5.750,        52,    10.906,        40,   177.000,         1,  -999.000,         0,
1962,    43.284,        34,     5.467,        97,    53.018,       115,    54.230,        51,    14.411,        28,    10.604,        53,    13.407,        41,   151.000,         1,  -999.000,         0,
1963,    50.716,        34,     8.488,        95,    62.204,       115,    51.075,        51,    15.048,        26,     9.255,        53,    18.348,        41,   163.000,         1,  -999.000,         0,
1964,    33.495,        34,     2.226,        95,    41.340,       115,    50.943,        51,    15.481,        27,     9.906,        53,     6.715,        40,   158.000,         1,  -999.000,         0,
1965,    35.858,        34,     3.106,        96,    46.574,       114,    58.101,        51,    11.884,        28,     8.337,        52,     8.622,        41,   152.000,         1,  -999.000,         0,
1966,    40.485,        34,     5.477,        96,    53.778,       113,    60.401,        52,     8.286,        28,    10.736,        53,    15.185,        40,   158.000,         1,  -999.000,         0,
1967,    37.623,        34,     2.627,        95,    44.908,       115,    48.450,        52,     8.741,        28,     9.708,        53,     6.679,        40,   151.000,         1,  -999.000,         0,
1968,    47.652,        34,     5.556,        95,    49.587,       114,    52.581,        51,    12.179,        28,     9.000,        51,    11.768,        41,   144.000,         1,  -999.000,         0,
1969,    45.098,        34,     2.859,        95,    53.767,       115,    68.454,        52,    20.792,        28,     7.202,        52,     9.530,        41,   133.000,         1,  -999.000,         0,
1970,    49.818,        33,     6.617,        94,    52.456,       114,    56.238,        52,    13.238,        28,     5.913,        52,     8.854,        41,   143.000,         1,  -999.000,         0,
1971,    36.490,        33,     4.633,        95,    50.406,       114,    62.725,        52,    15.054,        28,    11.308,        52,    10.770,        41,   169.000,         1,  -999.000,         0,
1972,    41.076,        33,     3.038,        96,    53.362,       115,    62.526,        51,    21.134,        28,    11.647,        51,    14.325,        40,   164.000,         1,  -999.000,         0,
1973,    29.662,        34,     4.685,        93,    40.772,       113,    48.469,        51,    12.045,        28,    11.080,        50,    11.504,        40,   155.000,         1,  -999.000,         0,
1974,    35.035,        33,     2.241,        94,    41.036,       111,    45.166,        52,    12.152,        28,    11.275,        51,     9.697,        41,   100.000,         1,  -999.000,         0,
1975,    33.955,        33,     1.789,        93,    50.534,       112,    66.168,        50,    16.268,        28,    10.196,        51,     8.833,        40,   145.000,         1,  -999.000,         0,
1976,    43.961,        34,     3.592,        95,    48.328,       112,    45.291,        52,    12.786,        28,     6.637,        51,     7.819,        41,   134.000,         1,  -999.000,         0,
1977,    50.667,        33,     8.948,        94,    59.712,       114,    53.902,        51,    21.286,        28,     5.817,        52,    10.642,        41,   148.000,         1,  -999.000,         0,
1978,    56.966,        34,     9.792,        92,    72.698,       112,    81.926,        50,    18.482,        28,    11.500,        51,    27.321,        40,   133.000,         1,  -999.000,         0,
1979,    40.946,        34,     7.253,        94,    59.610,       113,    64.605,        49,    21.433,        26,    13.510,        51,    20.129,        40,   147.000,         1,  -999.000,         0,
1980,    47.515,        34,     5.579,        94,    53.816,       111,    51.709,        50,    15.536,        28,     6.260,        50,    13.045,        41,   127.000,         1,  -999.000,         0,
1981,    38.490,        33,     4.396,        95,    42.039,       112,    38.092,        52,     9.964,        28,     3.470,        50,     4.919,        41,   118.000,         1,  -999.000,         0,
1982,    40.255,        34,     5.651,        95,    53.152,       112,    60.948,        50,    19.286,        28,     9.578,        51,    14.092,        40,   157.000,         1,  -999.000,         0,
1983,    29.742,        33,     6.163,        94,    49.954,       109,    57.302,        50,    15.464,        28,     7.943,        53,    18.791,        39,   154.000,         1,  -999.000,         0,
1984,    35.631,        33,     3.545,        95,    44.511,       112,    45.551,        50,    18.054,        28,    11.048,        52,     8.776,        39,   133.000,         1,  -999.000,         0,
1985,    48.839,        32,     8.004,        92,    63.722,       112,    67.421,        51,    41.741,        27,    14.356,        52,    20.650,        40,   146.000,         1,  -999.000,         0,
1986,    35.431,        34,     2.805,        89,    43.302,       114,    42.201,        52,    12.679,        28,     4.394,        52,     6.770,        41,   147.000,         1,  -999.000,         0,
1987,    33.333,        34,     1.883,        92,    28.156,       114,    35.837,        52,    12.670,        25,     9.650,        50,     8.055,        41,   128.000,         1,  -999.000,         0,
1988,    39.015,        34,     5.897,        91,    47.867,       113,    51.417,        49,    16.527,        28,    10.382,        51,    10.177,        41,   153.000,         1,  -999.000,         0,
1989,    50.480,        34,     8.993,        93,    57.372,       113,    60.510,        50,    20.009,        28,    12.394,        52,    16.030,        41,   152.000,         1,  -999.000,         0,
1990,    19.093,        34,     1.212,        92,    27.208,       112,    39.188,        51,    15.488,        27,    10.183,        52,     7.774,        41,   147.000,         1,  -999.000,         0,
1991,    28.449,        33,     1.661,        93,    46.433,       112,    47.974,        50,    10.509,        27,     8.510,        51,     9.325,        41,   149.000,         1,  -999.000,         0,
1992,    32.946,        34,     1.286,        95,    35.421,       112,    44.053,        52,    11.135,        26,     9.337,        52,     4.435,        40,   169.000,         1,  -999.000,         0,
1993,    39.727,        33,     2.739,        94,    53.518,       112,    65.098,        52,    26.679,        28,    10.840,        50,    14.400,        41,   144.000,         1,  -999.000,         0,
1994,    43.039,        34,     4.298,        92,    47.402,       112,    56.480,        52,    12.080,        28,     6.667,        51,     8.461,        41,   167.000,         1,  -999.000,         0,
1995,    44.300,        30,     4.531,        94,    58.392,       112,    61.287,        52,    11.429,        28,     4.490,        51,    11.171,        41,   154.000,         1,  -999.000,         0,
1996,    42.129,        31,     7.794,        94,    60.050,       113,    73.434,        51,    16.259,        27,     7.311,        53,    14.445,        41,   164.000,         1,  -999.000,         0,
1997,    32.005,        32,     3.925,        95,    49.506,       113,    59.864,        51,    11.375,        28,    10.029,        52,    11.053,        41,   164.000,         1,  -999.000,         0,
1998,    19.441,        31,     2.082,        95,    31.615,       111,    46.093,        50,    10.036,        28,     5.425,        53,     9.654,        41,   141.000,         1,  -999.000,         0,
1999,    30.371,        31,     2.865,        94,    34.025,       111,    31.410,        51,     7.204,        27,     3.396,        53,     4.402,        40,   164.000,         1,  -999.000,         0,
2000,    43.318,        32,     7.020,        95,    53.940,       108,    57.332,        50,    16.287,        27,     5.108,        51,    11.705,        41,   140.000,         1,  -999.000,         0,
2001,    29.734,        32,     2.398,        94,    41.923,       110,    53.507,        52,    15.037,        27,     9.462,        52,     8.094,        38,   154.000,         1,  -999.000,         0,
2002,    24.406,        32,     2.507,        93,    34.926,       112,    49.082,        52,    11.250,        27,     9.040,        50,     7.427,        41,   135.000,         1,  -999.000,         0,
2003,    50.604,        32,     4.462,        93,    53.655,       111,    55.940,        51,     7.927,        24,     4.910,        50,    10.335,        41,   147.000,         1,  -999.000,         0,
2004,    39.333,        32,     3.855,        93,    42.910,       110,    42.167,        50,    10.667,        27,    10.186,        51,    10.352,        41,   153.000,         1,  -999.000,         0,
2005,    40.938,        32,     2.476,        87,    49.067,       111,    49.308,        49,    17.760,        25,     8.652,        46,    11.600,        39,   146.000,         1,  -999.000,         0,
2006,    21.747,        31,     1.358,        93,    25.463,       112,    36.532,        49,    13.150,        25,     8.592,        49,     5.015,        40,   149.000,         1,  -999.000,         0,
2007,    43.510,        32,     2.849,        89,    55.405,       109,    60.864,        49,    19.337,        26,    13.230,        50,    17.645,        39,   164.000,         1,  -999.000,         0,
2008,    36.451,        34,     2.932,        89,    57.836,       108,    56.176,        47,    18.188,        24,    11.745,        47,    11.748,        37,   167.000,         1,  -999.000,         0,
2009,    43.912,        34,     3.549,        90,    53.526,       107,    62.146,        44,    21.708,        24,    10.935,        46,    10.618,        39,   152.000,         1,  -999.000,         0,
2010,    43.880,        32,     8.502,        89,    61.561,       107,    67.404,        46,    11.660,        25,     8.722,        45,    12.748,        39,   140.000,         1,  -999.000,         0,
2011,    34.042,        32,     4.143,        89,    48.067,       105,    54.759,        47,    14.029,        23,    11.413,        46,    13.252,        39,   151.000,         1,  -999.000,         0,
2012,    20.828,        32,     1.150,        86,    29.976,       105,    39.995,        48,    10.326,        24,     6.750,        44,     5.455,        37,   170.000,         1,  -999.000,         0,
2013,    39.871,        31,     3.233,        81,    59.738,       101,    60.927,        48,    19.591,        22,    17.500,        44,    14.246,        38,   156.000,         1,  -999.000,         0,
2014,    49.408,        29,     7.740,        80,    68.208,       101,    62.958,        48,    20.196,        23,     8.944,        45,    17.892,        37,   147.000,         1,  -999.000,         0,
2015,    47.678,        29,     5.989,        81,    50.256,       100,    47.860,        47,    12.652,        23,     9.524,        42,    13.210,        35,   131.000,         1,  -999.000,         0,
2016,    31.000,        31,     3.989,        82,    43.752,       103,    42.250,        46,    16.146,        24,    10.293,        41,     8.027,        37,   139.000,         1,  -999.000,         0,
2017,    36.224,        29,     3.170,        76,    42.038,       102,    49.885,        48,    24.630,        23,     8.514,        37,     8.086,        35,   152.000,         1,  -999.000,         0,
2018,    38.500,        27,     6.149,        76,    52.164,       100,    60.902,        46,     8.435,        23,     7.688,        40,    13.527,        31,   116.000,         1,  -999.000,         0,
