 Year,Northeast,#grids,Southeast,#grids,Midwest,#grids,Northern Great Plains,#grids,Northwest,#grids,Southwest,#grids,Southern Great Plains,#grids,Alaska,#grids,Hawaii,#grids,Puerto Rico,#grids
1900,     0.033,        30,     0.000,        80,     0.857,       103,     2.250,        45,     0.000,        20,     0.000,        38,     0.000,        26,  -999.000,         0,  -999.000,         0,
1901,     0.230,        29,     0.000,        86,     1.137,       105,     2.739,        45,     0.000,        20,     0.000,        41,     0.000,        28,  -999.000,         0,  -999.000,         0,
1902,     0.121,        29,     0.000,        90,     0.803,       105,     2.877,        43,     0.000,        26,     0.024,        42,     0.000,        36,  -999.000,         0,  -999.000,         0,
1903,     0.138,        29,     0.000,        94,     0.929,       108,     2.505,        47,     0.000,        23,     0.000,        42,     0.000,        37,  -999.000,         0,  -999.000,         0,
1904,     1.101,        28,     0.000,        93,     1.856,       109,     4.698,        44,     0.000,        25,     0.000,        47,     0.000,        36,  -999.000,         0,  -999.000,         0,
1905,     0.103,        29,     0.000,        93,     1.987,       113,     6.247,        47,     0.000,        26,     0.082,        49,     0.500,        39,    37.000,         1,  -999.000,         0,
1906,     0.194,        31,     0.000,        94,     0.174,       112,     1.248,        47,     0.000,        27,     0.022,        45,     0.000,        38,    47.000,         1,  -999.000,         0,
1907,     0.490,        33,     0.000,        92,     1.363,       111,     5.645,        50,     0.038,        26,     0.000,        45,     0.000,        37,    28.000,         1,  -999.000,         0,
1908,     0.207,        33,     0.000,        93,     0.167,       111,     0.388,        46,     0.000,        25,     0.000,        49,     0.000,        38,    35.000,         1,  -999.000,         0,
1909,     0.000,        34,     0.000,        95,     1.298,       113,     7.568,        47,     0.354,        24,     0.082,        49,     0.013,        40,    35.000,         1,  -999.000,         0,
1910,     0.088,        34,     0.000,        93,     0.484,       111,     3.367,        46,     0.042,        24,     0.112,        49,     0.000,        38,    28.000,         1,  -999.000,         0,
1911,     0.030,        33,     0.000,        93,     0.890,       113,     4.385,        49,     0.010,        26,     0.010,        51,     0.013,        40,    50.000,         1,  -999.000,         0,
1912,     0.379,        33,     0.000,        94,     4.929,       112,     5.652,        49,     0.000,        26,     0.029,        51,     0.707,        41,    33.000,         1,  -999.000,         0,
1913,     0.031,        32,     0.000,        95,     0.752,       112,     2.929,        51,     0.000,        24,     0.098,        51,     0.000,        40,    37.000,         1,  -999.000,         0,
1914,     0.819,        34,     0.000,        95,     1.171,       113,     3.783,        51,     0.000,        25,     0.020,        49,     0.000,        40,    27.000,         1,  -999.000,         0,
1915,     0.000,        34,     0.000,        96,     0.582,       110,     1.299,        50,     0.000,        27,     0.020,        50,     0.000,        41,    56.000,         1,  -999.000,         0,
1916,     0.030,        33,     0.000,        97,     2.389,       109,    13.230,        50,     0.036,        28,     0.040,        50,     0.103,        39,    49.000,         1,  -999.000,         0,
1917,     1.020,        33,     0.000,        95,     3.567,       109,     9.184,        51,     0.018,        28,     0.010,        52,     0.012,        41,    76.000,         1,  -999.000,         0,
1918,     0.597,        31,     0.022,        93,     1.806,       110,     5.982,        51,     0.000,        28,     0.069,        51,     0.213,        40,    50.000,         1,  -999.000,         0,
1919,     0.197,        33,     0.000,        93,     1.946,       109,     6.529,        51,     0.250,        28,     0.130,        50,     0.085,        41,    46.000,         1,  -999.000,         0,
1920,     0.135,        32,     0.000,        95,     0.949,       112,     3.191,        52,     0.000,        27,     0.000,        50,     0.000,        40,    48.000,         1,  -999.000,         0,
1921,     0.047,        32,     0.000,        96,     0.133,       112,     1.059,        52,     0.000,        27,     0.000,        50,     0.000,        37,    43.000,         1,  -999.000,         0,
1922,     0.192,        33,     0.000,        96,     0.765,       114,     5.240,        52,     0.037,        27,     0.090,        50,     0.000,        38,    37.000,         1,  -999.000,         0,
1923,     0.000,        34,     0.000,        94,     0.491,       114,     2.751,        50,     0.037,        27,     0.039,        51,     0.000,        40,    48.000,         1,  -999.000,         0,
1924,     0.176,        34,     0.000,        96,     3.283,       114,     6.742,        52,     0.333,        27,     0.167,        51,     0.066,        38,    41.000,         1,  -999.000,         0,
1925,     0.074,        34,     0.000,        93,     0.408,       111,     1.139,        52,     0.000,        27,     0.059,        51,     0.000,        40,    51.000,         1,  -999.000,         0,
1926,     0.000,        32,     0.000,        97,     0.505,       111,     1.257,        51,     0.000,        27,     0.019,        52,     0.013,        40,    26.000,         1,  -999.000,         0,
1927,     0.000,        33,     0.000,        95,     1.178,       108,     5.361,        52,     0.037,        27,     0.000,        52,     0.000,        40,    42.000,         1,  -999.000,         0,
1928,     0.000,        33,     0.000,        94,     0.512,       110,     1.105,        51,     0.000,        28,     0.000,        52,     0.000,        39,     7.000,         1,  -999.000,         0,
1929,     0.061,        33,     0.000,        96,     1.807,       113,     7.235,        52,     0.036,        28,     0.000,        49,     0.000,        40,    29.000,         1,  -999.000,         0,
1930,     0.000,        33,     0.000,        95,     1.246,       113,     4.657,        52,     0.185,        27,     0.080,        50,     0.191,        41,    44.000,         1,  -999.000,         0,
1931,     0.000,        34,     0.000,        96,     0.000,       114,     0.045,        52,     0.000,        28,     0.000,        52,     0.000,        41,    27.000,         1,  -999.000,         0,
1932,     0.000,        34,     0.000,        96,     0.767,       114,     4.654,        51,     0.000,        27,     0.113,        53,     0.000,        41,    40.000,         1,  -999.000,         0,
1933,     0.431,        34,     0.000,        96,     1.775,       114,     4.138,        51,     0.167,        27,     0.231,        52,     0.098,        41,    55.000,         1,  -999.000,         0,
1934,     0.613,        34,     0.000,        93,     0.533,       115,     1.335,        51,     0.000,        28,     0.000,        53,     0.000,        41,    34.000,         1,  -999.000,         0,
1935,     0.044,        34,     0.000,        96,     0.973,       115,     3.660,        50,     0.161,        28,     0.000,        52,     0.000,        41,    43.000,         1,  -999.000,         0,
1936,     0.029,        34,     0.000,        94,     5.181,       115,    15.653,        51,     0.018,        28,     0.000,        53,     0.013,        39,    43.000,         1,  -999.000,         0,
1937,     0.000,        33,     0.000,        94,     0.812,       115,     8.230,        51,     0.214,        28,     0.250,        52,     0.000,        41,    28.000,         1,  -999.000,         0,
1938,     0.029,        34,     0.000,        95,     0.548,       113,     2.197,        52,     0.000,        28,     0.000,        53,     0.000,        40,    45.000,         1,  -999.000,         0,
1939,     0.000,        34,     0.000,        96,     0.241,       113,     3.042,        52,     0.000,        28,     0.000,        53,     0.000,        40,    40.000,         1,  -999.000,         0,
1940,     0.029,        34,     0.000,        97,     0.789,       115,     1.753,        51,     0.000,        27,     0.000,        52,     0.000,        40,    19.000,         1,  -999.000,         0,
1941,     0.000,        34,     0.000,        96,     0.229,       115,     0.944,        51,     0.000,        28,     0.000,        52,     0.000,        41,    47.000,         1,  -999.000,         0,
1942,     0.402,        34,     0.000,        97,     1.524,       115,     2.115,        52,     0.000,        28,     0.047,        53,     0.000,        41,    34.000,         1,  -999.000,         0,
1943,     0.283,        33,     0.000,        95,     1.175,       115,     4.806,        52,     0.107,        28,     0.000,        52,     0.049,        41,    38.000,         1,  -999.000,         0,
1944,     0.000,        33,     0.000,        95,     0.022,       114,     0.354,        52,     0.000,        28,     0.000,        51,     0.000,        41,    21.000,         1,  -999.000,         0,
1945,     0.076,        33,     0.000,        94,     0.600,       115,     1.770,        52,     0.000,        28,     0.000,        51,     0.000,        41,    17.000,         1,  -999.000,         0,
1946,     0.031,        32,     0.000,        93,     0.359,       112,     1.618,        51,     0.000,        27,     0.000,        52,     0.000,        40,    43.000,         1,  -999.000,         0,
1947,     0.000,        34,     0.000,        95,     0.237,       112,     0.685,        50,     0.000,        28,     0.000,        51,     0.000,        35,    34.000,         1,  -999.000,         0,
1948,     0.056,        33,     0.000,        93,     0.937,       113,     2.885,        48,     0.000,        28,     0.000,        52,     0.000,        40,    54.000,         1,  -999.000,         0,
1949,     0.000,        34,     0.000,        95,     0.449,       111,     6.090,        50,     0.038,        26,     0.077,        52,     0.000,        41,    40.000,         1,  -999.000,         0,
1950,     0.071,        33,     0.000,        96,     0.977,       114,     7.587,        51,     0.518,        28,     0.000,        52,     0.000,        40,    49.000,         1,  -999.000,         0,
1951,     0.054,        34,     0.000,        96,     1.661,       115,     6.673,        52,     0.000,        27,     0.078,        51,     0.000,        40,    47.000,         1,  -999.000,         0,
1952,     0.000,        34,     0.000,        94,     0.304,       114,     1.904,        52,     0.000,        28,     0.020,        51,     0.000,        40,    35.000,         1,  -999.000,         0,
1953,     0.000,        34,     0.000,        96,     0.104,       115,     0.372,        52,     0.000,        28,     0.000,        53,     0.000,        40,    41.000,         1,  -999.000,         0,
1954,     0.201,        34,     0.000,        97,     0.666,       114,     3.635,        52,     0.000,        28,     0.019,        53,     0.000,        39,    61.000,         1,  -999.000,         0,
1955,     0.319,        34,     0.000,        96,     0.472,       113,     2.221,        52,     0.000,        28,     0.020,        51,     0.000,        41,    56.000,         1,  -999.000,         0,
1956,     0.000,        34,     0.000,        95,     0.308,       114,     2.613,        50,     0.036,        28,     0.000,        51,     0.000,        41,    89.000,         1,  -999.000,         0,
1957,     0.363,        34,     0.000,        94,     0.438,       115,     2.797,        51,     0.125,        28,     0.038,        52,     0.000,        41,    33.000,         1,  -999.000,         0,
1958,     0.064,        34,     0.000,        93,     0.293,       113,     1.141,        52,     0.000,        28,     0.000,        51,     0.000,        40,    23.000,         1,  -999.000,         0,
1959,     0.113,        34,     0.000,        96,     0.651,       114,     2.806,        51,     0.000,        28,     0.029,        52,     0.000,        40,    46.000,         1,  -999.000,         0,
1960,     0.044,        34,     0.000,        95,     0.251,       114,     0.974,        52,     0.000,        28,     0.000,        53,     0.000,        40,    23.000,         1,  -999.000,         0,
1961,     0.126,        33,     0.000,        95,     0.254,       115,     1.615,        50,     0.000,        28,     0.000,        52,     0.000,        40,    55.000,         1,  -999.000,         0,
1962,     0.309,        34,     0.000,        97,     1.664,       115,     5.021,        51,     0.018,        28,     0.009,        53,     0.000,        41,    36.000,         1,  -999.000,         0,
1963,     0.098,        34,     0.000,        95,     3.207,       115,     6.351,        51,     0.077,        26,     0.170,        53,     0.037,        41,    35.000,         1,  -999.000,         0,
1964,     0.000,        34,     0.000,        95,     0.148,       115,     2.241,        51,     0.148,        27,     0.000,        53,     0.000,        40,    65.000,         1,  -999.000,         0,
1965,     0.348,        34,     0.000,        96,     1.376,       114,     2.908,        51,     0.000,        28,     0.000,        52,     0.000,        41,    53.000,         1,  -999.000,         0,
1966,     0.000,        34,     0.000,        96,     1.685,       113,     4.957,        52,     0.000,        28,     0.038,        53,     0.000,        40,    69.000,         1,  -999.000,         0,
1967,     0.127,        34,     0.000,        95,     0.508,       115,     1.785,        52,     0.000,        28,     0.000,        53,     0.000,        40,    47.000,         1,  -999.000,         0,
1968,     0.902,        34,     0.000,        95,     1.194,       114,     3.910,        51,     0.482,        28,     0.000,        51,     0.000,        41,    48.000,         1,  -999.000,         0,
1969,     0.000,        34,     0.000,        95,     0.702,       115,     5.058,        52,     0.036,        28,     0.038,        52,     0.000,        41,    43.000,         1,  -999.000,         0,
1970,     0.157,        33,     0.000,        94,     2.408,       114,     3.942,        52,     0.000,        28,     0.000,        52,     0.000,        41,    36.000,         1,  -999.000,         0,
1971,     0.212,        33,     0.000,        95,     1.195,       114,     3.679,        52,     0.000,        28,     0.096,        52,     0.000,        41,    62.000,         1,  -999.000,         0,
1972,     0.051,        33,     0.000,        96,     2.102,       115,     7.735,        51,     0.071,        28,     0.049,        51,     0.000,        40,    46.000,         1,  -999.000,         0,
1973,     0.118,        34,     0.000,        93,     0.726,       113,     2.673,        51,     0.000,        28,     0.000,        50,     0.000,        40,    39.000,         1,  -999.000,         0,
1974,     0.136,        33,     0.000,        94,     0.711,       111,     3.180,        52,     0.000,        28,     0.039,        51,     0.000,        41,    29.000,         1,  -999.000,         0,
1975,     0.040,        33,     0.000,        93,     0.324,       112,     1.470,        50,     0.000,        28,     0.020,        51,     0.000,        40,    53.000,         1,  -999.000,         0,
1976,     0.255,        34,     0.000,        95,     0.877,       112,     2.490,        52,     0.000,        28,     0.000,        51,     0.000,        41,    39.000,         1,  -999.000,         0,
1977,     0.192,        33,     0.032,        94,     2.474,       114,     4.422,        51,     0.000,        28,     0.000,        52,     0.000,        41,    33.000,         1,  -999.000,         0,
1978,     0.000,        34,     0.000,        92,     0.714,       112,     5.773,        50,     0.196,        28,     0.010,        51,     0.000,        40,     9.000,         1,  -999.000,         0,
1979,     0.495,        34,     0.000,        94,     1.965,       113,     5.924,        49,     0.096,        26,     0.039,        51,     0.000,        40,    40.000,         1,  -999.000,         0,
1980,     0.157,        34,     0.000,        94,     0.348,       111,     2.557,        50,     0.000,        28,     0.000,        50,     0.000,        41,    39.000,         1,  -999.000,         0,
1981,     0.470,        33,     0.000,        95,     0.282,       112,     1.370,        52,     0.000,        28,     0.000,        50,     0.000,        41,    15.000,         1,  -999.000,         0,
1982,     0.353,        34,     0.024,        95,     2.105,       112,     6.246,        50,     0.000,        28,     0.088,        51,     0.000,        40,    45.000,         1,  -999.000,         0,
1983,     0.217,        33,     0.011,        94,     3.113,       109,     7.102,        50,     0.179,        28,     0.274,        53,     1.175,        39,    29.000,         1,  -999.000,         0,
1984,     0.045,        33,     0.000,        95,     0.852,       112,     2.667,        50,     0.000,        28,     0.087,        52,     0.000,        39,    47.000,         1,  -999.000,         0,
1985,     0.151,        32,     0.068,        92,     1.776,       112,     6.419,        51,     0.000,        27,     0.010,        52,     0.000,        40,    33.000,         1,  -999.000,         0,
1986,     0.025,        34,     0.000,        89,     0.383,       114,     0.894,        52,     0.000,        28,     0.000,        52,     0.000,        41,    25.000,         1,  -999.000,         0,
1987,     0.142,        34,     0.000,        92,     0.173,       114,     0.173,        52,     0.000,        25,     0.000,        50,     0.000,        41,    27.000,         1,  -999.000,         0,
1988,     0.118,        34,     0.000,        91,     1.354,       113,     3.310,        49,     0.000,        28,     0.000,        51,     0.000,        41,    24.000,         1,  -999.000,         0,
1989,     0.240,        34,     0.022,        93,     2.634,       113,     8.594,        50,     0.321,        28,     0.356,        52,     0.528,        41,    42.000,         1,  -999.000,         0,
1990,     0.000,        34,     0.000,        92,     1.096,       112,     5.010,        51,     0.444,        27,     0.433,        52,     0.238,        41,    63.000,         1,  -999.000,         0,
1991,     0.030,        33,     0.000,        93,     0.194,       112,     1.407,        50,     0.000,        27,     0.000,        51,     0.000,        41,    36.000,         1,  -999.000,         0,
1992,     0.044,        34,     0.000,        95,     0.246,       112,     1.955,        52,     0.019,        26,     0.000,        52,     0.000,        40,    43.000,         1,  -999.000,         0,
1993,     0.313,        33,     0.000,        94,     0.486,       112,     2.173,        52,     0.000,        28,     0.000,        50,     0.000,        41,    27.000,         1,  -999.000,         0,
1994,     0.814,        34,     0.033,        92,     3.256,       112,     5.663,        52,     0.000,        28,     0.000,        51,     0.012,        41,    40.000,         1,  -999.000,         0,
1995,     0.267,        30,     0.000,        94,     0.664,       112,     1.256,        52,     0.000,        28,     0.000,        51,     0.000,        41,    49.000,         1,  -999.000,         0,
1996,     0.226,        31,     0.000,        94,     3.129,       113,     9.677,        51,     0.019,        27,     0.009,        53,     0.037,        41,    64.000,         1,  -999.000,         0,
1997,     0.047,        32,     0.000,        95,     0.985,       113,     4.239,        51,     0.000,        28,     0.010,        52,     0.000,        41,    28.000,         1,  -999.000,         0,
1998,     0.000,        31,     0.000,        95,     0.284,       111,     2.423,        50,     0.071,        28,     0.019,        53,     0.000,        41,    38.000,         1,  -999.000,         0,
1999,     0.065,        31,     0.000,        94,     0.597,       111,     1.647,        51,     0.000,        27,     0.000,        53,     0.000,        40,    57.000,         1,  -999.000,         0,
2000,     0.219,        32,     0.000,        95,     0.540,       108,     2.410,        50,     0.000,        27,     0.000,        51,     0.000,        41,    19.000,         1,  -999.000,         0,
2001,     0.000,        32,     0.000,        94,     0.095,       110,     0.599,        52,     0.000,        27,     0.000,        52,     0.000,        38,    21.000,         1,  -999.000,         0,
2002,     0.000,        32,     0.000,        93,     0.000,       112,     0.240,        52,     0.000,        27,     0.000,        50,     0.000,        41,     8.000,         1,  -999.000,         0,
2003,     0.344,        32,     0.000,        93,     0.189,       111,     1.709,        51,     0.000,        24,     0.000,        50,     0.000,        41,    25.000,         1,  -999.000,         0,
2004,     1.047,        32,     0.000,        93,     1.022,       110,     3.302,        50,     0.000,        27,     0.020,        51,     0.024,        41,    26.000,         1,  -999.000,         0,
2005,     0.125,        32,     0.000,        87,     0.537,       111,     2.260,        49,     0.000,        25,     0.065,        46,     0.000,        39,    35.000,         1,  -999.000,         0,
2006,     0.000,        31,     0.000,        93,     0.129,       112,     0.652,        49,     0.000,        25,     0.020,        49,     0.000,        40,    57.000,         1,  -999.000,         0,
2007,     0.156,        32,     0.000,        89,     0.630,       109,     1.869,        49,     0.000,        26,     0.040,        50,     0.000,        39,    40.000,         1,  -999.000,         0,
2008,     0.000,        34,     0.000,        89,     1.212,       108,     4.590,        47,     0.000,        24,     0.149,        47,     0.000,        37,    40.000,         1,  -999.000,         0,
2009,     0.000,        34,     0.000,        90,     0.800,       107,     4.299,        44,     0.000,        24,     0.000,        46,     0.000,        39,    42.000,         1,  -999.000,         0,
2010,     0.031,        32,     0.000,        89,     0.450,       107,     2.155,        46,     0.000,        25,     0.000,        45,     0.000,        39,    51.000,         1,  -999.000,         0,
2011,     0.062,        32,     0.000,        89,     0.244,       105,     2.785,        47,     0.000,        23,     0.054,        46,     0.000,        39,    37.000,         1,  -999.000,         0,
2012,     0.000,        32,     0.000,        86,     0.084,       105,     0.823,        48,     0.000,        24,     0.000,        44,     0.000,        37,    59.000,         1,  -999.000,         0,
2013,     0.113,        31,     0.000,        81,     1.114,       101,     3.382,        48,     0.000,        22,     0.000,        44,     0.000,        38,    30.000,         1,  -999.000,         0,
2014,     0.379,        29,     0.000,        80,     2.058,       101,     3.306,        48,     0.000,        23,     0.067,        45,     0.000,        37,    15.000,         1,  -999.000,         0,
2015,     0.155,        29,     0.000,        81,     0.814,       100,     1.039,        47,     0.000,        23,     0.000,        42,     0.000,        35,    40.000,         1,  -999.000,         0,
2016,     0.194,        31,     0.000,        82,     0.929,       103,     1.649,        46,     0.000,        24,     0.073,        41,     0.000,        37,    21.000,         1,  -999.000,         0,
2017,     0.172,        29,     0.000,        76,     1.105,       102,     2.885,        48,     0.022,        23,     0.054,        37,     0.000,        35,    31.000,         1,  -999.000,         0,
2018,     0.481,        27,     0.000,        76,     0.942,       100,     2.087,        46,     0.000,        23,     0.000,        40,     0.000,        31,    21.000,         1,  -999.000,         0,
