 Year,Northeast,#grids,Southeast,#grids,Midwest,#grids,Northern Great Plains,#grids,Northwest,#grids,Southwest,#grids,Southern Great Plains,#grids,Alaska,#grids,Hawaii,#grids,Puerto Rico,#grids
1950,     2.970,        71,    43.302,       148,     3.191,       151,     0.412,       128,     0.220,        63,    10.048,       142,    47.395,        99,     0.000,        23,    90.750,         4,
1951,     3.274,        70,    54.374,       148,     5.072,       149,     1.098,       129,     0.150,        65,    11.515,       143,    63.230,       100,     0.000,        25,    89.375,         4,
1952,     7.938,        70,    59.058,       151,    12.826,       148,     2.195,       132,     0.344,        64,    11.557,       145,    60.687,       100,     0.000,        26,    67.625,         4,
1953,     5.839,        72,    57.737,       151,    13.424,       150,     3.493,       133,     0.159,        65,    11.015,       146,    63.557,        99,     0.000,        27,    79.750,         4,
1954,     2.833,        72,    58.486,       149,    13.467,       150,     3.402,       133,     0.105,        65,    11.581,       144,    72.763,        98,     0.000,        27,    74.625,         4,
1955,    10.563,        71,    50.998,       149,    15.594,       151,     5.017,       133,     0.307,        66,     9.520,       145,    59.586,       101,     0.000,        27,    64.375,         4,
1956,     2.952,        73,    42.591,       150,     8.062,       151,     1.570,       132,     0.347,        66,     9.893,       143,    59.989,       100,     0.000,        27,    88.875,         4,
1957,     4.927,        73,    50.523,       150,     9.780,       151,     2.551,       133,     0.028,        66,    11.346,       145,    57.449,       101,     0.000,        25,    99.500,         4,
1958,     3.503,        73,    56.166,       150,     6.127,       150,     1.287,       132,     0.592,        66,    13.855,       144,    60.152,       100,     0.000,        25,    99.000,         4,
1959,    10.311,        72,    57.419,       152,    13.233,       149,     2.685,       132,     0.349,        67,    12.258,       146,    55.719,       100,     0.000,        27,    93.375,         4,
1960,     2.743,        72,    48.659,       152,     6.117,       150,     2.339,       133,     0.596,        67,    12.392,       145,    51.939,       101,     0.000,        27,   123.125,         4,
1961,     6.077,        72,    40.335,       152,     6.450,       151,     1.612,       133,     0.994,        67,    11.702,       143,    45.699,        99,     0.000,        27,   135.375,         4,
1962,     2.031,        73,    48.704,       151,     4.928,       151,     0.708,       132,     0.225,        67,     9.553,       146,    56.431,       101,     0.000,        27,   109.000,         4,
1963,     2.849,        73,    43.864,       152,     6.566,       151,     2.853,       132,     0.209,        67,    10.466,       147,    64.712,       100,     0.000,        27,   113.000,         4,
1964,     4.193,        72,    51.606,       152,     9.814,       150,     2.850,       133,     0.170,        66,    10.276,       146,    64.952,       101,     0.000,        26,   117.125,         4,
1965,     3.890,        72,    45.668,       151,     4.966,       150,     0.924,       133,     0.312,        67,     8.267,       146,    55.492,       101,     0.000,        27,   102.000,         4,
1966,     3.985,        72,    44.440,       152,     8.382,       150,     2.953,       133,     0.130,        67,    11.799,       146,    53.359,       101,     0.000,        27,   125.375,         4,
1967,     2.577,        71,    36.407,       151,     3.091,       151,     0.469,       133,     0.470,        67,    12.250,       145,    44.622,       101,     0.000,        27,   127.625,         4,
1968,     6.493,        71,    48.616,       150,    12.402,       151,     2.009,       131,     0.581,        67,     8.756,       145,    49.131,       100,     0.000,        26,   117.875,         4,
1969,     6.315,        73,    50.520,       152,     8.574,       151,     2.065,       131,     0.257,        67,    12.717,       145,    54.456,       101,     0.000,        26,   113.750,         4,
1970,     4.926,        73,    53.862,       151,    10.286,       151,     2.663,       132,     0.408,        67,    12.347,       146,    60.526,       100,     0.000,        25,   142.250,         4,
1971,     4.010,        73,    44.508,       151,     6.560,       150,     1.560,       132,     0.653,        67,    11.765,       145,    50.729,       100,     0.000,        25,   126.875,         4,
1972,     4.930,        73,    40.522,       152,     7.912,       150,     1.419,       133,     0.263,        67,    10.588,       145,    44.914,       100,     0.000,        23,   123.250,         4,
1973,     7.468,        73,    52.497,       152,     9.476,       150,     1.898,       131,     0.383,        67,    10.208,       144,    45.287,        99,     0.000,        24,   122.250,         4,
1974,     3.648,        71,    38.636,       152,     6.659,       150,     2.492,       131,     0.396,        66,    11.728,       143,    44.712,       100,     0.000,        23,   148.250,         4,
1975,     5.141,        72,    48.745,       151,     9.183,       150,     3.175,       131,     0.768,        66,     9.064,       146,    45.719,        99,     0.000,        23,   120.750,         4,
1976,     2.852,        73,    31.320,       152,     5.308,       150,     2.212,       130,     0.136,        66,     8.838,       146,    33.866,       100,     0.000,        26,   139.750,         4,
1977,     7.115,        72,    57.980,       152,    12.178,       151,     2.343,       131,     0.723,        67,    12.467,       147,    62.328,       100,     0.000,        26,   130.500,         4,
1978,     5.558,        70,    53.123,       151,     9.402,       151,     2.218,       129,     0.279,        66,    12.242,       147,    63.576,       101,     0.000,        26,   134.375,         4,
1979,     6.705,        71,    47.758,       151,     6.196,       150,     1.275,       127,     0.371,        67,    10.217,       145,    44.931,        99,     0.000,        27,   118.125,         4,
1980,     6.870,        71,    60.426,       151,    13.581,       149,     2.746,       129,     0.069,        67,    12.022,       144,    71.242,        99,     0.000,        27,   129.750,         4,
1981,     4.339,        70,    53.946,       151,     8.403,       150,     1.738,       129,     0.305,        66,    13.733,       146,    58.217,       100,     0.000,        27,   114.000,         4,
1982,     3.664,        73,    51.732,       152,     6.670,       149,     1.567,       129,     0.301,        67,    10.576,       147,    55.944,        99,     0.000,        27,   123.125,         4,
1983,     6.455,        73,    52.164,       152,    15.762,       148,     4.933,       129,     0.192,        67,    11.647,       147,    55.159,       100,     0.000,        27,   110.125,         4,
1984,     5.122,        72,    41.879,       152,     6.754,       151,     1.662,       130,     0.214,        67,    13.367,       146,    51.718,       100,     0.000,        26,   144.750,         4,
1985,     4.670,        71,    49.938,       152,     6.240,       150,     1.247,       130,     0.506,        67,    10.780,       147,    56.006,       101,     0.000,        26,    96.750,         4,
1986,     5.554,        72,    61.328,       150,    10.314,       149,     1.959,       131,     0.344,        67,    10.583,       145,    62.548,       100,     0.000,        27,   135.125,         4,
1987,     7.672,        72,    55.761,       152,    13.060,       150,     3.191,       131,     0.232,        64,     9.852,       147,    50.063,        98,     0.037,        27,   121.000,         4,
1988,     9.549,        73,    54.397,       149,    16.173,       150,     5.152,       132,     0.314,        66,    12.210,       147,    53.198,       100,     0.000,        27,   138.875,         4,
1989,     5.942,        72,    54.201,       149,     8.193,       150,     2.556,       132,     0.148,        66,    11.076,       145,    51.058,        99,     0.000,        27,   113.000,         4,
1990,     4.264,        72,    55.171,       148,     9.141,       150,     2.525,       133,     0.634,        65,    12.874,       145,    64.002,        98,     0.038,        26,   145.125,         4,
1991,     7.133,        72,    66.905,       150,    13.722,       150,     3.169,       131,     0.312,        65,    10.611,       146,    59.226,       100,     0.000,        26,   124.750,         4,
1992,     2.610,        72,    44.618,       149,     3.777,       150,     0.305,       132,     0.714,        66,    10.905,       146,    41.357,       100,     0.000,        25,   133.750,         4,
1993,     6.966,        73,    59.320,       149,    11.311,       149,     0.935,       133,     0.025,        65,     9.529,       146,    60.626,       100,     0.000,        27,   131.875,         4,
1994,     7.148,        73,    49.905,       146,     7.081,       150,     0.877,       132,     0.595,        66,    14.510,       146,    54.780,        99,     0.000,        27,   149.250,         4,
1995,     9.075,        72,    58.464,       148,    14.618,       150,     3.185,       132,     0.185,        65,    11.481,       145,    55.371,       100,     0.000,        27,   139.000,         4,
1996,     3.217,        73,    49.913,       149,     7.186,       149,     1.458,       133,     0.364,        65,    14.194,       145,    61.547,       101,     0.000,        26,   147.625,         4,
1997,     3.961,        72,    48.572,       150,     7.987,       149,     1.768,       132,     0.224,        65,    12.868,       147,    53.534,       100,     0.000,        25,   127.625,         4,
1998,     6.698,        73,    72.811,       150,    11.311,       149,     2.020,       131,     0.720,        65,    12.629,       145,    76.088,        98,     0.000,        27,   112.750,         4,
1999,    10.285,        73,    57.634,       150,    12.768,       149,     2.872,       131,     0.377,        66,    11.395,       146,    60.471,        98,     0.038,        26,   113.750,         4,
2000,     4.760,        72,    54.197,       151,     9.046,       148,     2.576,       131,     0.320,        64,    14.418,       145,    67.768,        96,     0.000,        25,   127.875,         4,
2001,     6.446,        73,    54.924,       150,    13.599,       150,     4.145,       131,     0.396,        64,    14.466,       145,    62.477,        97,     0.000,        25,   147.750,         4,
2002,    10.161,        73,    64.692,       152,    15.255,       149,     5.170,       130,     0.601,        65,    14.931,       147,    61.087,        98,     0.000,        26,   134.250,         4,
2003,     6.774,        72,    59.404,       150,     7.246,       150,     2.538,       128,     0.673,        65,    16.734,       147,    54.733,        97,     0.000,        27,   144.750,         4,
2004,     5.231,        71,    56.254,       150,     5.505,       149,     1.105,       131,     0.783,        64,    11.839,       146,    46.916,        94,     0.000,        27,   140.750,         4,
2005,    12.569,        71,    66.624,       147,    13.330,       149,     3.448,       129,     0.378,        63,    12.463,       143,    54.302,        95,     0.000,        26,   145.625,         4,
2006,     9.814,        70,    57.899,       150,    13.740,       150,     3.066,       129,     0.974,        63,    15.681,       143,    61.131,        96,     0.000,        27,   134.750,         4,
2007,     6.890,        71,    62.047,       148,    12.252,       148,     4.143,       130,     0.667,        63,    14.666,       144,    57.224,        95,     0.000,        27,   139.375,         4,
2008,     4.744,        72,    54.915,       149,     6.478,       143,     1.134,       130,     0.386,        63,    14.051,       142,    56.427,        98,     0.000,        27,   123.750,         4,
2009,     4.891,        72,    55.069,       147,     5.245,       146,     0.545,       127,     0.627,        61,    14.690,       142,    56.134,        97,     0.000,        27,   112.375,         4,
2010,    12.754,        71,    78.064,       148,    16.391,       146,     2.548,       127,     0.303,        62,    13.625,       144,    72.499,        97,     0.000,        26,   122.000,         4,
2011,    10.307,        70,    66.929,       150,    17.991,       146,     4.470,       127,     0.123,        64,    14.538,       140,    79.547,        93,     0.000,        26,   158.625,         4,
2012,    10.288,        69,    61.981,       148,    15.248,       145,     4.357,       124,     0.448,        65,    16.496,       139,    64.955,        92,     0.000,        26,   150.250,         4,
2013,    11.484,        68,    60.431,       144,    10.328,       142,     2.480,       121,     0.659,        61,    15.982,       135,    63.028,        91,     0.013,        25,   137.125,         4,
2014,     5.514,        69,    57.733,       145,     7.136,       140,     0.863,       118,     0.919,        59,    13.540,       135,    56.671,        87,     0.000,        24,   175.375,         4,
2015,     8.133,        69,    70.765,       141,     9.499,       138,     1.611,       121,     1.725,        59,    16.710,       139,    62.437,        87,     0.000,        23,   209.125,         4,
2016,    13.342,        69,    78.783,       141,    15.040,       139,     3.130,       119,     0.344,        61,    15.197,       137,    68.582,        87,     0.000,        24,   197.000,         4,
2017,     7.402,        68,    67.297,       140,     7.536,       140,     2.087,       117,     0.638,        61,    16.149,       131,    55.277,        82,     0.000,        24,   171.875,         4,
2018,    14.155,        68,    83.595,       141,    14.355,       140,     2.544,       116,     0.809,        59,    18.826,       129,    73.211,        82,     0.000,        22,   215.000,         4,
